Polling for available serial device...
Opening serial monitor for com port: "/dev/ttyACM0"
Serial monitor opened successfully:
630528,802,788,109
630538,794,788,108
630548,802,788,109
630558,796,788,110
630568,800,789,108
630579,802,789,109
630589,794,789,109
630599,803,789,109
630609,799,789,110
630619,799,789,108
630629,803,790,108
630640,795,790,107
630650,802,790,107
630660,801,790,108
630670,795,790,106
630680,803,790,106
630691,795,791,105
630701,800,791,104
630711,802,791,105
630721,796,791,104
630731,803,791,104
630742,798,791,103
630752,800,792,101
630762,804,792,102
630772,795,792,101
630782,802,792,100
630793,800,792,100
630803,798,792,99
630813,803,793,98
630823,794,793,98
630833,801,793,97
630844,800,793,97
630854,798,793,95
630864,803,793,96
630874,796,793,95
630884,800,793,94
630894,804,794,93
630905,794,794,91
630915,803,794,90
630925,796,794,90
630935,799,794,87
630945,803,794,87
630956,795,795,84
630966,804,795,83
630976,799,795,82
630986,798,795,78
630996,804,795,77
631007,792,795,75
631017,802,796,72
631027,801,796,71
631037,797,796,68
631047,805,796,67
631058,796,796,66
631068,801,796,63
631078,803,797,61
631088,793,797,57
631098,803,797,55
631108,797,797,53
631119,801,797,49
631129,803,797,47
631139,795,798,43
631149,802,798,39
631159,799,798,38
631170,798,798,35
631180,803,798,33
631190,795,798,31
631200,801,798,27
631210,801,799,24
631221,798,799,20
631231,805,799,16
631241,798,799,14
RIM
631261,731,701,73
631271,718,701,75
631282,720,701,77
631292,718,701,79
631302,719,702,78
631312,722,702,80
631322,718,702,81
631333,721,703,81
631343,720,703,82
631353,716,703,80
631363,719,703,81
631373,717,703,82
631384,721,704,82
631394,721,704,82
631404,718,704,78
631414,721,705,77
631424,715,705,77
631434,718,705,76
631445,719,705,76
631455,716,705,76
631465,721,706,76
631475,719,706,76
631485,719,706,75
631496,721,706,76
631506,715,707,74
631516,720,707,74
631526,718,707,74
631536,717,707,73
631547,722,707,73
631557,717,708,73
631567,719,708,72
631577,720,708,72
631587,715,708,71
631598,721,708,71
631608,720,709,70
631618,721,709,69
631628,721,709,69
631638,716,709,67
631648,720,709,66
631659,717,710,64
631669,717,710,62
631679,721,710,60
631689,719,710,59
631699,721,710,58
631710,719,711,56
631720,718,711,53
631730,719,711,52
631740,716,711,51
631750,720,711,50
631761,724,712,49
631771,717,712,46
631781,721,712,45
631791,718,712,45
631801,718,712,45
631811,719,712,45
631822,715,712,45
631832,719,712,45
631842,719,713,45
631852,720,713,45
631862,722,713,45
631873,717,713,45
631883,721,713,46
631893,718,713,46
631903,717,713,46
631913,720,713,47
631924,719,713,47
631934,720,713,47
631944,720,713,48
631954,716,713,48
631964,719,713,48
631974,716,713,48
631985,717,713,48
631995,720,713,49
632005,717,713,48
632015,721,714,48
632025,719,714,48
632036,718,714,48
632046,719,714,48
632056,716,714,47
632066,720,714,47
632076,721,714,47
632087,719,714,47
632097,722,714,47
632107,715,714,47
632117,717,714,47
632127,720,714,47
632137,716,715,45
632148,723,715,45
632158,720,715,45
632168,719,715,44
632178,720,715,44
632188,715,715,43
632199,718,715,42
632209,717,715,42
632219,719,715,41
632229,722,716,40
632239,717,716,39
632250,721,716,38
632260,718,716,37
632270,716,716,36
632280,719,716,35
632290,719,716,35
632300,721,716,34
632311,721,716,33
632321,718,717,31
632331,719,717,29
632341,716,717,28
632351,719,717,26
632362,720,717,25
632372,717,717,23
632382,722,717,21
632392,719,717,20
632402,718,718,18
632413,719,718,16
632423,715,718,14
632433,720,718,12
632443,720,718,11
632453,718,718,9
632464,721,718,7
632474,717,718,5
OSM
632495,812,804,16
632505,806,804,15
632515,810,804,15
632525,809,804,15
632536,808,804,14
632546,809,804,14
632556,805,804,14
632566,814,805,14
632576,808,805,13
632586,809,805,13
632597,810,805,13
632607,807,805,12
632617,810,805,13
632627,808,805,12
632637,806,805,12
632648,808,805,11
632658,811,805,12
632668,810,805,12
632678,811,805,12
632688,808,806,10
632699,808,806,10
632709,806,806,10
632719,807,806,10
632729,808,806,10
632739,814,806,10
632749,812,806,10
632760,809,806,9
632770,809,806,9
632780,810,806,9
632790,806,806,9
632800,809,806,9
632811,810,806,9
632821,811,806,9
632831,808,806,9
632841,806,807,7
632851,807,807,6
632862,809,807,6
632872,810,807,6
632882,811,807,6
632892,808,807,6
632902,806,807,6
632912,809,807,5
632923,807,807,5
632933,809,807,5
632943,812,807,5
632953,808,807,5
632963,807,807,5
632974,808,807,5
632984,808,807,5
632994,810,807,5
633004,808,807,4
633014,809,807,4
633024,808,807,4
633035,809,808,3
633045,808,808,3
633055,806,808,3
633065,810,808,3
633075,810,808,3
633086,809,808,3
633096,809,808,3
633106,805,808,3
633116,808,808,3
633126,809,808,3
633137,809,808,3
633147,810,808,3
633157,807,808,3
633167,808,808,3
633177,808,808,3
633187,808,808,3
633198,811,808,3
633208,808,808,2
633218,809,808,2
633228,808,808,2
633238,807,808,2
633249,811,808,3
633259,815,808,3
633269,808,808,3
633279,807,808,3
633289,806,808,3
633299,809,808,3
633310,809,808,3
633320,808,808,3
633330,811,808,3
633340,811,808,3
633350,810,808,3
633361,808,808,3
633371,809,808,3
633381,812,808,3
633391,808,808,3
633401,808,808,3
633412,807,808,3
633422,806,808,3
633432,809,808,3
633442,809,808,3
633452,808,808,3
633462,809,808,3
633473,806,808,3
633483,808,808,3
633493,807,808,3
633503,809,808,3
633513,810,808,3
633524,807,808,3
633534,807,808,3
633544,809,808,3
633554,807,808,3
633564,810,808,3
633574,809,808,3
633585,809,808,3
633595,808,808,3
633605,806,808,3
633615,809,808,3
633625,806,808,3
633636,809,808,3
633646,810,808,3
633656,807,808,3
633666,808,808,3
633676,808,808,3
633687,808,808,3
633697,814,808,3
633707,807,808,3
SIM
633727,818,799,14
633737,801,799,14
633748,806,799,14
633758,798,799,14
633768,801,799,14
633778,803,799,14
633788,795,799,14
633799,803,799,14
633809,797,799,14
633819,800,799,14
633829,804,799,14
633839,796,799,14
633849,803,799,14
633860,798,799,14
633870,798,799,14
633880,804,799,15
633890,795,799,15
633900,801,799,15
633911,799,799,14
633921,798,799,14
633931,806,799,15
633941,797,799,15
633951,801,799,15
633962,803,799,15
633972,795,799,15
633982,803,799,15
633992,796,799,15
634002,800,799,15
634013,802,799,15
634023,795,799,15
634033,803,799,15
634043,800,799,15
634053,799,799,15
634064,803,799,14
634074,795,799,15
634084,801,799,15
634094,800,799,14
634104,796,799,14
634114,804,799,14
634125,795,799,14
634135,801,799,14
634145,803,799,14
634155,797,799,14
634165,803,799,14
634176,795,799,14
634186,799,799,14
634196,802,799,14
634206,794,799,14
634216,803,799,14
634227,800,799,14
634237,800,799,14
634247,805,799,14
634257,793,799,14
634267,801,799,14
634278,801,799,14
634288,796,799,14
634298,803,799,14
634308,797,799,14
634318,801,799,14
634328,803,799,14
634339,796,799,14
634349,803,799,14
634359,797,799,14
634369,799,799,14
634379,804,799,14
634390,795,799,14
634400,803,799,14
634410,801,799,14
634420,799,799,14
634430,803,799,14
634441,795,799,14
634451,800,799,14
634461,800,799,14
634471,796,799,14
634481,804,799,14
634491,796,799,14
634502,801,799,14
634512,803,799,14
634522,794,799,14
634532,801,799,14
634542,795,799,14
634553,801,799,14
634563,802,799,14
634573,795,799,14
634583,802,799,14
634593,800,799,14
634604,798,799,14
634614,802,799,14
634624,794,799,14
634634,802,799,14
634644,801,799,14
634655,795,799,14
634665,804,799,14
634675,796,799,14
634685,801,799,14
634695,804,799,14
634706,795,799,14
634716,804,799,14
634726,796,799,14
634736,799,799,14
634746,802,799,14
634756,796,799,14
634767,802,799,14
634777,800,799,14
634787,798,799,13
634797,805,799,14
634807,794,799,14
634818,800,799,14
634828,801,799,14
634838,796,799,14
634848,804,799,14
634858,796,799,14
634869,801,799,14
634879,803,799,14
634889,794,799,14
634899,801,799,14
634909,795,799,14
634919,799,799,14
634930,802,799,14
634940,796,799,14
RIM
634960,731,718,5
634970,719,718,5
634981,722,718,6
634991,719,718,6
635001,720,718,6
635011,719,718,5
635021,716,718,6
635031,721,718,6
635042,717,718,5
635052,720,718,5
635062,722,718,6
635072,716,718,6
635082,719,718,6
635093,717,718,6
635103,721,718,6
635113,722,718,6
635123,716,718,6
635133,718,718,6
635144,717,718,6
635154,717,718,6
635164,721,718,6
635174,718,718,6
635184,720,718,6
635194,719,718,6
635205,716,718,5
635215,721,718,6
635225,717,718,6
635235,721,718,6
635245,721,718,6
635256,716,718,6
635266,719,718,6
635276,718,718,6
635286,721,718,6
635296,722,718,6
635306,716,718,6
635317,720,718,6
635327,718,718,5
635337,717,718,5
635347,721,718,5
635357,718,718,5
635368,720,718,6
635378,719,718,5
635388,716,718,5
635398,721,718,5
635408,719,718,5
635418,721,718,6
635429,721,718,6
635439,715,718,6
635449,720,718,6
635459,719,718,5
635469,720,718,5
635480,722,718,5
635490,716,718,5
635500,718,718,5
635510,719,718,5
635520,718,718,5
635531,720,718,5
635541,718,718,5
635551,720,718,5
635561,720,718,5
635571,716,718,5
635581,720,718,5
635592,717,718,5
635602,720,718,5
635612,722,718,5
635622,717,718,5
635632,719,718,5
635643,718,718,5
635653,719,718,5
635663,723,718,6
635673,717,718,6
635683,719,719,5
635693,717,718,6
635704,717,718,6
635714,721,718,6
635724,718,718,5
635734,720,718,6
635744,719,718,6
635755,717,719,5
635765,720,719,5
635775,718,718,5
635785,721,718,5
635795,721,718,5
635806,717,719,4
635816,720,719,4
635826,715,718,5
635836,718,719,4
635846,723,719,4
635856,718,718,5
635867,722,719,4
635877,718,718,5
635887,716,719,4
635897,720,719,4
635907,718,719,4
635918,721,719,4
635928,720,719,4
635938,715,719,4
635948,720,719,4
635958,717,718,5
635969,721,719,4
635979,721,719,4
635989,718,719,4
635999,720,719,4
636009,717,719,4
636019,719,719,4
636030,721,719,4
636040,717,719,4
636050,720,719,4
636060,717,719,4
636070,717,719,4
636081,720,719,4
636091,717,718,5
636101,722,719,4
636111,722,719,5
636121,716,719,5
636131,720,719,5
636142,717,719,5
636152,720,719,5
636162,721,719,5
636172,717,719,5
OSM
636193,806,808,3
636203,808,808,3
636213,811,808,3
636223,808,808,3
636234,810,808,3
636244,809,808,3
636254,807,808,3
636264,811,808,3
636274,811,808,3
636284,810,808,3
636295,811,808,3
636305,807,808,3
636315,810,808,3
636325,808,808,3
636335,810,808,3
636346,811,808,3
636356,808,808,3
636366,809,808,3
636376,807,808,3
636386,808,808,3
636396,809,808,3
636407,809,808,3
636417,810,808,3
636427,808,808,3
636437,808,808,3
636447,810,808,3
636458,807,808,3
636468,811,808,3
636478,810,808,3
636488,809,808,3
636498,810,808,3
636509,807,808,3
636519,809,808,3
636529,811,808,3
636539,807,808,3
636549,810,808,3
636559,808,808,3
636570,809,808,3
636580,810,808,3
636590,809,808,3
636600,814,808,3
636610,809,808,3
636621,808,808,3
636631,809,808,3
636641,813,808,3
636651,810,808,3
636661,810,808,3
636671,808,808,3
636682,808,808,3
636692,807,808,3
636702,809,808,3
636712,812,808,3
636722,808,808,3
636733,809,808,3
636743,808,808,3
636753,807,808,3
636763,809,808,3
636773,809,808,3
636784,810,808,3
636794,808,808,3
636804,806,808,3
636814,808,808,3
636824,808,808,3
636834,809,808,3
636845,810,808,3
636855,808,808,3
636865,809,808,3
636875,808,808,3
636885,811,808,3
636896,811,808,3
636906,808,808,3
636916,809,808,3
636926,806,808,3
636936,808,808,3
636946,810,808,3
636957,808,808,3
636967,810,808,3
636977,809,808,3
636987,807,808,3
636997,810,808,3
637008,808,808,3
637018,811,808,3
637028,810,808,3
637038,807,808,3
637048,815,808,3
637058,808,808,3
637069,810,808,3
637079,811,808,3
637089,809,808,3
637099,809,808,3
637109,808,808,3
637120,807,808,3
637130,811,808,3
637140,808,808,3
637150,810,808,3
637160,808,808,3
637171,808,808,3
637181,810,808,3
637191,809,808,3
637201,809,808,3
637211,809,808,3
637221,807,808,3
637232,809,808,3
637242,808,808,3
637252,811,808,3
637262,810,808,3
637272,807,808,3
637283,810,808,3
637293,806,808,3
637303,808,808,3
637313,810,808,3
637323,809,809,2
637333,811,809,2
637344,809,809,2
637354,809,809,2
637364,810,809,2
637374,810,809,2
637384,814,809,2
637395,814,809,2
637405,807,809,2
SIM
637425,812,799,12
637435,802,799,12
637445,804,799,12
637456,798,799,12
637466,803,799,12
637476,796,799,12
637486,800,799,12
637496,802,799,12
637507,793,799,12
637517,802,799,12
637527,799,799,12
637537,800,799,12
637547,804,799,12
637558,796,799,12
637568,804,799,12
637578,802,799,12
637588,796,799,12
637598,804,799,12
637609,796,799,12
637619,800,799,12
637629,802,799,12
637639,797,799,12
637649,805,799,12
637659,796,799,12
637670,801,799,12
637680,802,799,12
637690,795,799,12
637700,803,799,12
637710,802,799,12
637721,798,799,12
637731,804,799,12
637741,796,799,12
637751,800,799,12
637761,800,799,12
637772,796,799,12
637782,803,799,12
637792,795,799,12
637802,802,799,12
637812,804,799,12
637823,797,799,12
637833,804,799,12
637843,798,799,12
637853,801,799,12
637863,803,799,12
637873,794,799,12
637884,804,799,13
637894,799,799,13
637904,799,799,12
637914,804,799,12
637924,794,799,13
637935,802,799,13
637945,801,799,12
637955,795,799,12
637965,803,799,12
637975,795,799,12
637986,801,799,12
637996,802,799,12
638006,796,799,12
638016,804,799,13
638026,798,799,12
638037,800,799,12
638047,803,799,12
638057,794,799,13
638067,802,799,13
638077,799,799,12
638087,798,799,12
638098,806,799,13
638108,796,799,13
638118,803,799,13
638128,801,799,13
638138,796,799,13
638149,803,799,13
638159,797,799,13
638169,800,799,13
638179,803,799,13
638189,797,799,13
638200,804,799,13
638210,798,799,13
638220,800,799,12
638230,803,799,12
638240,794,799,13
638251,802,799,13
638261,798,799,13
638271,799,799,12
638281,804,799,13
638291,796,799,13
638301,801,799,13
638312,802,799,13
638322,798,799,12
638332,803,799,12
638342,794,799,13
638352,799,799,13
638363,802,799,12
638373,795,799,12
638383,803,799,13
638393,798,799,12
638403,799,799,12
638414,804,799,12
638424,795,799,12
638434,802,799,12
638444,798,799,12
638454,798,799,12
638465,803,799,12
638475,795,799,12
638485,802,799,12
638495,801,799,12
638505,795,799,12
638515,803,799,12
638526,794,799,12
638536,799,799,12
638546,802,799,12
638556,795,799,12
638566,804,799,12
638577,797,799,12
638587,799,799,12
638597,803,799,12
638607,795,799,12
638617,802,799,12
638628,798,799,12
638638,796,799,12
RIM
638658,730,719,4
638668,720,719,4
638678,722,719,4
638689,719,719,4
638699,723,719,4
638709,715,719,5
638719,719,719,5
638729,721,719,5
638740,717,719,5
638750,723,719,5
638760,719,719,5
638770,719,719,5
638780,719,719,5
638790,714,719,5
638801,720,719,5
638811,720,719,5
638821,719,719,5
638831,721,719,5
638841,714,719,5
638852,718,719,5
638862,726,719,5
638872,718,719,5
638882,722,719,5
638892,715,719,5
638903,718,719,5
638913,720,719,5
638923,718,719,5
638933,722,719,5
638943,718,719,5
638953,717,719,5
638964,719,719,5
638974,715,719,5
638984,722,719,5
638994,719,719,5
639004,718,719,5
639015,720,719,5
639025,715,719,5
639035,720,719,5
639045,721,719,5
639055,718,719,5
639065,721,719,5
639076,715,719,5
639086,718,719,5
639096,720,719,5
639106,718,719,5
639116,721,719,5
639127,718,719,5
639137,717,719,5
639147,718,719,5
639157,714,718,6
639167,723,719,6
639178,720,718,6
639188,718,719,5
639198,719,719,5
639208,716,718,6
639218,719,719,5
639228,721,719,5
639239,719,719,5
639249,721,719,5
639259,716,718,7
639269,717,719,6
639279,720,719,6
639290,717,719,6
639300,722,719,6
639310,718,718,6
639320,718,718,6
639330,719,718,6
639340,716,718,7
639351,722,719,6
639361,720,718,6
639371,718,718,6
639381,719,718,6
639391,715,718,7
639402,718,718,7
639412,719,718,6
639422,719,718,6
639432,722,718,7
639442,718,718,7
639453,718,718,7
639463,720,718,7
639473,716,718,7
639483,722,718,7
639493,718,718,7
639503,716,718,7
639514,719,718,7
639524,715,718,7
639534,721,718,7
639544,720,718,6
639554,719,718,6
639565,721,718,6
639575,715,718,6
639585,718,718,6
639595,720,718,6
639605,718,718,6
639615,722,718,7
639626,718,718,6
639636,718,718,6
639646,719,718,6
639656,718,718,6
639666,722,718,6
639677,720,718,6
639687,719,718,6
639697,718,718,6
639707,715,718,6
639717,722,718,7
639728,720,718,7
639738,719,718,7
639748,720,718,7
639758,715,718,7
639768,719,718,7
639778,722,718,7
639789,719,718,7
639799,722,718,7
639809,715,718,7
639819,718,718,7
639829,720,718,7
639840,716,718,7
639850,722,718,7
639860,719,718,7
639870,718,718,7
OSM
639891,805,809,2
639901,814,809,3
639911,810,809,3
639921,809,809,3
639931,809,809,3
639942,806,809,3
639952,807,809,3
639962,809,809,3
639972,809,809,3
639982,810,809,3
639993,809,809,3
640003,809,809,2
640013,810,809,2
640023,809,809,2
640033,809,809,2
640044,809,809,2
640054,810,809,2
640064,813,809,3
640074,805,809,3
640084,809,809,3
640094,808,809,3
640105,814,809,3
640115,811,809,3
640125,807,809,3
640135,808,809,3
640145,808,809,3
640156,807,809,3
640166,811,809,3
640176,808,809,3
640186,809,809,3
640196,808,809,3
640207,806,809,3
640217,810,809,3
640227,808,809,3
640237,809,809,3
640247,808,809,3
640257,806,809,3
640268,807,809,3
640278,807,809,3
640288,807,808,4
640298,811,808,4
640308,808,808,4
640319,809,808,4
640329,806,808,4
640339,807,808,4
640349,809,808,4
640359,810,808,4
640369,809,808,4
640380,810,808,4
640390,807,808,4
640400,809,808,4
640410,809,808,4
640420,811,808,4
640431,811,808,4
640441,807,808,4
640451,808,808,4
640461,807,808,4
640471,809,808,4
640482,812,808,4
640492,808,808,4
640502,809,808,4
640512,809,808,4
640522,808,808,4
640532,810,808,4
640543,807,808,4
640553,808,808,4
640563,811,808,4
640573,815,809,3
640583,807,808,4
640594,806,808,4
640604,808,808,4
640614,811,808,4
640624,814,809,3
640634,811,809,3
640645,808,809,3
640655,807,809,3
640665,812,809,4
640675,808,809,4
640685,811,809,4
640695,808,809,4
640706,809,809,4
640716,810,809,4
640726,808,809,4
640736,809,809,3
640746,811,809,3
640757,808,809,3
640767,809,809,3
640777,807,808,4
640787,808,808,4
640797,810,808,4
640807,809,808,4
640818,811,809,3
640828,809,809,3
640838,806,808,4
640848,808,808,4
640858,808,808,4
640869,811,808,4
640879,812,809,3
640889,807,808,4
640899,809,808,4
640909,807,808,4
640920,809,808,4
640930,811,809,3
640940,808,809,3
640950,809,808,4
640960,806,808,4
640970,808,808,4
640981,809,808,4
640991,806,808,4
641001,810,808,4
641011,809,808,4
641021,809,808,4
641032,809,808,4
641042,807,808,4
641052,808,808,4
641062,811,808,4
641072,808,808,4
641082,810,808,4
641093,807,808,4
641103,809,808,4
SIM
641123,814,799,13
641133,806,799,13
641144,796,799,13
641154,802,799,13
641164,805,799,13
641174,795,799,13
641184,802,799,13
641194,796,799,13
641205,797,799,13
641215,803,799,13
641225,795,799,13
641235,803,799,13
641245,801,799,13
641256,798,799,13
641266,804,799,13
641276,796,799,13
641286,800,799,13
641296,802,799,13
641307,794,799,13
641317,804,799,13
641327,796,799,13
641337,800,799,13
641347,804,799,13
641358,797,799,13
641368,802,799,13
641378,798,799,13
641388,798,799,13
641398,802,799,13
641408,795,799,13
641419,803,799,13
641429,801,799,13
641439,797,799,13
641449,803,799,13
641459,795,799,13
641470,800,799,13
641480,802,799,13
641490,795,799,13
641500,804,799,13
641510,796,799,13
641521,800,799,13
641531,804,799,13
641541,795,799,13
641551,803,799,13
641561,796,799,13
641572,799,799,13
641582,803,799,13
641592,794,799,13
641602,804,799,13
641612,801,799,13
641622,797,799,13
641633,802,799,13
641643,795,799,13
641653,800,799,13
641663,802,799,13
641673,796,799,13
641684,803,799,13
641694,796,799,13
641704,801,799,13
641714,804,799,13
641724,795,799,13
641735,803,799,13
641745,799,799,13
641755,797,799,13
641765,802,799,13
641775,794,799,13
641786,803,799,13
641796,801,799,13
641806,797,799,13
641816,803,799,13
641826,794,799,13
641836,799,799,13
641847,802,799,13
641857,796,799,13
641867,804,799,13
641877,797,799,13
641887,801,799,13
641898,804,799,13
641908,795,799,13
641918,803,799,13
641928,798,799,13
641938,797,799,13
641949,803,799,13
641959,795,799,13
641969,803,799,13
641979,801,799,13
641989,796,799,13
642000,804,799,13
642010,795,799,13
642020,800,799,13
642030,802,799,13
642040,796,799,13
642050,806,799,13
642061,798,799,13
642071,801,799,13
642081,803,799,13
642091,795,799,13
642101,802,799,13
642112,800,799,13
642122,798,799,13
642132,804,799,13
642142,793,799,13
642152,801,799,14
642163,800,799,13
642173,797,799,13
642183,804,799,13
642193,796,799,13
642203,802,799,13
642214,803,799,13
642224,797,799,13
642234,803,799,13
642244,796,799,13
642254,799,799,13
642265,803,799,13
642275,796,799,13
642285,802,799,13
642295,799,799,13
642305,798,799,13
642315,803,799,13
642326,795,799,13
642336,800,799,13
RIM
642356,731,718,7
642366,722,718,7
642377,719,718,7
642387,721,718,7
642397,721,718,7
642407,715,718,7
642417,720,718,7
642427,718,718,7
642438,721,718,7
642448,722,718,7
642458,716,718,7
642468,719,718,7
642478,719,718,7
642489,718,718,7
642499,722,718,7
642509,718,718,7
642519,720,718,7
642529,719,718,7
642540,716,718,7
642550,720,718,7
642560,719,718,6
642570,720,718,6
642580,720,718,6
642590,715,718,6
642601,719,718,6
642611,717,718,6
642621,718,718,6
642631,722,718,6
642641,717,718,6
642652,718,718,6
642662,718,718,6
642672,717,718,6
