Polling for available serial device...
Opening serial monitor for com port: "/dev/ttyACM0"
Serial monitor opened successfully:
815499,409,408,3
815510,411,408,3
815520,407,408,3
815530,408,408,3
815540,411,408,3
815550,408,408,3
815561,410,408,3
815571,409,408,3
815581,410,408,3
815591,412,408,4
815601,408,408,4
815612,410,408,4
815622,410,408,4
815632,408,408,4
815642,411,408,4
815652,408,408,4
815663,409,408,4
815673,409,408,4
815683,408,408,4
815693,410,408,4
815703,408,408,4
815714,409,409,3
815724,411,409,3
815734,407,409,3
815744,410,409,3
815754,409,409,3
815765,408,409,3
815775,410,409,3
815785,408,409,3
815795,410,409,3
815805,409,409,2
815816,408,409,2
815826,411,409,2
815836,407,409,3
815846,409,409,2
815856,409,409,2
815867,407,409,2
815877,409,409,2
815887,408,409,2
815897,409,409,2
815907,409,409,2
815918,407,409,2
815928,409,409,2
815938,409,409,2
815948,408,409,2
SIM
815969,830,816,7
815979,822,816,8
815989,818,816,7
815999,815,816,7
816009,819,816,7
816020,814,816,7
816030,818,816,7
816040,818,816,7
816050,814,816,7
816060,819,816,7
816071,814,816,7
816081,815,816,7
816091,818,816,7
816101,812,816,7
816111,818,816,7
816122,817,816,7
816132,815,816,7
816142,818,816,7
816152,813,816,7
816162,817,816,7
816173,818,816,7
816183,814,816,7
816193,819,816,8
816203,813,816,8
816213,817,816,8
816224,819,816,8
816234,813,816,8
816244,818,816,8
816254,817,816,8
816264,815,816,8
816275,819,816,8
816285,813,816,8
816295,818,816,8
816305,816,816,8
816315,813,816,8
816326,818,816,8
816336,813,816,8
816346,818,816,7
816356,818,816,5
816366,814,816,5
816377,818,816,5
816387,814,816,5
816397,816,816,5
816407,819,816,6
816417,812,816,6
816428,818,816,6
816438,815,816,6
816448,815,816,5
816458,818,816,6
816468,814,816,6
816479,818,816,6
816489,818,816,6
816499,814,816,6
816509,818,816,6
816519,814,816,6
816530,817,816,6
816540,819,816,6
816550,812,816,6
816560,817,816,6
816570,814,816,6
816581,816,816,6
816591,819,816,6
816601,812,816,6
816611,817,816,6
816621,818,816,6
816632,816,816,6
816642,819,816,6
816652,812,816,6
816662,817,816,6
816672,817,816,6
816683,814,816,6
816693,817,816,6
816703,813,816,6
816713,816,816,6
816723,818,816,6
816734,813,816,6
816744,818,816,6
816754,814,816,6
816764,816,816,6
816774,817,816,6
816785,813,816,6
816795,818,816,6
816805,816,816,6
816815,814,816,6
816825,818,816,6
816836,812,816,6
816846,817,816,6
816856,817,816,6
816866,813,816,6
816876,818,816,6
816887,814,816,6
816897,817,816,6
816907,817,816,6
816917,812,816,6
816927,818,816,6
816938,815,816,6
816948,815,816,6
816958,818,816,6
816968,812,816,6
816978,817,816,6
816989,816,816,6
816999,816,816,6
817009,816,816,6
817019,814,816,6
817029,817,816,6
817040,818,816,6
817050,813,816,6
817060,818,816,6
817070,814,816,6
817080,816,816,6
817091,818,816,6
817101,813,816,6
817111,818,816,6
817121,815,816,6
817131,816,816,6
817142,819,816,6
817152,813,816,6
817162,817,816,6
817172,816,816,6
817182,814,816,6
RIM
817203,823,811,7
817213,816,811,7
817223,815,811,7
817233,810,811,7
817243,815,811,7
817254,810,811,7
817264,813,811,7
817274,814,811,7
817284,808,811,7
817294,815,811,7
817305,811,811,7
817315,810,811,7
817325,814,811,7
817335,809,811,7
817345,813,811,7
817356,812,811,7
817366,810,811,7
817376,815,811,7
817386,810,811,7
817396,813,811,7
817407,814,811,7
817417,808,811,7
817427,813,811,7
817437,810,811,7
817447,812,811,7
817458,813,811,7
817468,809,811,7
817478,813,811,7
817488,812,811,7
817498,811,811,7
817509,813,811,7
817519,808,811,7
817529,813,811,7
817539,813,811,7
817549,809,811,7
817560,814,811,7
817570,810,811,7
817580,813,811,7
817590,813,811,7
817600,809,811,7
817611,813,811,7
817621,811,811,7
817631,811,811,7
817641,813,811,7
817651,809,811,6
817662,813,811,6
817672,813,811,6
817682,810,811,6
817692,813,811,6
817702,810,811,6
817713,813,811,6
817723,815,811,7
817733,810,811,6
817743,814,811,6
817753,809,811,6
817764,811,811,6
817774,814,811,6
817784,809,811,6
817794,814,811,6
817804,811,811,6
817815,810,811,6
817825,814,811,6
817835,809,811,6
817845,813,811,6
817855,812,811,6
817866,809,811,6
817876,814,811,6
817886,809,811,6
817896,812,811,6
817906,813,811,6
817917,809,811,6
817927,813,811,6
817937,810,811,6
817947,812,811,6
817957,813,811,6
817968,808,811,6
817978,814,811,6
817988,812,811,6
817998,811,811,6
818008,814,811,6
818019,808,811,6
818029,813,811,6
818039,813,811,6
818049,810,811,6
818059,814,811,6
818070,809,811,6
818080,812,811,6
818090,814,811,6
818100,809,811,6
818110,814,811,6
818121,810,811,6
818131,809,811,6
818141,812,811,6
818151,808,811,6
818162,812,811,6
818172,811,811,6
818182,808,811,6
818192,811,811,6
818202,807,811,6
818213,810,811,6
818223,812,811,6
818233,806,811,6
818243,811,811,6
818253,808,811,6
818264,810,811,6
818274,812,811,6
818284,807,811,6
818294,811,811,6
818304,808,811,6
818315,810,811,6
818325,813,811,6
818335,806,811,6
818345,811,811,6
818355,810,811,6
818366,808,811,6
818376,813,811,6
818386,807,811,6
818396,810,811,6
818406,811,811,6
818417,807,811,6
OSM
818438,412,409,2
818448,410,409,2
818458,411,409,2
818468,408,409,2
818479,411,409,2
818489,409,409,2
818499,421,409,3
818509,411,409,3
818519,407,409,3
818530,409,409,3
818540,410,409,3
818550,407,409,3
818560,410,409,3
818570,409,409,3
818581,410,409,3
818591,410,409,3
818601,421,409,5
818611,403,409,5
818621,408,409,5
818632,408,409,5
818642,410,409,5
818652,407,409,5
818662,410,409,5
818672,410,409,5
818683,407,409,5
818693,410,409,5
818703,421,409,6
818713,409,409,6
818723,411,409,6
818734,407,409,6
818744,410,409,6
818754,409,409,6
818764,409,409,6
818774,411,409,6
818785,407,409,6
818795,409,409,5
818805,412,409,6
818815,409,409,6
818825,411,409,6
818836,407,409,6
818846,409,409,6
818856,408,409,6
818866,407,409,6
818876,410,409,6
818887,407,409,6
818897,408,409,6
818907,409,409,6
818917,406,409,6
818927,410,409,6
818938,408,409,6
818948,408,409,6
818958,409,409,6
818968,407,409,6
818978,409,409,6
818989,408,409,6
818999,407,409,6
819009,410,409,6
819019,407,409,6
819029,409,409,6
819040,409,409,6
819050,407,409,6
819060,409,409,6
819070,407,409,6
819080,408,409,6
819091,409,409,6
819101,406,409,6
819111,409,409,6
819121,408,409,6
819131,408,409,6
819142,409,409,6
819152,407,409,6
819162,409,409,5
819172,409,409,5
819182,407,409,5
819193,414,409,5
819203,407,409,5
819213,408,409,5
819223,410,409,5
819233,407,409,5
819244,410,409,5
819254,408,409,5
819264,408,409,5
819274,410,409,5
819284,407,409,5
819295,414,409,6
819305,408,409,6
819315,407,409,6
819325,409,409,6
819335,407,409,6
819346,409,409,6
819356,409,409,6
819366,407,409,6
819376,409,409,6
819386,407,409,6
819397,413,409,6
819407,409,409,6
819417,407,409,6
819427,409,409,6
819437,408,409,6
819448,408,409,6
819458,409,409,6
819468,406,408,7
819478,409,408,7
819488,409,408,7
819499,408,408,7
819509,409,408,7
819519,407,408,7
819529,409,408,7
819539,409,408,7
819550,409,408,7
819560,410,408,7
819570,408,408,7
819580,408,408,7
819590,409,408,7
819601,408,408,7
819611,414,409,6
819621,407,409,6
819631,408,409,6
819641,409,409,6
819652,408,409,6
SIM
819672,835,816,7
819682,818,816,7
819692,822,816,7
819703,813,816,7
819713,819,816,7
819723,819,816,8
819733,814,816,8
819743,819,816,8
819754,814,816,8
819764,817,816,7
819774,819,816,8
819784,812,816,8
819794,818,816,8
819805,816,816,8
819815,815,816,7
819825,817,816,7
819835,813,816,8
819845,816,816,8
819856,816,816,7
819866,814,816,7
819876,817,816,7
819886,813,816,7
819896,817,816,7
819907,818,816,7
819917,814,816,7
819927,818,816,7
819937,814,816,7
819947,816,816,7
819958,820,816,7
819968,813,816,7
819978,818,816,7
819988,816,816,7
819998,815,816,7
820009,820,816,7
820019,813,816,7
820029,816,816,7
820039,816,816,7
820049,814,816,7
820060,818,816,7
820070,813,816,7
820080,817,816,7
820090,818,816,7
820100,812,816,8
820111,818,816,7
820121,815,816,7
820131,816,816,7
820141,818,816,7
820151,812,816,7
820162,817,816,7
820172,816,816,7
820182,815,816,7
820192,818,816,7
820202,813,816,7
820213,818,816,7
820223,817,816,7
820233,813,816,7
820243,818,816,7
820253,813,816,7
820264,818,816,7
820274,818,816,7
820284,812,816,8
820294,818,816,7
820304,814,816,7
820315,816,816,7
820325,818,816,7
820335,812,816,8
820345,818,816,7
820355,815,816,7
820366,815,816,7
820376,819,816,7
820386,814,816,7
820396,817,816,7
820406,818,816,7
820417,814,816,7
820427,819,816,7
820437,814,816,7
820447,816,816,7
820457,818,816,7
820468,813,816,7
820478,817,816,7
820488,816,816,7
820498,816,816,7
820508,819,816,7
820519,813,816,7
820529,819,816,7
820539,816,816,7
820549,814,816,7
820559,819,816,7
820570,814,816,7
820580,818,816,7
820590,819,816,7
820600,813,816,8
820610,818,816,8
820621,815,816,7
820631,817,816,7
820641,819,816,7
820651,814,816,7
820661,819,816,8
820672,816,816,7
820682,815,816,7
820692,819,816,7
820702,815,816,7
820712,818,816,8
820723,819,816,8
820733,816,816,8
820743,818,816,8
820753,814,816,7
820763,817,816,7
820774,818,816,7
820784,813,816,8
820794,819,816,8
820804,814,816,8
820814,816,816,8
820825,820,816,8
820835,813,816,8
820845,819,816,8
820855,817,816,8
820865,816,816,8
820876,819,816,8
820886,813,816,8
RIM
820906,818,811,5
820916,809,811,5
820927,812,811,5
820937,808,811,5
820947,811,811,5
820957,812,811,5
820967,807,811,5
820978,813,811,5
820988,809,811,5
820998,811,811,5
821008,813,811,5
821018,808,811,5
821029,812,811,5
821039,811,811,5
821049,810,811,5
821059,813,811,5
821069,808,811,5
821080,813,811,5
821090,812,811,5
821100,808,811,5
821110,812,810,6
821120,808,810,6
821131,811,810,5
821141,812,810,5
821151,806,810,6
821161,813,810,6
821171,810,810,6
821182,810,810,6
821192,813,810,6
821202,807,810,6
821212,812,810,6
821222,812,810,6
821233,810,810,5
821243,814,810,6
821253,809,810,6
821263,811,810,5
821273,813,810,6
821284,808,810,5
821294,814,810,6
821304,808,810,6
821314,811,810,5
821324,813,810,6
821335,810,810,6
821345,815,810,6
821355,812,810,6
821365,811,810,6
821375,815,810,6
821386,809,810,6
821396,813,810,6
821406,812,810,6
821416,811,810,6
821426,814,810,6
821436,810,810,6
821447,812,810,6
821457,814,810,6
821467,809,810,6
821477,814,810,6
821487,811,810,6
821498,811,810,6
821508,813,810,6
821518,808,810,6
821528,814,810,6
821538,812,810,6
821549,810,810,6
821559,815,810,6
821569,809,810,6
821579,813,810,6
821589,813,810,6
821600,809,810,6
821610,814,810,6
821620,809,810,6
821630,813,810,6
821640,814,810,6
821651,808,810,6
821661,813,810,6
821671,811,810,6
821681,812,810,6
821691,816,810,6
821702,808,810,6
821712,813,810,6
821722,812,810,6
821732,810,810,6
821742,815,810,6
821753,808,810,6
821763,812,810,6
821773,814,810,6
821783,809,810,6
821793,814,810,6
821804,809,810,6
821814,812,810,6
821824,815,810,6
821834,809,810,6
821844,815,810,6
821855,810,810,6
821865,812,810,6
821875,814,811,6
821885,810,811,5
821895,814,811,6
821906,812,811,5
821916,810,811,5
821926,813,811,5
821936,810,811,5
821946,813,811,5
821957,813,811,5
821967,809,811,5
821977,814,811,5
821987,810,811,5
821997,813,811,5
822008,813,811,5
822018,808,811,5
822028,813,811,5
822038,812,811,5
822048,812,811,5
822059,814,811,5
822069,809,811,5
822079,814,811,5
822089,813,811,5
822099,811,811,5
822110,814,811,5
822120,811,811,5
OSM
822141,416,409,6
822151,415,409,7
822161,410,409,7
822171,409,409,7
822182,410,409,7
822192,410,409,7
822202,407,408,6
822212,410,408,6
822222,410,408,6
822233,407,408,6
822243,410,408,6
822253,407,408,6
822263,410,408,6
822273,411,408,6
822284,407,408,6
822294,411,408,6
822304,408,408,5
822314,410,408,5
822324,411,408,5
822335,405,408,5
822345,408,408,5
822355,408,408,5
822365,408,408,5
822375,409,408,5
822386,407,408,5
822396,409,408,5
822406,413,408,4
822416,410,408,4
822426,410,408,4
822436,407,408,4
822447,410,408,4
822457,409,408,4
822467,407,408,4
822477,409,408,3
822487,407,408,3
822498,410,408,4
822508,410,408,3
822518,406,408,3
822528,409,408,3
822538,409,408,3
822549,409,408,3
822559,409,408,3
822569,407,408,3
822579,409,408,3
822589,410,408,3
822600,408,408,3
822610,410,408,3
822620,406,408,3
822630,408,408,3
822640,409,408,3
822651,407,408,3
822661,409,408,3
822671,407,408,3
822681,408,408,3
822691,409,408,3
822702,408,408,3
822712,409,408,3
822722,413,408,4
822732,407,408,4
822742,409,408,4
822753,408,408,4
822763,408,408,4
822773,411,408,4
822783,407,408,4
822793,410,408,4
822804,408,408,4
822814,408,408,4
822824,411,408,4
822834,407,408,4
822844,409,408,4
822855,409,408,4
822865,408,408,4
822875,410,408,4
822885,407,408,4
822895,410,408,3
822906,409,408,3
822916,408,408,3
822926,414,408,4
822936,407,408,4
822946,409,408,4
822957,411,408,4
822967,407,408,4
822977,413,408,4
822987,406,408,4
822997,409,408,4
823008,410,408,4
823018,407,408,4
823028,413,408,4
823038,408,408,4
823048,408,408,4
823059,411,408,4
823069,406,408,4
823079,413,408,4
823089,409,408,4
823099,407,408,4
823110,410,408,4
823120,407,408,4
823130,413,408,4
823140,410,408,4
823150,406,408,4
823161,410,408,4
823171,408,408,4
823181,409,408,4
823191,409,408,4
823201,406,408,4
823212,410,408,4
823222,408,408,4
823232,412,409,3
823242,409,409,3
823252,407,408,4
823263,410,408,4
823273,409,409,3
823283,408,409,3
823293,409,409,3
823303,407,408,4
823314,410,408,4
823324,409,408,4
823334,411,409,3
823344,409,409,3
823354,407,408,4
SIM
823375,835,816,8
823385,815,816,8
823395,819,816,8
823405,816,816,7
823416,816,816,7
823426,819,816,7
823436,815,816,7
823446,819,816,7
823456,819,816,7
823467,814,816,7
823477,819,816,7
823487,814,816,7
823497,817,816,7
823507,818,816,7
823518,813,816,7
823528,817,816,7
823538,814,816,7
823548,816,816,7
823558,819,816,7
823569,812,816,8
823579,818,816,8
823589,816,816,7
823599,814,816,7
823609,818,816,7
823620,814,816,7
823630,817,816,7
823640,818,816,7
823650,814,816,7
823660,818,816,7
823671,814,816,7
823681,816,816,7
823691,818,816,7
823701,812,816,7
823711,818,816,7
823722,816,816,7
823732,815,816,7
823742,819,816,7
823752,813,816,7
823762,817,816,7
823773,816,816,7
823783,814,816,7
823793,818,816,7
823803,812,816,7
823813,817,816,7
823824,818,816,7
823834,812,816,7
823844,819,816,8
823854,814,816,7
823864,816,816,7
823875,819,816,7
823885,812,816,8
823895,819,816,8
823905,816,816,8
823915,815,816,8
823926,818,816,8
823936,813,816,8
823946,817,816,8
823956,817,816,7
823966,814,816,7
823977,819,816,8
823987,813,816,7
823997,818,816,7
824007,818,816,7
824017,812,816,8
824028,818,816,8
824038,814,816,8
824048,818,816,8
824058,818,816,8
824068,813,816,8
824079,818,816,8
824089,816,816,8
824099,815,816,8
824109,819,816,8
824119,813,816,8
824130,818,816,8
824140,817,816,8
824150,814,816,8
824160,818,816,8
824170,814,816,8
824181,816,816,8
824191,819,816,8
824201,812,816,8
824211,819,816,8
824221,815,816,8
824232,816,816,8
824242,818,816,8
824252,814,816,8
824262,818,816,8
824272,816,816,8
824283,815,816,8
824293,818,816,7
824303,814,816,7
824313,818,816,7
824323,817,816,7
824334,814,816,7
824344,818,816,7
824354,813,816,7
824364,817,816,7
824374,818,816,7
824385,813,816,7
824395,818,816,7
824405,814,816,7
824415,816,816,7
824425,819,816,7
824436,813,816,8
824446,817,816,7
824456,818,816,7
824466,814,816,8
824476,819,816,8
824487,814,816,8
824497,817,816,7
824507,819,816,7
824517,814,816,8
824528,819,816,7
824538,814,816,7
824548,817,816,7
824558,819,816,7
824568,813,816,8
824579,818,816,7
824589,815,816,7
RIM
824609,818,811,5
824619,808,811,5
824629,811,811,5
824640,809,811,5
824650,808,811,5
824660,812,811,5
824670,807,811,5
824680,810,811,5
824691,812,811,5
824701,807,811,5
824711,811,811,5
824721,807,811,5
824731,810,811,5
824742,810,811,5
824752,807,811,5
824762,811,811,5
824772,809,811,5
824782,808,811,5
824793,811,811,5
824803,809,811,5
824813,810,811,5
824823,811,811,5
824833,805,811,5
824844,811,811,5
824854,808,811,5
824864,810,811,5
824874,813,811,5
824884,807,811,5
824895,811,811,5
824905,809,811,5
824915,810,811,5
824925,812,811,5
824935,806,811,5
824946,812,811,5
824956,811,811,5
824966,809,811,5
824976,812,811,5
824986,808,811,5
824997,810,811,5
825007,813,811,5
825017,807,811,5
825027,812,811,5
825037,809,811,5
825048,810,811,5
825058,813,811,5
825068,807,811,5
825078,811,811,5
825088,810,811,5
825099,807,810,6
825109,814,811,5
825119,807,810,6
825129,812,810,6
825139,812,810,6
825150,808,810,6
825160,812,810,6
825170,807,810,6
825180,811,810,6
825190,814,810,6
825201,807,810,6
825211,811,810,6
825221,808,810,6
825231,811,810,6
825241,813,810,6
825252,806,810,6
825262,813,810,6
825272,809,810,6
825282,809,810,6
825292,813,810,6
825303,807,810,6
825313,812,810,6
825323,811,810,6
825333,807,810,6
825343,813,810,6
825354,807,810,6
825364,811,810,6
825374,812,810,6
825384,807,810,6
825394,813,810,6
825405,809,810,6
825415,809,810,6
825425,811,810,6
825435,807,810,6
825445,810,810,6
825456,810,810,6
825466,808,810,6
825476,811,810,6
825486,807,810,6
825496,811,810,6
825507,811,810,6
825517,810,810,5
825527,814,810,5
825537,810,810,5
825547,813,810,5
825558,813,810,5
825568,810,810,5
825578,813,810,5
825588,811,810,5
825598,812,810,5
825609,813,810,5
825619,809,810,5
825629,813,810,5
825639,813,810,5
825649,811,810,5
825660,814,810,5
825670,808,810,5
825680,812,810,5
825690,814,810,5
825700,809,810,5
825711,813,810,5
825721,811,810,5
825731,812,810,5
825741,814,810,5
825751,808,810,5
825762,812,810,5
825772,811,810,5
825782,810,810,5
825792,814,810,5
825802,809,810,5
825813,812,810,5
825823,812,810,5
OSM
825844,407,408,4
825854,402,408,4
825864,401,408,4
825874,402,408,4
825885,399,408,5
825895,407,408,5
825905,399,408,6
825915,404,408,6
825925,401,408,6
825936,399,408,7
825946,402,408,7
825956,401,408,7
825966,400,408,8
825976,403,408,8
825987,399,407,10
825997,402,407,10
826007,406,407,10
826017,399,407,10
826027,402,407,10
826038,401,407,10
826048,402,407,11
826058,408,407,11
826068,401,407,11
826078,403,407,11
826089,402,407,11
826099,401,407,12
826109,404,407,11
826119,400,407,12
826129,402,407,12
826140,403,407,12
826150,401,407,12
826160,403,407,12
826170,401,406,14
826180,402,406,14
826191,403,406,14
826201,400,406,14
826211,403,406,14
826221,402,406,14
826231,402,406,14
826242,404,406,14
826252,400,406,14
826262,407,406,14
826272,402,406,14
826282,401,406,14
826293,403,406,14
826303,401,406,14
826313,403,406,14
826323,402,406,15
826333,401,406,15
826344,406,406,15
826354,401,406,15
826364,407,406,15
826374,403,406,15
826384,401,405,16
826395,405,405,16
826405,402,405,16
826415,405,405,16
826425,405,405,15
826435,402,405,15
826446,407,405,15
826456,405,405,15
826466,405,405,15
826476,405,405,15
826486,402,405,15
826497,405,405,14
826507,406,405,14
826517,404,405,14
826527,406,405,14
826537,403,405,14
826548,407,405,14
826558,406,405,14
826568,406,405,14
826578,406,405,14
826588,404,405,13
826599,405,405,13
826609,407,405,13
826619,403,405,13
826629,406,405,12
826639,405,405,12
826650,405,405,12
826660,406,405,12
826670,407,405,12
826680,406,404,12
826690,406,404,12
826701,404,404,12
826711,406,404,12
826721,410,404,12
826731,406,404,12
826741,407,404,11
826752,407,404,11
826762,407,404,11
826772,406,404,11
826782,406,404,10
826792,406,404,10
826803,405,404,10
826813,407,404,10
826823,407,404,10
826833,405,404,9
826843,414,404,10
826854,405,404,10
826864,407,404,10
826874,408,404,10
826884,406,404,9
826894,414,404,10
826905,407,404,10
826915,407,404,10
826925,409,404,10
826935,406,404,9
826945,415,404,10
826956,410,404,10
826966,407,404,10
826976,413,404,11
826986,406,404,11
826996,408,404,11
827007,409,404,11
827017,408,404,10
827027,409,404,10
827037,406,404,10
827047,408,404,10
827058,412,404,11
SIM
827078,835,816,7
827088,816,816,7
827098,816,816,7
827108,818,816,7
827119,813,816,7
827129,817,816,7
827139,815,816,7
827149,816,816,7
827159,817,816,7
827170,812,816,7
827180,818,816,7
827190,817,816,7
827200,814,816,7
827210,819,816,7
827221,814,816,7
827231,817,816,7
827241,819,816,7
827251,814,816,7
827261,818,816,7
827272,816,816,7
827282,816,816,7
827292,820,816,7
827302,814,816,7
827313,819,816,7
827323,817,816,7
827333,815,816,7
827343,820,816,7
827353,813,816,7
827364,817,816,7
827374,818,816,7
827384,813,816,7
827394,817,816,7
827404,814,816,7
827415,815,816,7
827425,818,816,7
827435,812,816,7
827445,819,816,7
827455,816,816,7
827466,816,816,7
827476,818,816,7
827486,813,816,7
827496,818,816,7
827506,817,816,7
827517,814,816,7
827527,818,816,7
827537,814,816,7
827547,817,816,7
827557,819,816,7
827568,814,816,7
827578,817,816,7
827588,814,816,7
827598,817,816,7
827608,818,816,7
827619,812,816,7
827629,818,816,7
827639,815,816,7
827649,815,816,7
827659,819,816,7
827670,814,816,7
827680,817,816,7
827690,817,816,7
827700,815,816,7
827710,819,816,7
827721,813,816,7
827731,816,816,7
827741,818,816,7
827751,813,816,7
827761,818,816,7
827772,815,816,7
827782,816,816,7
827792,819,816,7
827802,813,816,7
827812,818,816,7
827823,816,816,7
827833,815,816,7
827843,818,816,7
827853,815,816,7
827863,823,816,7
827874,819,816,7
827884,814,816,7
827894,819,816,7
827904,815,816,7
827914,817,816,7
827925,819,816,7
827935,812,816,7
827945,818,816,7
827955,815,816,7
827965,817,816,7
827976,818,816,7
827986,813,816,7
827996,819,816,7
828006,816,816,7
828016,815,816,7
828027,819,816,8
828037,813,816,8
828047,817,816,8
828057,818,816,7
828067,814,816,8
828078,820,816,8
828088,813,816,8
828098,817,816,8
828108,818,816,8
828118,812,816,8
828129,819,816,8
828139,814,816,8
828149,816,816,8
828159,818,816,8
828169,813,816,8
828180,818,816,8
828190,816,816,8
828200,815,816,8
828210,818,816,8
828220,813,816,8
828231,816,816,8
828241,817,816,8
828251,814,816,8
828261,819,816,8
828271,814,816,8
828282,816,816,7
828292,818,816,8
RIM
828312,823,810,6
828322,813,810,6
828333,811,810,6
828343,814,810,6
828353,809,810,6
828363,813,810,6
828373,814,810,6
828384,812,810,6
828394,815,810,6
828404,810,810,6
828414,812,810,6
828424,816,810,7
828435,810,810,7
828445,815,810,7
828455,812,810,7
828465,811,810,7
828475,814,810,7
828486,808,810,7
828496,813,810,7
828506,811,810,7
828516,810,810,7
828526,814,810,7
828537,809,810,7
828547,812,810,7
828557,813,810,7
828567,809,810,7
828577,813,810,7
828588,810,810,7
828598,812,810,7
828608,813,811,6
828618,809,811,6
828628,812,811,6
828639,811,811,6
828649,811,811,6
828659,813,811,6
828669,808,811,6
828679,813,811,6
828690,812,811,6
828700,809,811,6
828710,813,811,6
828720,808,811,6
828730,812,811,6
828741,813,811,6
828751,809,811,6
828761,812,811,6
828771,809,811,6
828781,812,811,6
828792,813,811,6
828802,808,811,6
828812,813,811,6
828822,810,811,5
828832,810,811,5
828843,813,811,5
828853,808,811,5
828863,812,811,5
828873,812,811,5
828883,810,811,5
828894,813,811,5
828904,809,811,5
828914,812,811,5
828924,813,811,5
828934,809,811,5
828945,813,811,5
828955,809,811,5
828965,811,811,5
828975,813,811,5
828985,808,811,5
828996,812,811,5
829006,811,811,5
829016,810,811,5
829026,813,811,5
829036,808,811,5
829047,811,811,5
829057,813,811,5
829067,808,811,5
829077,813,811,5
829087,809,811,5
829098,810,811,5
829108,814,811,5
829118,809,811,5
829128,813,811,5
829138,810,811,5
829149,810,811,5
829159,814,811,5
829169,807,811,5
829179,814,811,5
829189,813,811,5
829200,810,811,5
829210,815,811,5
829220,809,811,5
829230,814,811,5
829240,814,811,5
829251,809,811,5
829261,815,811,5
829271,810,811,5
829281,813,811,5
829291,814,811,5
829302,809,811,5
829312,814,811,5
829322,811,811,5
829332,812,811,5
829342,815,811,5
829353,809,811,5
829363,814,811,5
829373,813,811,5
829383,810,811,5
829393,815,811,5
829404,809,811,5
829414,813,811,5
829424,815,811,5
829434,809,811,5
829444,814,811,5
829455,810,811,5
829465,812,811,5
829475,815,811,6
829485,809,811,6
829495,814,811,6
829506,812,811,6
829516,812,811,6
829526,815,811,6
OSM
829547,413,404,11
829557,411,404,11
829567,408,404,12
829577,410,404,12
829588,407,404,12
829598,409,404,12
829608,411,405,11
829618,407,405,11
829628,410,405,11
829639,409,405,11
829649,409,405,11
829659,410,405,11
829669,408,405,11
829679,409,405,11
829690,414,405,11
829700,409,405,11
829710,412,405,12
829720,408,405,12
829730,410,405,12
829741,410,405,12
829751,410,406,11
829761,410,406,11
829771,408,406,11
829781,409,406,11
829792,414,406,11
829802,407,406,11
829812,410,406,11
829822,409,406,11
829832,410,406,11
829843,412,406,11
829853,407,406,11
829863,412,406,11
829873,410,406,11
829883,409,406,11
829894,414,406,11
829904,408,406,11
829914,411,407,10
829924,410,407,10
829934,407,407,10
829945,411,407,10
829955,410,407,10
829965,409,407,10
829975,411,407,10
829985,407,407,9
829996,409,407,9
830006,409,407,9
830016,408,407,9
830026,424,407,11
830036,410,407,11
830047,412,407,11
830057,410,407,11
830067,410,408,10
830077,410,408,10
830087,408,408,9
830098,409,408,9
830108,410,408,9
830118,407,408,9
830128,409,408,9
830138,407,408,8
830149,408,408,8
830159,411,408,8
830169,407,408,8
830179,409,408,8
830189,408,408,8
830200,407,408,8
830210,410,408,8
830220,407,408,8
830230,408,408,8
830240,409,408,8
830251,407,408,8
830261,409,408,8
830271,407,408,7
830281,407,408,7
830291,409,408,7
830302,407,408,7
830312,410,408,7
830322,408,408,7
830332,408,408,7
830342,409,408,7
830353,411,408,7
830363,409,408,7
830373,408,408,7
830383,407,408,7
830393,410,408,7
830404,407,408,7
830414,409,409,6
830424,410,409,6
830434,407,409,6
830444,409,409,6
830455,407,409,6
830465,408,409,6
830475,409,409,6
830485,406,409,6
830495,409,409,6
830506,409,409,5
830516,407,409,5
830526,409,409,5
830536,407,409,5
830546,408,409,5
830557,409,409,5
830567,407,409,5
830577,409,409,5
830587,407,409,5
830597,408,409,5
830608,409,409,5
830618,406,409,5
830628,410,409,5
830638,408,409,5
830648,408,409,4
830659,410,409,4
830669,406,409,4
830679,409,409,4
830689,408,409,4
830699,407,409,4
830710,410,409,4
830720,407,409,4
830730,409,409,4
830740,409,409,4
830750,406,409,4
830761,410,409,4
SIM
830781,833,816,7
830791,821,816,7
830801,814,816,7
830812,819,816,7
830822,814,816,7
830832,816,816,7
830842,819,816,7
830852,817,816,7
830863,819,816,7
830873,817,816,7
830883,816,816,7
830893,819,816,7
830903,813,816,7
830914,818,816,7
830924,819,816,7
830934,813,816,7
830944,818,816,7
830954,814,816,7
830965,816,816,7
830975,818,816,7
830985,812,816,7
830995,819,816,7
831005,814,816,7
831016,816,816,7
831026,818,816,7
831036,813,816,7
831046,817,816,7
831056,815,816,7
831067,815,816,7
831077,819,816,7
831087,814,816,7
831097,818,816,7
831107,818,816,7
831118,813,816,7
831128,818,816,7
831138,813,816,7
831148,816,816,7
831158,818,816,7
831169,812,816,7
831179,818,816,7
831189,816,816,7
831199,817,816,7
831209,819,816,7
831220,812,816,7
831230,818,816,7
831240,817,816,7
831250,815,816,7
831260,818,816,7
831271,814,816,7
831281,817,816,7
831291,818,816,7
831301,813,816,7
831311,818,816,7
831322,812,816,7
831332,817,816,7
831342,817,816,7
831352,812,816,7
831362,818,816,7
831373,815,816,7
831383,815,816,7
831393,818,816,7
831403,813,816,7
831413,817,816,7
831424,817,816,7
831434,814,816,7
831444,819,816,7
831454,815,816,7
831464,817,816,7
831475,820,816,7
831485,813,816,8
831495,818,816,7
831505,815,816,7
831515,816,816,7
831526,818,816,7
831536,813,816,7
831546,818,816,7
831556,816,816,7
831566,815,816,7
831577,818,816,7
831587,813,816,7
831597,817,816,7
831607,818,816,7
831617,813,816,7
831628,820,816,7
831638,815,816,7
831648,816,816,7
831658,818,816,7
831668,813,816,7
831679,818,816,7
831689,815,816,7
831699,816,816,7
831709,818,816,7
831719,812,816,7
831730,818,816,7
831740,816,816,7
831750,814,816,7
831760,818,816,7
831770,813,816,7
831781,817,816,7
831791,818,816,7
831801,813,816,7
831811,819,816,7
831821,814,816,7
831832,818,816,7
831842,818,816,7
831852,813,816,7
831862,818,816,7
831872,815,816,7
831883,816,816,7
831893,818,816,7
831903,813,816,7
831913,818,816,7
831923,817,816,7
831934,814,816,7
831944,818,816,7
831954,814,816,7
831964,816,816,7
831974,818,816,7
831985,813,816,7
831995,818,816,7
RIM
832015,825,811,6
832025,817,811,6
832036,810,811,6
832046,815,811,6
832056,813,811,6
832066,811,811,6
832076,814,811,6
832087,809,811,6
832097,814,811,6
832107,814,811,6
832117,810,811,6
832127,814,811,6
832138,810,811,6
832148,813,811,6
832158,816,811,6
832168,810,811,6
832178,815,811,6
832189,810,811,6
832199,811,811,6
832209,814,811,6
832219,808,811,6
832229,814,811,6
832240,811,811,6
832250,811,811,6
832260,815,811,7
832270,809,811,7
832280,814,811,7
832291,813,811,7
832301,810,811,7
832311,814,811,7
832321,809,811,7
832331,813,811,7
832342,814,811,7
832352,809,811,7
832362,814,811,7
832372,810,811,7
832382,812,811,7
832393,814,811,7
832403,809,811,7
832413,814,811,7
832423,811,811,7
832433,810,811,7
832444,815,811,7
832454,809,811,7
832464,814,811,7
832474,814,811,7
832484,810,811,7
832495,813,811,7
832505,810,811,7
832515,813,811,7
832525,813,811,7
832535,808,811,7
832546,814,811,7
832556,811,811,7
832566,812,811,7
832576,814,811,7
832586,809,811,7
832597,813,811,7
832607,812,812,6
832617,810,811,7
832627,814,812,6
832637,810,812,6
832648,812,812,6
832658,815,812,6
832668,810,812,6
832678,814,812,6
832688,810,812,6
832699,812,812,6
832709,815,812,6
832719,809,812,6
832729,814,812,6
832739,811,812,6
832750,811,812,6
832760,814,812,6
832770,809,812,6
832780,814,812,6
832790,813,812,6
832801,810,812,6
832811,814,812,6
832821,809,812,6
832831,813,812,6
832841,815,812,6
832852,809,812,6
832862,814,812,6
832872,810,812,6
832882,813,812,6
832892,813,812,6
832903,808,812,6
832913,814,812,6
832923,812,812,6
832933,811,812,6
832943,815,812,6
832954,809,812,6
832964,814,812,6
832974,813,812,6
832984,810,812,6
832994,813,812,6
833005,809,812,6
833015,813,812,6
833025,813,812,6
833035,809,812,6
833045,814,812,6
833056,811,812,6
833066,812,812,6
833076,814,812,6
833086,809,812,6
833096,812,812,6
833107,812,812,6
833117,811,812,6
833127,814,812,6
833137,809,812,6
833147,813,812,5
833158,815,812,6
833168,810,812,6
833178,814,812,6
833188,809,812,6
833198,813,812,5
833209,815,812,6
833219,809,812,6
833229,813,812,6
OSM
833250,414,409,4
833260,413,409,4
833270,408,409,4
833280,411,409,4
833291,416,409,5
833301,407,409,5
833311,411,409,5
833321,408,409,5
833331,409,409,5
833342,410,409,5
833352,407,409,5
833362,410,409,5
833372,407,409,5
833382,409,409,5
833393,410,409,5
833403,407,409,5
833413,410,409,5
833423,410,409,5
833433,409,409,5
833444,411,409,5
833454,409,409,5
833464,407,409,5
833474,409,409,5
833484,406,409,5
833495,408,408,5
833505,407,408,5
833515,408,408,5
833525,409,408,5
833535,408,408,5
833545,409,408,5
833556,409,408,5
833566,408,408,5
833576,411,408,5
833586,406,408,5
833596,409,408,5
833607,412,408,5
833617,407,408,5
833627,410,408,5
833637,407,408,5
833647,408,408,5
833658,414,408,5
833668,406,408,5
833678,409,408,5
833688,407,408,5
833698,409,408,5
833709,414,408,5
833719,406,408,5
833729,409,408,3
833739,408,408,3
833749,408,408,3
833760,410,408,3
833770,407,408,3
833780,409,408,3
833790,408,408,3
833800,407,408,3
833811,409,408,3
833821,407,408,3
833831,409,408,3
833841,409,408,3
833851,407,408,3
833862,411,408,3
833872,408,408,3
833882,408,408,3
833892,409,408,3
833902,406,408,3
833913,410,408,3
833923,408,408,3
833933,408,408,3
833943,410,408,3
833953,407,408,3
833964,409,408,3
833974,409,408,3
833984,407,408,3
833994,414,408,3
834004,406,408,3
834015,410,408,3
834025,410,408,3
834035,407,408,3
834045,411,408,3
834055,408,408,3
834066,410,408,3
834076,410,408,3
834086,407,408,3
834096,409,408,3
834106,408,408,3
834117,409,408,3
834127,410,408,3
834137,407,408,3
834147,409,408,3
834157,408,408,3
834168,408,408,3
834178,409,408,3
834188,408,408,3
834198,408,408,3
834208,409,408,3
834219,408,408,3
834229,409,408,3
834239,409,408,3
834249,408,408,3
834259,409,408,3
834270,408,408,3
834280,410,408,3
834290,409,408,3
834300,409,408,3
834310,409,408,3
834321,408,408,3
834331,408,408,3
834341,409,408,3
834351,406,408,3
834361,409,408,3
834372,408,408,3
834382,408,408,3
834392,409,408,3
834402,410,408,3
834412,411,408,3
834423,409,408,3
834433,408,408,3
834443,409,408,3
834453,406,408,3
834463,410,408,3
SIM
834484,833,816,7
834494,822,816,7
834504,815,816,7
834514,818,816,7
834525,818,816,7
834535,815,816,7
834545,819,816,7
834555,815,816,7
834565,816,816,7
834576,818,816,7
834586,814,816,7
834596,818,816,7
834606,815,816,7
834616,816,816,7
834627,819,816,7
834637,812,816,7
834647,817,816,7
834657,818,816,7
834667,813,816,7
834678,818,816,7
834688,812,816,7
834698,816,816,7
834708,819,816,7
834718,813,816,7
834729,819,816,7
834739,814,816,7
834749,816,816,7
834759,819,816,7
834769,812,816,7
834780,818,816,7
834790,815,816,7
834800,815,816,7
834810,818,816,7
834820,813,816,7
834831,818,816,7
834841,816,816,7
834851,814,816,7
834861,818,816,7
834871,815,816,7
834882,816,816,7
834892,818,816,7
834902,812,816,7
834912,819,816,7
834922,814,816,7
834933,816,816,7
834943,818,816,7
834953,812,816,7
834963,817,816,7
834973,816,816,7
834984,814,816,7
834994,818,816,7
835004,813,816,7
835014,817,816,7
835024,817,816,7
835035,814,816,7
835045,818,816,7
835055,814,816,7
835065,816,816,7
835075,819,816,7
835086,813,816,7
835096,817,816,7
835106,816,816,7
835116,815,816,7
835126,819,816,7
835137,814,816,7
835147,818,816,7
835157,817,816,7
835167,814,816,7
835177,818,816,7
835188,813,816,7
835198,816,816,7
835208,818,816,7
835218,813,816,7
835228,819,816,7
835239,814,816,7
835249,816,816,7
835259,818,816,7
835269,812,816,7
835279,818,816,7
835290,816,816,7
835300,816,816,7
835310,818,816,7
835320,814,816,7
835330,818,816,7
835341,817,816,7
835351,813,816,7
835361,818,816,7
835371,814,816,7
835381,817,816,7
835392,818,816,7
835402,812,816,7
835412,819,816,7
835422,814,816,7
835432,815,816,7
835443,818,816,7
835453,812,816,7
835463,818,816,7
835473,816,816,7
835483,815,816,7
835494,819,816,7
835504,812,816,7
835514,817,816,7
835524,818,816,7
835534,814,816,7
835545,819,816,7
835555,814,816,7
835565,817,816,7
835575,818,816,7
835585,812,816,7
835596,818,816,7
835606,814,816,7
835616,816,816,7
835626,819,816,7
835636,813,816,7
835647,818,816,7
835657,816,816,7
835667,814,816,7
835677,817,816,7
835687,813,816,7
835698,817,816,7
RIM
835718,826,812,6
835728,816,812,6
835738,811,812,6
835749,813,812,6
835759,815,812,6
835769,809,812,6
835779,814,812,6
835789,812,812,6
835800,812,812,6
835810,814,812,6
835820,809,812,6
835830,813,812,6
835840,813,812,6
835851,810,812,6
835861,814,812,6
835871,809,812,6
835881,813,812,6
835891,814,812,6
835902,810,812,6
835912,814,812,6
835922,810,812,5
835932,813,812,5
835942,815,812,6
835953,808,812,6
835963,814,812,6
835973,812,812,6
835983,811,812,5
835993,814,812,6
836004,809,812,6
836014,813,812,6
836024,814,812,5
836034,810,812,6
836044,814,812,6
836055,810,812,5
836065,812,812,5
836075,814,812,5
836085,809,812,6
836095,814,812,6
836106,810,812,5
836116,812,812,5
836126,814,812,5
836136,808,812,6
836146,814,812,6
836157,809,812,6
836167,809,812,6
836177,811,812,6
836187,808,812,6
836197,811,812,6
836208,812,812,6
836218,807,811,7
836228,813,811,7
836238,810,811,7
836248,811,811,7
836259,813,811,7
836269,808,811,7
836279,813,811,7
836289,809,811,7
836299,809,811,7
836310,813,811,7
836320,807,811,7
836330,812,811,7
836340,811,811,7
836350,810,811,7
836361,813,811,7
836371,809,811,7
836381,812,811,7
836391,813,811,7
836401,807,811,7
836412,813,811,7
836422,808,811,7
836432,811,811,7
836442,811,811,7
836452,806,811,7
836463,813,811,7
836473,810,811,7
836483,811,811,7
836493,813,811,7
836503,807,811,7
836514,813,811,7
836524,811,811,7
836534,810,811,7
836544,813,811,7
836554,808,811,7
836565,810,811,7
836575,812,811,7
836585,809,811,7
836595,813,811,7
836605,808,811,7
836616,810,811,7
836626,813,811,7
836636,808,811,7
836646,811,811,6
836656,809,811,6
836667,810,811,6
836677,813,811,6
836687,809,811,6
836697,813,811,6
836707,812,811,6
836718,809,811,6
836728,813,811,6
836738,809,811,6
836748,812,811,6
836758,814,811,6
836769,808,811,7
836779,813,811,6
836789,810,811,6
836799,811,811,6
836809,813,811,6
836820,807,811,7
836830,812,811,7
836840,811,811,6
836850,810,811,6
836860,813,811,6
836871,808,811,6
836881,812,811,6
836891,813,811,6
836901,809,811,6
836911,813,811,6
836922,808,811,6
836932,811,811,6
OSM
836953,413,408,3
836963,413,408,3
836973,409,408,3
836983,409,408,3
836994,414,408,3
837004,408,408,3
837014,410,408,3
837024,410,408,3
837034,412,408,3
837045,411,408,3
837055,408,408,3
837065,409,408,3
837075,410,408,3
837085,411,408,3
837096,410,408,3
837106,408,408,3
837116,409,408,3
837126,410,408,3
837136,411,408,3
837147,403,408,3
837157,409,408,3
837167,409,408,3
837177,411,408,3
837187,411,408,3
837198,409,408,3
837208,410,408,4
837218,407,408,4
837228,411,408,4
837238,414,408,4
837249,409,408,4
837259,411,409,3
837269,407,408,4
837279,410,408,4
837289,410,409,3
837300,408,409,3
837310,410,408,4
837320,406,408,4
837330,411,408,4
837340,409,409,3
837351,408,409,3
837361,410,408,4
837371,408,408,4
837381,409,408,4
837391,410,409,3
837402,408,409,3
837412,410,408,3
837422,408,408,3
837432,409,408,3
837442,411,409,2
837453,407,409,2
837463,410,409,2
837473,409,409,2
837483,409,409,2
837493,410,409,2
837504,407,409,2
837514,410,409,2
837524,409,409,2
837534,408,409,2
837544,410,409,2
837555,408,409,2
837565,409,409,2
837575,411,409,2
837585,407,409,2
837595,411,409,2
837606,408,409,2
837616,408,409,2
837626,411,409,2
837636,407,409,2
837646,409,409,2
837657,409,409,2
837667,408,409,2
837677,410,409,2
837687,407,409,2
837697,409,409,2
837708,409,409,2
837718,408,409,2
837728,410,409,2
837738,409,409,2
837748,409,409,2
837759,410,409,2
837769,408,409,2
837779,410,409,2
837789,408,409,2
837799,410,409,2
837810,410,409,2
837820,407,409,2
837830,410,409,2
837840,409,409,2
837850,408,409,2
837861,411,409,2
837871,408,409,2
837881,410,409,2
837891,410,409,2
837901,408,409,2
837912,411,409,2
837922,413,409,2
837932,409,409,2
837942,410,409,2
837952,415,409,2
837963,409,409,2
837973,408,409,2
837983,409,409,2
837993,410,409,2
838003,407,409,2
838014,410,409,2
838024,409,409,2
838034,407,409,2
838044,410,409,3
838054,407,409,2
838065,409,409,2
838075,410,409,2
838085,408,409,2
838095,410,409,2
838105,408,409,2
838116,409,409,2
838126,410,409,2
838136,407,409,2
838146,410,409,2
838156,409,409,2
838167,410,409,2
SIM
838187,830,816,6
838197,820,816,6
838207,816,816,6
838217,815,816,6
838228,818,816,6
838238,813,816,6
838248,817,816,6
838258,817,816,6
838268,814,816,6
838279,818,816,6
838289,814,816,6
838299,817,816,6
838309,819,816,6
838319,813,816,6
838330,819,816,6
838340,814,816,6
838350,815,816,6
838360,818,816,6
838370,814,816,6
838381,818,816,6
838391,816,816,6
838401,814,816,6
838411,818,816,6
838421,814,816,6
838432,817,816,6
838442,817,816,6
838452,813,816,6
838462,818,816,6
838472,815,816,6
838483,816,816,6
838493,818,816,6
838503,813,816,6
838513,818,816,6
838523,815,816,6
838534,815,816,6
838544,818,816,6
838554,812,816,6
838564,817,816,6
838574,818,816,6
838585,814,816,6
838595,819,816,6
838605,813,816,6
838615,818,816,6
838625,820,816,6
838636,813,816,6
838646,818,816,6
838656,815,816,6
838666,817,816,6
838676,819,816,6
838687,812,816,6
838697,818,816,6
838707,817,816,6
838717,815,816,6
838727,820,816,6
838738,813,816,6
838748,816,816,6
838758,817,816,6
838768,815,816,6
838778,820,816,6
838789,813,816,6
838799,816,816,6
838809,819,816,6
838819,812,816,6
838829,818,816,6
838840,814,816,6
838850,815,816,6
838860,818,816,6
838870,814,816,6
838880,817,816,6
838891,817,816,6
838901,814,816,6
838911,818,816,6
838921,814,816,6
838931,816,816,6
838942,819,816,6
838952,813,816,6
838962,818,816,6
838972,813,816,6
838982,816,816,6
838993,818,816,6
839003,814,816,6
839013,818,816,6
839023,815,816,6
839033,816,816,6
839044,818,816,6
839054,813,816,6
839064,818,816,6
839074,818,816,6
839084,814,816,6
839095,819,816,6
839105,812,816,6
839115,817,816,6
839125,819,816,6
839135,813,816,6
839146,819,816,6
839156,815,816,6
839166,816,816,6
839176,818,816,6
839186,812,816,6
839197,818,816,6
839207,815,816,6
839217,816,816,6
839227,819,816,6
839237,813,816,6
839248,818,816,6
839258,817,816,6
839268,814,816,6
839278,818,816,6
839288,813,816,6
839299,816,816,6
839309,818,816,6
839319,813,816,6
839329,820,816,6
839339,814,816,6
839350,816,816,6
839360,818,816,6
839370,813,816,6
839380,820,816,6
839390,816,816,6
839401,814,816,6
RIM
839421,820,811,5
839431,813,811,5
839441,815,811,5
839452,810,811,5
839462,815,811,5
839472,811,811,5
839482,814,811,5
839492,815,811,5
839503,809,811,5
839513,815,811,5
839523,812,811,5
839533,813,811,5
839543,815,811,5
839554,810,811,5
839564,815,811,5
839574,813,811,5
839584,811,811,5
839594,815,811,5
839605,809,811,5
839615,814,811,5
839625,814,811,5
839635,810,811,5
839645,815,811,5
839656,810,811,5
839666,814,811,5
839676,815,811,5
839686,809,811,5
839696,815,811,6
839707,812,811,6
839717,812,811,6
839727,816,811,6
839737,810,811,6
839747,814,811,6
839758,813,811,6
839768,811,811,6
839778,816,811,6
839788,810,811,6
839798,814,811,6
839809,815,811,6
839819,810,811,6
839829,814,811,6
839839,811,811,6
839849,813,811,6
839860,815,811,6
839870,809,811,6
839880,815,811,6
839890,812,811,6
839900,812,811,6
839911,814,811,6
839921,810,811,6
839931,814,811,6
839941,813,811,6
839951,811,811,6
839962,814,811,6
839972,810,811,6
839982,813,811,6
839992,815,811,6
840002,809,811,6
840013,816,811,6
840023,811,811,6
840033,813,811,6
840043,814,811,6
840053,808,811,6
840064,814,811,6
840074,812,811,6
840084,811,811,6
840094,815,811,6
840104,810,811,6
840115,813,811,6
840125,814,811,6
840135,810,811,6
840145,815,811,6
840155,810,811,6
840166,814,811,6
840176,814,812,5
840186,810,812,5
840196,813,812,5
840206,812,812,5
840217,812,812,5
840227,815,812,5
840237,809,812,5
840247,814,812,5
840257,813,812,5
840268,810,812,5
840278,815,812,5
840288,810,812,5
840298,813,812,5
840308,814,812,5
840319,810,812,5
840329,814,812,5
840339,810,812,5
840349,813,812,5
840359,812,812,5
840370,807,812,5
840380,811,812,5
840390,811,812,5
840400,811,812,5
840410,813,812,5
840421,807,812,5
840431,813,812,5
840441,811,812,5
840451,810,812,5
840461,812,812,5
840472,807,812,5
840482,812,812,5
840492,814,812,5
840502,808,812,5
840512,813,812,5
840523,809,812,5
840533,812,812,5
840543,813,812,5
840553,808,812,5
840563,812,812,5
840574,809,812,5
840584,809,812,5
840594,813,812,5
840604,808,812,5
840614,812,812,5
840625,811,812,5
840635,809,812,5
OSM
840656,411,409,2
840666,409,409,2
840676,409,409,2
840686,405,409,2
840697,409,409,2
840707,408,409,2
840717,407,409,2
840727,409,409,2
840737,407,409,2
840748,410,409,2
840758,410,409,2
840768,408,409,2
840778,410,409,2
840788,407,409,2
840799,410,409,2
840809,410,409,2
840819,407,409,2
840829,410,409,2
840839,409,409,2
840850,409,409,2
840860,410,409,2
840870,406,409,2
840880,409,409,2
840890,410,409,2
840901,409,409,2
840911,411,409,2
840921,408,409,2
840931,410,409,2
840941,409,409,2
840952,407,409,2
840962,409,409,2
840972,407,409,2
840982,408,408,3
840992,410,408,3
841003,406,408,3
841013,409,408,3
841023,407,408,3
841033,409,408,2
841043,409,408,2
841054,406,408,2
841064,409,408,2
841074,408,408,2
841084,408,408,2
841094,409,408,2
841105,407,408,2
841115,409,408,2
841125,408,408,2
841135,408,408,2
841145,411,408,2
841156,408,408,2
841166,408,408,2
841176,409,408,2
841186,407,408,2
841196,410,408,2
841207,408,408,2
841217,408,408,2
841227,410,408,2
841237,408,408,2
841247,410,408,2
841258,408,408,2
841268,407,408,2
841278,409,408,2
841288,406,408,2
841298,408,408,2
841309,409,408,2
841319,407,408,2
841329,409,408,2
841339,408,408,2
841349,409,408,2
841360,410,408,2
841370,409,408,2
841380,409,408,2
841390,408,408,2
841400,408,408,2
841411,410,408,2
841421,406,408,2
841431,409,408,2
841441,409,408,2
841451,408,408,2
841462,409,408,2
841472,407,408,2
841482,409,408,2
841492,409,408,2
841502,406,408,2
841513,409,408,2
841523,408,408,2
841533,407,408,2
841543,409,408,2
841553,407,408,2
841564,409,408,2
841574,408,408,2
841584,407,408,2
841594,409,408,2
841604,406,408,2
841615,409,408,2
841625,409,408,2
841635,406,408,2
841645,409,408,2
841655,408,408,1
841666,408,408,1
841676,410,408,1
841686,406,408,1
841696,409,408,1
841706,408,408,1
841717,408,408,1
841727,410,408,1
841737,407,408,1
841747,409,408,1
841757,409,408,1
841768,407,408,1
841778,409,408,1
841788,406,408,1
841798,410,408,1
841808,409,408,1
841819,407,408,1
841829,410,408,1
841839,407,408,1
841849,408,408,1
841859,410,408,1
841870,406,408,1
SIM
841890,834,816,7
841900,820,816,7
841910,820,816,7
841921,816,816,7
841931,819,816,7
841941,817,816,7
841951,816,816,7
841961,819,816,7
841972,815,816,7
841982,818,816,7
841992,819,816,7
842002,815,816,7
842012,821,816,8
842023,815,816,8
842033,818,816,7
842043,819,816,8
842053,813,816,8
842063,819,816,8
842074,817,816,8
842084,817,816,8
842094,819,816,8
842104,813,816,8
842114,818,816,8
842125,818,816,8
842135,814,816,8
842145,819,816,8
842155,813,816,8
842165,819,816,8
842176,819,816,8
842186,814,816,8
842196,819,816,8
842206,814,816,8
842216,817,816,8
842227,819,816,8
842237,813,816,8
842247,818,816,8
842257,816,816,8
842267,817,816,8
842278,819,816,8
842288,814,816,8
842298,818,816,8
842308,817,816,8
842318,816,816,8
842329,819,816,8
842339,814,816,8
842349,818,816,8
842359,819,816,8
842369,814,816,8
842380,819,816,8
842390,815,816,8
842400,817,816,8
842410,818,816,8
842420,815,816,8
842431,819,816,8
842441,816,816,8
842451,816,816,8
842461,818,816,8
842471,814,816,8
842482,818,816,8
842492,817,816,7
842502,814,816,7
842512,818,816,7
842522,815,816,7
842533,817,816,7
842543,818,816,7
842553,812,816,7
842563,818,816,7
842573,815,816,7
842584,816,816,7
842594,819,816,7
842604,812,816,8
842614,817,816,8
842624,817,816,7
842635,816,816,7
842645,819,816,7
842655,813,816,7
842665,818,816,7
842675,818,816,7
842686,814,816,7
842696,818,816,7
842706,815,816,7
842716,816,816,7
842726,818,816,7
842737,814,816,7
842747,818,816,7
842757,814,816,7
842767,815,816,7
842777,819,816,7
842788,813,816,7
842798,818,816,7
842808,816,816,7
842818,814,816,7
842828,819,816,7
842839,814,816,7
842849,817,816,7
842859,817,816,7
842869,813,816,7
842879,819,816,7
842890,816,816,7
842900,816,816,7
842910,817,816,7
842920,812,816,7
842930,818,816,7
842941,816,816,7
842951,815,816,7
842961,818,816,7
842971,813,816,7
842981,818,816,7
842992,817,816,7
843002,814,816,7
843012,817,816,7
843022,814,816,7
843032,818,816,7
843043,819,816,7
843053,813,816,7
843063,819,816,7
843073,814,816,7
843083,817,816,7
843094,819,816,7
843104,813,816,7
RIM
843124,819,812,5
843134,810,812,5
843144,812,812,5
843155,807,812,5
843165,812,812,5
843175,811,812,5
843185,808,812,5
843195,813,812,5
843206,807,811,6
843216,812,811,6
843226,812,811,6
843236,808,811,6
843246,812,811,6
843257,808,811,6
843267,811,811,6
843277,813,811,6
843287,808,811,6
843297,814,811,6
843308,812,811,6
843318,811,811,6
843328,814,811,6
843338,810,811,6
843348,813,811,6
843359,813,811,6
843369,810,811,6
843379,814,811,6
843389,810,811,6
843399,813,811,6
843410,814,811,6
843420,809,811,6
843430,814,811,6
843440,811,811,6
843450,812,811,5
843461,813,811,5
843471,808,811,6
843481,814,811,5
843491,813,811,5
843501,812,811,5
843512,814,811,5
843522,811,811,5
843532,813,811,5
843542,815,811,5
843552,810,811,5
843563,813,811,5
843573,809,811,5
843583,813,811,5
843593,814,811,5
843603,809,811,5
843614,813,811,5
843624,811,811,5
843634,811,811,5
843644,814,811,5
843654,810,811,5
843665,813,811,5
843675,814,811,5
843685,811,811,5
843695,814,811,5
843705,810,811,5
843716,812,811,5
843726,814,811,5
843736,809,811,5
843746,814,811,5
843756,811,811,5
843767,812,811,5
843777,816,811,5
843787,808,811,5
843797,814,811,5
843807,812,811,5
843818,810,811,5
843828,815,811,5
843838,809,811,5
843848,814,811,5
843858,813,811,5
843869,809,811,5
843879,815,811,5
843889,811,811,5
843899,813,811,5
843909,815,811,5
843920,809,811,5
843930,814,811,5
843940,812,811,5
843950,813,811,5
843960,814,811,5
843971,808,811,5
843981,813,811,5
843991,812,811,5
844001,811,811,5
844011,815,811,5
844022,810,811,5
844032,814,811,5
844042,814,811,5
844052,810,811,5
844062,814,811,5
844073,810,811,5
844083,815,811,5
844093,814,811,5
844103,808,811,5
844113,814,811,5
844124,812,811,5
844134,811,811,5
844144,814,811,5
844154,808,811,5
844164,814,811,5
844175,812,811,5
844185,810,811,5
844195,814,811,5
844205,810,811,5
844215,813,811,5
844226,814,811,5
844236,809,811,5
844246,815,811,5
844256,811,811,5
844266,812,811,5
844277,814,811,5
844287,809,811,5
844297,813,811,5
844307,812,811,5
844317,811,811,5
844328,814,811,5
844338,810,811,5
OSM
844359,416,408,2
844369,411,408,2
844379,410,408,2
844390,409,408,2
844400,413,408,2
844410,410,408,2
844420,407,408,2
844430,409,408,2
844441,409,408,2
844451,409,408,2
844461,410,408,2
844471,407,408,2
844481,409,408,2
844492,409,408,2
844502,407,408,2
844512,410,408,2
844522,408,408,2
844532,410,408,2
844543,411,408,2
844553,406,408,2
844563,410,408,2
844573,409,408,2
844583,409,408,2
844594,410,408,2
844604,406,408,2
844614,411,408,2
844624,409,408,2
844634,408,408,2
844645,410,408,2
844655,406,408,2
844665,410,408,2
844675,409,408,2
844685,408,408,2
844696,410,408,2
844706,407,408,2
844716,409,408,2
844726,411,408,2
844736,407,408,2
844747,410,408,2
844757,407,408,2
844767,409,408,2
844777,410,408,2
844787,407,408,2
844798,409,408,2
844808,409,408,2
844818,409,408,2
844828,410,408,2
844838,407,408,2
844849,409,408,2
844859,410,408,2
844869,408,408,2
844879,409,408,2
844889,407,408,2
844900,409,408,2
844910,410,408,2
844920,407,408,2
844930,410,408,2
844940,409,408,2
844951,409,408,2
844961,409,408,2
844971,407,408,2
844981,409,408,2
844991,409,408,2
845002,408,408,2
845012,410,408,2
845022,408,408,2
845032,409,408,2
845042,411,408,2
845053,408,408,2
845063,409,408,2
845073,408,408,2
845083,409,408,2
845093,411,408,2
845104,407,408,2
845114,410,408,2
845124,410,408,2
845134,408,408,2
845144,411,408,2
845155,407,408,2
845165,409,408,2
845175,410,408,2
845185,408,408,2
845195,411,408,2
845206,408,408,2
845216,408,408,2
845226,410,408,2
845236,407,408,2
845246,411,408,3
845257,409,408,3
845267,408,408,3
845277,410,408,3
845287,407,408,3
845297,411,408,3
845308,409,408,3
845318,408,408,3
845328,409,408,3
845338,408,408,3
845348,410,408,3
845359,410,408,3
845369,407,408,3
845379,409,408,3
845389,408,408,3
845399,410,408,3
845410,410,408,3
845420,406,408,3
845430,409,408,3
845440,408,408,3
845450,409,408,3
845461,411,408,3
845471,407,408,3
845481,409,408,3
845491,410,408,3
845501,409,408,3
845512,410,408,3
845522,407,408,3
845532,409,408,3
845542,410,408,3
845552,408,408,3
845563,411,408,3
845573,408,408,3
SIM
845593,834,816,7
845603,815,816,7
845613,819,816,7
845624,815,816,7
845634,817,816,7
845644,819,816,7
845654,814,816,7
845664,818,816,7
845675,817,816,7
845685,816,816,7
845695,819,816,7
845705,813,816,7
845716,817,816,7
845726,819,816,7
845736,813,816,7
845746,818,816,7
845756,814,816,7
845767,817,816,7
845777,818,816,7
845787,813,816,7
845797,818,816,7
845807,815,816,7
845818,815,816,7
845828,819,816,7
845838,813,816,7
845848,817,816,7
845858,818,816,7
845869,814,816,7
845879,818,816,7
845889,813,816,7
845899,817,816,7
845909,819,816,7
845920,813,816,7
845930,818,816,7
845940,814,816,7
845950,816,816,7
845960,819,816,7
845971,813,816,7
845981,818,816,7
845991,816,816,7
846001,815,816,7
846011,818,816,7
846022,813,816,7
846032,818,816,7
846042,817,816,7
846052,814,816,7
846062,820,816,7
846073,813,816,7
846083,817,816,7
846093,819,816,7
846103,813,816,7
846113,818,816,7
846124,815,816,7
846134,818,816,7
846144,819,816,7
846154,813,816,7
846164,820,816,7
846175,816,816,7
846185,815,816,7
846195,819,816,7
846205,814,816,7
846215,818,816,7
846226,817,816,7
846236,813,816,7
846246,818,816,7
846256,813,816,7
846266,818,816,7
846277,819,816,7
846287,813,816,7
846297,819,816,7
846307,815,816,7
846317,816,816,7
846328,819,816,7
846338,813,816,7
846348,818,816,7
846358,816,816,7
846368,815,816,7
846379,819,816,7
846389,812,816,7
846399,816,816,7
846409,817,816,7
846419,814,816,7
846430,817,816,7
846440,814,816,7
846450,816,816,7
846460,818,816,7
846470,813,816,7
846481,818,816,7
846491,815,816,7
846501,816,816,7
846511,818,816,7
846521,814,816,7
846532,818,816,7
846542,817,816,7
846552,815,816,7
846562,818,816,7
846572,813,816,7
846583,818,816,7
846593,819,816,7
846603,812,816,7
846613,818,816,7
846623,816,816,7
846634,817,816,7
846644,818,816,7
846654,813,816,7
846664,819,816,7
846674,816,816,7
846685,816,816,7
846695,821,816,7
846705,812,816,7
846715,818,816,7
846725,818,816,7
846736,814,816,7
846746,818,816,7
846756,813,816,7
846766,817,816,7
846776,819,816,7
846787,814,816,7
846797,820,816,7
846807,814,816,7
RIM
846827,820,811,6
846837,810,811,6
846848,812,811,6
846858,811,811,5
846868,810,811,5
846878,815,811,6
846888,809,811,5
846899,813,811,5
846909,812,812,4
846919,810,812,4
846929,814,812,4
846939,810,812,4
846950,813,812,4
846960,812,812,4
846970,808,812,4
846980,814,812,4
846990,810,812,4
847001,811,812,4
847011,815,812,4
847021,810,812,4
847031,815,812,4
847041,811,812,4
847052,810,812,4
847062,816,812,4
847072,810,812,4
847082,813,812,4
847092,812,812,4
847103,808,812,4
847113,813,812,4
847123,809,812,4
847133,812,812,4
847143,815,812,4
847154,809,812,5
847164,814,812,5
847174,811,812,4
847184,812,812,4
847194,814,812,4
847205,808,812,5
847215,815,812,5
847225,814,812,5
847235,811,812,5
847245,814,812,5
847256,809,812,5
847266,813,812,5
847276,814,812,5
847286,808,812,5
847296,814,812,5
847307,809,812,5
847317,813,812,5
847327,815,812,5
847337,809,812,5
847347,814,812,5
847358,811,812,5
847368,813,812,5
847378,815,812,5
847388,809,812,5
847398,814,812,5
847409,812,812,5
847419,810,812,5
847429,815,812,5
847439,809,812,5
847449,812,812,5
847460,813,812,5
847470,810,812,5
847480,813,812,5
847490,811,812,5
847500,812,812,5
847511,814,812,5
847521,809,812,5
847531,814,812,5
847541,812,812,5
847551,811,812,5
847562,813,812,5
847572,809,812,5
847582,813,812,5
847592,814,812,5
847602,809,812,5
847613,813,811,6
847623,808,811,6
847633,811,811,6
847643,813,811,6
847653,808,811,6
847664,813,811,6
847674,809,811,6
847684,812,811,6
847694,815,811,6
847704,809,811,6
847715,813,811,6
847725,812,811,6
847735,811,811,6
847745,815,811,6
847755,810,811,6
847766,813,811,6
847776,814,811,6
847786,809,811,5
847796,815,811,6
847806,810,811,5
847817,811,811,5
847827,814,811,5
847837,809,811,6
847847,814,811,6
847857,811,811,5
847868,810,811,5
847878,814,811,5
847888,809,811,5
847898,813,811,5
847908,813,811,5
847919,810,811,5
847929,814,811,5
847939,810,811,5
847949,814,811,5
847959,813,811,5
847970,809,811,5
847980,814,811,5
847990,810,811,5
848000,812,811,5
848010,814,811,5
848021,808,811,5
848031,814,811,5
848041,811,811,5
OSM
848062,413,408,2
848072,411,408,2
848082,409,408,2
848092,410,408,2
848103,409,408,2
848113,415,408,3
848123,407,408,3
848133,410,408,3
848143,410,408,3
848154,407,408,3
848164,410,408,3
848174,408,408,3
848184,409,408,3
848194,410,408,3
848205,407,408,3
848215,409,408,3
848225,409,408,3
848235,408,408,3
848245,410,408,3
848256,401,408,3
848266,409,408,3
848276,409,408,3
848286,407,408,3
848296,409,408,3
848307,408,408,3
848317,409,408,3
848327,409,408,3
848337,407,408,3
848347,409,408,3
848358,409,408,3
848368,408,408,3
848378,409,408,3
848388,406,408,3
848398,409,408,3
848409,408,408,3
848419,408,408,3
848429,409,408,3
848439,407,408,3
848449,409,408,3
848460,410,408,3
848470,407,408,3
848480,410,408,3
848490,407,408,3
848500,409,408,3
848511,410,408,3
848521,406,408,3
848531,409,408,3
848541,409,408,3
848551,409,408,3
848562,413,408,3
848572,408,408,3
848582,409,408,3
848592,410,408,3
848602,408,408,3
848613,410,408,3
848623,407,408,3
848633,409,408,3
848643,429,409,5
848653,407,409,5
848664,410,409,5
848674,408,409,5
848684,408,409,5
848694,410,409,5
848704,406,409,6
848715,411,409,6
848725,410,409,6
848735,408,409,6
848745,410,409,6
848755,408,409,6
848766,412,409,6
848776,410,409,6
848786,407,409,6
848796,410,409,6
848806,408,409,6
848817,410,409,6
848827,409,409,6
848837,407,409,6
848847,409,409,6
848857,408,409,6
848868,408,409,6
848878,409,408,7
848888,407,408,7
848898,409,408,6
848908,408,408,6
848919,410,408,7
848929,409,408,6
848939,406,408,7
848949,409,408,6
848959,409,408,6
848970,406,408,6
848980,409,408,6
848990,408,408,6
849000,409,408,6
849010,409,408,6
849021,407,408,6
849031,409,408,6
849041,409,408,6
849051,408,408,6
849061,409,408,6
849072,407,408,6
849082,409,408,6
849092,408,408,6
849102,408,408,6
849112,409,408,6
849123,407,408,6
849133,409,408,6
849143,409,408,6
849153,407,408,6
849163,410,408,6
849174,407,408,6
849184,408,408,6
849194,410,408,6
849204,406,408,6
849214,410,408,6
849225,408,408,6
849235,408,408,6
849245,410,408,6
849255,408,408,6
849265,409,408,6
849276,410,408,6
SIM
849296,836,816,8
849306,817,816,8
849316,819,816,8
849326,820,816,8
849337,815,816,8
849347,821,816,8
849357,815,816,8
849367,819,816,8
849377,819,816,8
849388,814,816,8
849398,818,816,8
849408,817,816,8
849418,817,816,8
849428,818,816,8
849439,815,816,8
849449,817,816,8
849459,817,816,8
849469,814,816,8
849479,819,816,8
849490,816,816,8
849500,817,816,8
849510,819,816,8
849520,814,816,8
849530,819,816,8
849541,817,816,8
849551,817,816,8
849561,819,816,8
849571,814,816,8
849581,818,816,8
849592,817,816,8
849602,815,816,8
849612,818,816,8
849622,814,816,8
849632,818,816,8
849643,818,816,8
849653,814,816,8
849663,819,816,8
849673,815,816,8
849683,818,816,8
849694,820,816,8
849704,813,816,8
849714,819,816,8
849724,816,816,8
849734,816,816,8
849745,819,816,8
849755,813,816,8
849765,818,816,8
849775,817,816,8
849785,816,816,8
849796,819,816,8
849806,814,816,8
849816,818,816,8
849826,817,816,8
849836,815,816,8
849847,819,816,8
849857,815,816,8
849867,817,816,8
849877,819,816,8
849887,814,816,8
849898,819,816,8
849908,815,816,8
849918,816,816,8
849928,818,816,8
849938,815,816,8
849949,819,816,8
849959,817,816,8
849969,815,816,8
849979,819,816,8
849989,814,816,8
850000,817,816,8
850010,818,816,8
850020,814,816,8
850030,819,816,8
850040,815,816,8
850051,818,816,8
850061,818,816,8
850071,815,816,8
850081,818,816,8
850091,817,816,8
850102,818,816,8
850112,819,816,8
850122,813,816,8
850132,818,816,8
850142,816,816,8
850153,814,816,8
850163,818,816,8
850173,813,816,8
850183,819,816,8
850193,818,816,8
850204,815,816,8
850214,818,816,8
850224,816,816,8
850234,817,816,8
850244,818,816,8
850255,814,816,8
850265,819,816,8
850275,817,816,8
850285,814,816,8
850295,820,816,8
850306,814,816,8
850316,818,816,8
850326,818,816,8
850336,813,816,8
850346,819,816,8
850357,815,816,8
850367,817,816,8
850377,817,816,8
850387,813,816,8
850397,819,816,8
850408,816,816,8
850418,817,816,7
850428,818,816,7
850438,813,816,8
850448,819,816,8
850459,817,816,8
850469,815,816,8
850479,817,816,7
850489,814,816,7
850499,817,816,7
850510,819,816,7
RIM
850530,819,811,5
850540,810,811,5
850550,812,811,5
850561,814,811,5
850571,810,811,5
850581,814,811,5
850591,812,811,5
850601,812,811,5
850612,814,811,5
850622,811,811,5
850632,814,811,5
850642,813,811,5
850652,811,811,5
850663,815,811,5
850673,810,811,5
850683,814,811,5
850693,814,812,4
850703,810,811,5
850714,815,811,5
850724,811,812,4
850734,813,811,5
850744,814,812,4
850754,810,812,4
850765,814,811,5
850775,812,812,4
850785,812,812,4
850795,815,812,4
850805,811,812,4
850816,814,812,4
850826,813,812,4
850836,811,812,4
850846,814,812,4
850856,811,812,4
850867,813,812,4
850877,814,812,4
850887,811,812,4
850897,815,812,4
850907,811,812,4
850918,813,812,4
850928,815,812,4
850938,810,812,4
850948,814,812,4
850958,813,812,4
850969,811,812,4
850979,815,812,4
850989,810,812,4
850999,814,812,4
851009,815,812,4
851020,811,812,4
851030,814,812,4
851040,811,812,4
851050,813,812,4
851060,816,812,4
851071,810,812,4
851081,814,812,4
851091,813,812,4
851101,814,812,4
851111,815,812,4
851122,810,812,4
851132,814,812,4
851142,813,812,4
851152,812,812,4
851162,815,812,4
851173,809,812,4
851183,813,812,4
851193,814,812,4
851203,810,812,4
851213,814,812,4
851224,810,812,4
851234,812,812,4
851244,814,812,4
851254,809,812,4
851264,815,812,4
851275,812,812,4
851285,812,812,4
851295,813,812,4
851305,809,812,4
851315,814,812,4
851326,812,812,4
851336,810,812,4
851346,814,812,4
851356,810,812,4
851366,812,812,4
851377,813,812,4
851387,809,812,4
851397,812,812,4
851407,810,812,4
851417,812,812,4
851428,813,812,4
851438,809,812,4
851448,814,812,4
851458,812,812,4
851468,811,812,4
851479,813,812,4
851489,809,812,4
851499,813,812,4
851509,813,812,4
851519,810,812,4
851530,813,812,4
851540,810,812,3
851550,813,812,3
851560,813,812,3
851570,809,812,3
851581,812,812,3
851591,811,812,3
851601,812,812,3
851611,814,812,3
851621,808,812,4
851632,812,812,3
851642,812,812,3
851652,811,812,3
851662,814,812,3
851672,809,812,3
851683,812,812,3
851693,814,812,3
851703,809,812,3
851713,813,812,3
851723,809,812,3
851734,811,812,3
851744,814,812,3
OSM
851765,415,408,6
851775,412,408,6
851785,410,408,6
851795,410,408,6
851806,409,408,6
851816,415,408,6
851826,410,408,6
851836,409,408,6
851846,412,408,7
851857,409,408,7
851867,411,408,7
851877,411,408,7
851887,408,408,7
851897,411,408,7
851908,408,408,7
851918,409,408,7
851928,410,408,7
851938,408,408,7
851948,410,408,7
851959,411,409,5
851969,407,409,5
851979,410,409,5
851989,407,409,5
851999,409,409,5
852010,409,409,5
852020,407,409,5
852030,410,409,5
852040,408,409,5
852050,408,409,5
852061,409,409,5
852071,407,409,5
852081,410,409,5
852091,409,409,5
852101,408,409,5
852112,410,409,5
852122,406,409,5
852132,409,409,5
852142,410,409,5
852152,408,409,5
852163,411,409,5
852173,408,409,5
852183,409,409,5
852193,410,409,5
852203,408,409,5
852214,411,409,5
852224,408,409,5
852234,408,409,5
852244,410,409,5
852254,408,409,5
852265,414,409,5
852275,409,409,5
852285,409,409,5
852295,410,409,5
852305,409,409,5
852316,411,409,5
852326,411,409,5
852336,408,409,5
852346,410,409,2
852356,408,409,2
852367,413,409,2
852377,411,409,2
852387,408,409,2
852397,410,409,2
852407,408,409,2
852418,410,409,2
852428,411,409,2
852438,407,409,2
852448,410,409,2
852458,409,409,2
852469,412,409,2
852479,411,409,2
852489,408,409,2
852499,409,409,2
852509,411,409,2
852520,409,409,2
852530,410,409,2
852540,408,409,2
852550,410,409,2
852560,410,409,2
852571,411,409,2
852581,410,409,2
852591,409,409,2
852601,410,409,2
852611,411,409,2
852622,408,409,2
852632,410,409,2
852642,409,409,2
852652,409,409,2
852662,411,409,2
852673,413,409,2
852683,410,409,2
852693,410,409,2
852703,408,409,2
852713,411,409,2
852724,408,409,2
852734,410,409,2
852744,410,409,2
852754,407,409,2
852764,411,409,2
852775,417,409,3
852785,409,409,3
852795,410,409,3
852805,408,409,3
852815,410,409,3
852826,410,409,3
852836,409,409,3
852846,410,409,3
852856,408,409,3
852866,411,409,3
852877,416,409,3
852887,407,409,3
852897,411,409,3
852907,408,409,3
852917,409,409,3
852928,416,409,4
852938,408,409,4
852948,409,409,4
852958,409,409,4
852968,409,409,4
852979,417,409,4
SIM
852999,835,816,7
853009,819,816,7
853019,815,816,7
853030,819,816,7
853040,813,816,7
853050,818,816,7
853060,819,816,7
853070,814,816,7
853081,819,816,7
853091,815,816,7
853101,818,816,7
853111,819,816,7
853121,815,816,7
853132,819,816,7
853142,817,816,7
853152,818,816,7
853162,818,816,7
853172,814,816,7
853183,817,816,7
853193,818,816,7
853203,815,816,7
853213,818,816,7
853223,815,816,7
853234,817,816,7
853244,818,816,7
853254,814,816,7
853264,818,816,7
853274,815,816,7
853285,816,816,7
853295,820,816,7
853305,813,816,7
853315,818,816,7
853325,817,816,7
853336,815,816,7
853346,820,816,7
853356,814,816,7
853366,818,816,7
853376,817,816,7
853387,814,816,7
853397,818,816,7
853407,814,816,7
853417,816,816,7
853427,817,816,7
853438,813,816,7
853448,818,816,7
853458,815,816,7
853468,816,816,7
853478,817,816,7
853489,814,816,7
853499,818,816,7
853509,817,816,7
853519,815,816,7
853529,818,816,7
853540,814,816,7
853550,817,816,7
853560,819,816,7
853570,814,816,7
853580,818,816,7
853591,815,816,7
853601,817,816,7
853611,818,816,7
853621,812,816,7
853631,817,816,7
853642,815,816,7
853652,816,816,7
853662,820,816,7
853672,813,816,7
853682,817,816,7
853693,816,816,7
853703,817,816,7
853713,820,816,7
853723,813,816,7
853733,817,816,7
853744,819,816,7
853754,815,816,7
853764,818,816,7
853774,816,816,7
853784,818,816,7
853795,819,816,7
853805,815,816,7
853815,818,816,7
853825,816,816,7
853835,816,816,7
853846,819,816,7
853856,814,816,7
853866,819,816,7
853876,817,816,7
853886,815,816,7
853897,818,816,7
853907,814,816,7
853917,818,816,7
853927,818,816,7
853937,813,816,7
853948,819,816,7
853958,815,816,7
853968,817,816,7
853978,819,816,7
853988,814,816,7
853999,819,816,7
854009,816,816,7
854019,815,816,7
854029,819,816,7
854039,813,816,7
854050,818,816,7
854060,818,816,7
854070,814,816,7
854080,818,816,7
854090,814,816,7
854101,817,816,7
854111,820,816,7
854121,814,816,7
854131,818,816,7
854141,816,816,7
854152,818,816,7
854162,818,816,7
854172,814,816,7
854182,818,816,7
854192,817,816,7
854203,815,816,7
854213,819,816,7
RIM
854233,823,812,4
854243,814,812,4
854254,809,812,4
854264,812,812,4
854274,810,812,4
854284,812,812,4
854294,813,812,4
854305,810,812,4
854315,813,812,4
854325,813,812,4
854335,812,812,4
854345,815,812,4
854356,810,812,4
854366,814,812,4
854376,813,812,4
854386,811,812,4
854396,815,812,4
854407,811,812,4
854417,813,812,4
854427,814,812,4
854437,810,812,4
854447,815,812,4
854458,810,812,4
854468,812,812,4
854478,814,812,4
854488,809,812,4
854498,815,812,4
854509,813,812,4
854519,811,812,4
854529,814,812,4
854539,810,812,4
854549,813,812,4
854560,812,812,4
854570,811,812,4
854580,814,812,4
854590,810,812,4
854600,813,812,4
854611,813,812,4
854621,809,812,4
854631,814,812,4
854641,811,812,4
854651,812,812,4
854662,814,812,4
854672,809,812,4
854682,814,812,4
854692,813,812,4
854702,812,812,4
854713,814,812,4
