Polling for available serial device...
Opening serial monitor for com port: "/dev/ttyACM0"
Serial monitor opened successfully:
667837,369,367,2
667848,365,367,2
667858,367,367,2
667868,366,367,2
667878,366,367,2
667888,369,367,2
667899,366,367,2
667909,366,367,2
667919,368,367,2
667929,365,367,2
667939,367,367,2
667950,367,367,2
667960,366,367,2
SIM
667980,836,820,6
667990,826,820,7
668000,823,820,7
668011,818,820,7
668021,823,820,7
668031,817,820,7
668041,822,820,7
668051,823,820,7
668062,818,820,7
668072,822,820,7
668082,819,820,7
668092,822,820,7
668102,823,820,7
668113,818,820,7
668123,822,820,7
668133,821,820,7
668143,819,820,7
668153,824,820,7
668164,818,820,7
668174,821,820,7
668184,822,820,7
668194,819,820,7
668204,822,820,7
668215,818,820,7
668225,821,820,7
668235,822,820,7
668245,818,820,7
668256,822,820,7
668266,819,820,7
668276,820,820,7
668286,823,820,7
668296,817,820,7
668307,822,820,7
668317,822,820,7
668327,819,820,7
668337,823,820,7
668347,817,820,7
668358,822,820,7
668368,822,820,7
668378,818,820,7
668388,823,820,7
668398,818,820,7
668409,820,820,7
668419,822,820,7
668429,817,820,7
668439,822,820,7
668449,818,820,7
668460,820,820,7
668470,822,820,7
668480,818,820,7
668490,822,820,7
668500,821,820,7
668511,818,820,7
668521,822,820,7
668531,818,820,7
668541,821,820,7
668551,823,820,7
668562,817,820,7
668572,823,820,7
668582,818,820,7
668592,820,820,7
668602,822,820,7
668613,817,820,7
668623,821,820,7
668633,820,820,7
668643,819,820,7
668653,822,820,7
668664,818,820,7
668674,822,820,7
668684,822,820,7
668694,818,820,7
668704,823,820,7
668715,818,820,7
668725,819,820,7
668735,823,820,7
668745,817,820,7
668755,821,820,7
668766,819,820,7
668776,820,820,7
668786,822,820,7
668796,817,820,7
668806,821,820,7
668817,819,820,7
668827,818,820,7
668837,822,820,7
668847,817,820,7
668857,821,820,7
668868,822,820,7
668878,817,820,7
668888,823,820,7
668898,818,820,7
668908,821,820,7
668919,822,820,7
668929,817,820,7
668939,822,820,7
668949,819,820,7
668959,819,820,6
668970,823,820,6
668980,817,820,7
668990,821,820,7
669000,819,820,6
669010,818,820,6
669021,823,820,6
669031,834,820,8
669041,823,820,8
669051,822,820,8
669061,818,820,8
669072,824,820,8
669082,816,820,8
669092,820,820,8
669102,822,820,8
669112,817,820,8
669123,821,820,8
669133,818,820,8
669143,819,820,8
669153,823,820,8
669163,816,820,8
669174,821,820,8
669184,820,820,8
669194,818,820,8
RIM
669214,829,821,6
669225,823,821,6
669235,822,821,6
669245,818,821,6
669255,823,821,6
669265,821,821,6
669276,823,821,6
669286,825,821,6
669296,820,821,6
669306,825,821,6
669316,822,821,6
669327,821,821,6
669337,824,821,6
669347,819,821,6
669357,823,821,6
669367,823,821,6
669378,820,821,6
669388,824,821,6
669398,819,821,6
669408,822,821,6
669418,824,821,5
669429,819,821,5
669439,824,821,5
669449,820,821,5
669459,822,821,5
669469,824,821,5
669480,818,821,5
669490,825,821,6
669500,823,821,5
669510,823,821,5
669520,826,821,6
669531,821,821,6
669541,824,821,6
669551,824,821,6
669561,821,821,6
669571,824,821,6
669582,819,821,6
669592,822,821,6
669602,823,821,6
669612,819,821,6
669622,824,821,6
669633,820,821,6
669643,821,821,6
669653,823,821,6
669663,819,821,6
669673,823,821,6
669684,823,821,5
669694,820,821,5
669704,824,821,5
669714,819,821,5
669724,823,821,5
669735,823,821,5
669745,819,821,5
669755,824,821,5
669765,819,821,5
669775,823,821,5
669786,824,821,5
669796,819,821,5
669806,824,821,5
669816,821,821,5
669826,822,821,5
669837,824,821,5
669847,819,821,5
669857,823,821,5
669867,822,821,5
669877,820,821,5
669888,824,821,5
669898,819,821,5
669908,823,821,5
669918,824,821,5
669928,819,821,5
669939,824,821,5
669949,821,821,5
669959,822,821,5
669969,824,821,5
669979,817,821,5
669990,823,821,5
670000,821,821,5
670010,822,821,5
670020,824,821,5
670030,819,821,5
670041,824,821,5
670051,823,821,5
670061,820,821,5
670071,824,821,5
670081,819,821,5
670092,823,821,5
670102,824,821,5
670112,819,821,5
670122,824,821,5
670132,820,821,5
670143,822,821,5
670153,824,821,5
670163,817,821,5
670173,824,821,5
670183,821,821,5
670194,821,821,5
670204,824,821,5
670214,818,821,5
670224,823,821,5
670234,823,821,5
670245,820,821,5
670255,824,821,5
670265,819,821,5
670275,823,821,5
670285,823,821,5
670296,819,821,5
670306,823,821,5
670316,820,821,5
670326,822,821,5
670336,825,821,5
670347,818,821,5
670357,823,821,5
670367,821,821,5
670377,820,821,5
670387,824,821,5
670398,819,821,5
670408,823,821,5
670418,824,821,5
670428,819,821,5
OSM
670449,372,367,2
670459,376,367,2
670469,370,367,2
670479,367,367,2
670490,369,367,2
670500,368,367,2
670510,368,367,2
670520,369,367,2
670530,366,367,2
670541,368,367,2
670551,368,367,2
670561,367,367,2
670571,368,367,2
670581,366,367,2
670592,368,367,2
670602,369,367,2
670612,365,367,2
670622,370,367,2
670632,367,367,2
670643,368,367,2
670653,369,367,2
670663,366,367,2
670673,370,367,2
670683,367,367,2
670694,366,367,2
670704,368,367,2
670714,365,367,2
670724,368,367,2
670734,368,367,2
670745,365,367,2
670755,368,367,2
670765,365,367,2
670775,367,367,2
670785,368,367,2
670796,366,367,2
670806,368,367,2
670816,366,367,2
670826,367,367,2
670836,368,367,2
670847,366,367,2
670857,368,367,2
670867,368,367,2
670877,367,367,2
670887,369,367,2
670898,365,367,2
670908,368,367,2
670918,367,367,2
670928,367,367,2
670938,368,367,2
670949,367,367,2
670959,370,367,2
670969,369,367,2
670979,367,367,2
670989,368,367,2
671000,367,367,2
671010,368,367,2
671020,368,367,2
671030,366,367,2
671040,368,367,2
671051,368,367,2
671061,370,367,2
671071,369,367,2
671081,367,367,2
671091,367,367,2
671102,368,367,2
671112,366,367,2
671122,369,367,2
671132,366,367,2
671142,367,367,2
671153,368,367,2
671163,365,367,2
671173,367,367,2
671183,367,367,2
671193,368,367,2
671204,368,367,2
671214,366,367,2
671224,368,367,2
671234,368,367,2
671244,367,367,2
671255,369,367,2
671265,366,367,2
671275,368,367,2
671285,368,367,2
671295,366,367,2
671306,368,367,2
671316,366,367,2
671326,367,367,2
671336,368,367,2
671346,365,367,2
671357,368,367,2
671367,367,367,2
671377,367,367,2
671387,368,367,2
671397,365,367,2
671408,368,367,2
671418,367,367,2
671428,366,367,2
671438,370,367,2
671448,367,367,2
671459,368,367,2
671469,371,367,2
671479,367,367,2
671489,368,367,2
671499,367,367,2
671510,370,367,2
671520,370,367,2
671530,366,367,2
671540,373,367,3
671550,369,367,3
671561,367,367,3
671571,368,367,3
671581,366,367,3
671591,368,367,3
671601,368,367,3
671612,366,367,3
671622,369,367,3
671632,366,367,3
671642,368,367,3
671652,375,367,3
671663,366,367,3
SIM
671683,837,820,8
671693,823,820,8
671703,824,820,8
671713,818,820,8
671724,822,820,8
671734,821,820,8
671744,820,820,8
671754,823,820,8
671764,819,820,8
671775,821,820,8
671785,821,820,8
671795,818,820,8
671805,823,820,8
671815,817,820,8
671826,820,820,8
671836,821,820,8
671846,816,820,8
671856,821,820,8
671866,818,820,8
671877,822,820,8
671887,822,820,8
671897,817,820,8
671907,822,820,8
671917,819,820,8
671928,819,820,8
671938,821,820,8
671948,816,820,8
671958,822,820,8
671968,820,820,8
671979,819,820,8
671989,822,820,8
671999,819,820,8
672009,821,820,8
672019,822,820,8
672030,817,820,8
672040,821,820,8
672050,818,820,8
672060,819,820,8
672070,821,820,8
672081,819,820,8
672091,822,820,8
672101,820,820,8
672111,818,820,8
672121,823,820,8
672132,818,820,8
672142,821,820,8
672152,821,820,8
672162,818,820,8
672172,821,820,8
672183,819,820,8
672193,820,820,8
672203,822,820,8
672213,815,820,8
672223,822,820,8
672234,819,820,8
672244,819,820,8
672254,821,820,8
672264,817,820,8
672274,821,820,8
672285,821,820,8
672295,819,820,8
672305,822,820,8
672315,816,820,8
672325,821,820,8
672336,822,820,8
672346,817,820,8
672356,821,820,8
672366,817,820,8
672376,820,820,8
672387,822,820,8
672397,816,820,8
672407,822,820,8
672417,818,820,8
672427,820,820,8
672438,822,820,8
672448,816,820,8
672458,820,820,8
672468,819,820,8
672478,817,820,8
672489,822,820,8
672499,816,820,8
672509,821,820,8
672519,821,820,8
672529,817,820,8
672540,823,820,8
672550,817,820,8
672560,819,820,8
672570,822,820,8
672580,816,820,8
672591,822,820,8
672601,819,820,8
672611,818,820,8
672621,821,820,8
672631,817,820,8
672642,823,820,8
672652,820,820,8
672662,817,820,8
672672,821,820,8
672682,817,820,8
672693,821,820,8
672703,822,820,8
672713,816,820,8
672723,821,820,8
672733,818,819,8
672744,821,819,8
672754,821,819,7
672764,815,819,8
672774,820,819,7
672784,818,819,7
672795,819,819,7
672805,821,819,7
672815,816,819,7
672825,820,819,7
672835,820,819,7
672846,818,819,7
672856,822,819,7
672866,817,819,7
672876,820,819,7
672886,821,819,7
672897,818,819,7
RIM
672917,832,821,6
672927,824,821,6
672937,827,821,6
672948,820,821,6
672958,825,822,5
672968,823,822,5
672978,822,822,5
672988,825,822,5
672999,820,822,5
673009,823,822,5
673019,824,822,5
673029,820,822,5
673039,825,822,5
673050,822,822,5
673060,824,822,5
673070,825,822,5
673080,820,822,5
673090,824,822,5
673101,822,822,5
673111,822,822,5
673121,825,822,5
673131,820,822,5
673141,824,822,5
673152,823,822,5
673162,821,822,5
673172,825,822,5
673182,820,822,5
673192,823,822,5
673203,825,822,5
673213,820,822,5
673223,824,822,5
673233,820,822,5
673243,823,822,5
673254,824,822,5
673264,820,822,5
673274,824,822,5
673284,822,822,5
673294,822,822,5
673305,825,822,5
673315,820,822,5
673325,824,822,5
673335,822,822,5
673345,821,822,5
673356,824,822,5
673366,820,822,5
673376,824,822,5
673386,825,822,5
673396,818,822,5
673407,825,822,5
673417,820,822,5
673427,822,822,5
673437,824,822,5
673447,818,822,5
673458,824,822,5
673468,822,822,5
673478,823,822,5
673488,824,822,5
673498,819,822,5
673509,824,822,5
673519,823,822,5
673529,821,822,5
673539,826,822,5
673549,821,822,5
673560,823,822,5
673570,825,822,5
673580,820,822,5
673590,824,822,5
673600,821,822,5
673611,822,822,5
673621,825,822,5
673631,819,822,5
673641,824,822,5
673651,822,822,5
673662,822,822,5
673672,824,822,5
673682,820,822,5
673692,824,822,5
673702,823,822,5
673713,820,822,5
673723,825,822,5
673733,820,822,5
673743,823,822,5
673753,824,822,5
673764,820,822,5
673774,824,822,5
673784,821,822,5
673794,822,822,5
673804,824,822,5
673815,819,822,5
673825,824,822,5
673835,822,822,5
673845,821,822,5
673855,823,822,5
673866,819,822,5
673876,824,822,5
673886,824,822,5
673896,819,822,5
673906,824,822,5
673917,820,822,5
673927,823,822,5
673937,824,822,5
673947,819,822,5
673957,823,822,5
673968,821,822,5
673978,822,822,5
673988,824,822,5
673998,819,822,5
674008,823,822,5
674019,824,822,5
674029,821,822,5
674039,824,822,5
674049,820,822,5
674059,823,822,5
674070,824,822,5
674080,820,822,5
674090,825,822,5
674100,821,822,5
674110,822,822,5
674121,825,822,5
674131,820,822,5
OSM
674152,371,367,3
674162,368,367,2
674172,367,367,2
674182,365,367,2
674193,367,367,2
674203,369,367,2
674213,366,367,2
674223,368,367,2
674233,366,367,2
674244,369,367,2
674254,369,367,2
674264,365,367,2
674274,368,367,2
674284,367,367,2
674295,369,367,2
674305,368,367,2
674315,365,367,2
674325,368,367,2
674335,368,367,2
674346,367,367,2
674356,369,367,2
674366,366,367,2
674376,367,367,2
674386,368,367,2
674397,370,367,2
674407,369,367,2
674417,366,367,2
674427,367,367,2
674437,368,367,2
674448,367,367,2
674458,367,367,2
674468,366,367,2
674478,366,367,2
674488,368,367,2
674499,370,367,2
674509,369,367,2
674519,367,367,2
674529,366,367,2
674539,368,367,2
674550,368,367,2
674560,369,367,2
674570,368,367,2
674580,365,367,2
674590,369,367,2
674601,366,367,2
674611,366,367,2
674621,368,367,2
674631,365,367,2
674641,372,367,3
674652,367,367,3
674662,366,367,3
674672,369,367,3
674682,366,367,3
674692,367,367,3
674703,368,367,3
674713,365,367,3
674723,368,367,3
674733,366,367,3
674743,368,367,3
674754,368,367,3
674764,365,367,3
674774,368,367,2
674784,366,367,3
674794,367,367,3
674805,368,367,3
674815,365,367,3
674825,368,367,3
674835,367,367,2
674845,367,367,2
674856,369,367,3
674866,365,367,3
674876,367,367,3
674886,368,367,3
674896,366,367,3
674907,368,367,3
674917,365,367,3
674927,367,367,3
674937,368,367,3
674947,367,367,3
674958,369,367,3
674968,367,367,3
674978,367,367,3
674988,368,367,3
674998,366,367,3
675009,367,367,3
675019,367,367,3
675029,366,367,3
675039,367,367,3
675049,366,367,2
675060,368,367,2
675070,369,367,3
675080,366,367,3
675090,368,367,3
675100,366,367,3
675111,367,367,2
675121,368,367,3
675131,365,367,3
675141,368,367,2
675151,368,367,2
675162,367,367,2
675172,368,367,2
675182,365,367,2
675192,368,367,2
675202,368,367,2
675213,366,367,2
675223,368,367,2
675233,366,367,2
675243,367,367,2
675253,369,367,2
675264,366,367,2
675274,368,367,2
675284,366,367,2
675294,367,367,2
675304,369,367,2
675315,365,367,2
675325,368,367,2
675335,367,367,2
675345,367,367,2
675355,369,367,1
675366,366,367,1
SIM
675386,837,819,7
675396,820,819,7
675406,823,819,7
675417,816,819,7
675427,820,819,7
675437,822,819,7
675447,817,819,7
675457,820,819,7
675468,818,819,7
675478,820,819,7
675488,821,819,7
675498,816,819,7
675508,822,819,7
675519,821,819,7
675529,818,819,7
675539,822,819,7
675549,817,819,7
675559,822,819,7
675570,821,819,7
675580,818,819,7
675590,822,819,7
675600,816,819,7
675610,820,819,7
675621,822,819,7
675631,816,819,7
675641,821,819,7
675651,817,819,7
675661,820,819,7
675672,822,819,7
675682,817,819,7
675692,821,819,7
675702,818,819,7
675712,817,819,7
675723,823,819,7
675733,817,819,7
675743,820,819,7
675753,821,819,7
675763,817,819,7
675774,821,819,7
675784,817,819,7
675794,820,819,7
675804,822,819,7
675814,817,819,7
675825,822,819,7
675835,819,819,7
675845,819,819,7
675855,821,819,7
675865,817,819,7
675876,820,819,7
675886,821,819,7
675896,817,819,7
675906,822,819,7
675916,818,819,7
675927,822,819,7
675937,821,819,7
675947,816,819,7
675957,821,819,7
675967,818,819,7
675978,820,819,7
675988,821,819,7
675998,816,819,7
676008,821,819,7
676018,819,819,7
676029,819,819,7
676039,822,819,7
676049,817,819,7
676059,820,819,7
676069,821,819,7
676080,817,819,7
676090,821,819,7
676100,816,819,7
676110,821,819,7
676120,822,819,7
676131,818,819,7
676141,822,819,7
676151,817,819,7
676161,819,819,7
676171,828,819,8
676182,818,819,8
676192,822,819,8
676202,819,819,7
676212,818,819,7
676222,822,819,8
676233,817,819,8
676243,821,819,7
676253,821,819,7
676263,818,819,7
676273,822,819,7
676284,816,819,7
676294,821,819,7
676304,821,819,7
676314,816,819,7
676324,821,819,7
676335,819,819,7
676345,820,819,7
676355,821,819,7
676365,817,819,7
676375,822,819,7
676386,820,819,7
676396,827,819,8
676406,822,819,8
676416,818,819,8
676426,820,819,8
676437,821,819,8
676447,818,819,8
676457,822,819,8
676467,817,819,8
676477,820,819,8
676488,822,819,8
676498,817,819,8
676508,821,819,8
676518,819,819,8
676528,819,819,8
676539,822,819,8
676549,817,819,8
676559,820,819,8
676569,820,819,8
676579,818,819,8
676590,822,819,8
676600,817,819,8
RIM
676620,834,822,5
676630,822,822,5
676640,824,822,5
676651,818,822,5
676661,823,822,5
676671,823,822,5
676681,819,822,5
676691,822,822,5
676702,819,822,5
676712,821,822,5
676722,823,822,5
676732,818,822,5
676742,822,822,5
676753,822,822,5
676763,819,822,5
676773,824,822,5
676783,819,822,5
676793,821,822,5
676804,823,822,5
676814,819,822,5
676824,824,822,5
676834,820,822,5
676844,821,822,5
676855,822,822,5
676865,818,822,5
676875,822,822,5
676885,822,822,5
676895,820,822,5
676906,824,822,5
676916,818,822,5
676926,823,822,5
676936,822,822,5
676946,818,822,5
676957,823,822,5
676967,819,822,5
676977,822,822,5
676987,824,822,5
676997,817,822,5
677008,822,821,6
677018,820,821,6
677028,821,821,6
677038,824,821,6
677048,817,821,6
677059,822,821,6
677069,822,821,6
677079,820,821,6
677089,824,821,6
677099,817,821,6
677110,822,821,6
677120,821,821,6
677130,819,821,6
677140,824,821,6
677150,818,821,6
677161,821,821,6
677171,823,821,6
677181,818,821,6
677191,823,821,6
677201,818,821,6
677212,820,821,6
677222,823,821,6
677232,818,821,6
677242,822,821,6
677252,820,821,6
677263,819,821,6
677273,823,821,6
677283,818,821,6
677293,823,821,6
677303,821,821,6
677314,817,821,6
677324,823,821,6
677334,819,821,6
677344,822,821,6
677354,822,821,6
677365,817,821,6
677375,823,821,6
677385,820,821,6
677395,821,821,6
677405,822,821,6
677416,817,821,6
677426,822,821,6
677436,822,821,6
677446,819,821,6
677456,823,821,6
677467,819,821,6
677477,822,821,6
677487,823,821,6
677497,819,821,6
677507,822,821,6
677518,818,821,6
677528,819,821,6
677538,822,821,6
677548,817,821,6
677558,822,821,6
677569,819,821,6
677579,820,821,6
677589,823,821,6
677599,818,821,6
677609,821,821,5
677620,821,821,5
677630,819,821,5
677640,823,821,5
677650,819,821,5
677660,821,821,5
677671,822,821,5
677681,818,821,5
677691,822,821,5
677701,820,821,5
677712,822,821,5
677722,826,821,6
677732,819,821,6
677742,823,821,5
677752,823,821,6
677763,820,821,5
677773,825,821,6
677783,820,821,6
677793,824,821,5
677803,824,821,6
677814,820,821,6
677824,825,821,6
677834,820,821,6
OSM
677855,374,367,2
677865,369,367,2
677875,368,367,2
677885,368,367,2
677896,372,367,2
677906,370,367,2
677916,366,367,2
677926,368,367,2
677936,369,367,2
677947,367,367,2
677957,370,367,2
677967,366,367,2
677977,368,367,2
677987,369,367,2
677998,366,367,2
678008,368,367,2
678018,366,367,2
678028,368,367,2
678038,369,367,2
678049,366,367,2
678059,369,367,2
678069,367,367,2
678079,366,367,2
678089,366,367,2
678100,365,367,2
678110,368,367,2
678120,370,367,2
678130,366,367,2
678140,368,367,2
678150,366,367,2
678161,367,367,2
678171,368,367,2
678181,366,367,2
678191,368,367,2
678201,366,367,2
678212,368,367,2
678222,368,367,2
678232,365,367,2
678242,369,367,2
678252,370,367,2
678263,366,367,2
678273,368,367,2
678283,366,367,2
678293,367,367,2
678303,367,367,2
678314,365,367,2
678324,368,367,2
678334,366,367,2
678344,367,367,2
678354,370,367,2
678365,365,367,2
678375,368,367,2
678385,366,367,2
678395,367,367,2
678405,372,367,2
678416,366,367,2
678426,367,367,2
678436,367,367,2
678446,366,367,2
678457,370,367,2
678467,367,367,2
678477,368,367,2
678487,369,367,2
678497,366,367,2
678508,369,367,2
678518,372,367,2
678528,368,367,2
678538,370,367,2
678548,366,367,2
678559,369,367,2
678569,367,367,2
678579,367,367,2
678589,369,367,2
678599,367,367,2
678610,368,367,2
678620,369,367,2
678630,366,367,2
678640,369,367,2
678650,366,367,2
678661,368,367,2
678671,369,367,2
678681,366,367,2
678691,369,367,2
678701,368,367,2
678712,367,367,2
678722,369,367,2
678732,366,367,2
678742,369,367,2
678752,368,367,2
678763,368,367,2
678773,370,367,3
678783,366,367,3
678793,368,367,3
678803,368,367,3
678814,366,367,3
678824,368,367,3
678834,366,367,3
678844,367,367,2
678854,368,367,2
678865,365,367,3
678875,368,367,3
678885,385,367,5
678895,367,367,5
678905,368,367,5
678916,366,367,5
678926,369,367,5
678936,367,367,5
678946,367,367,5
678956,370,367,5
678967,368,367,5
678977,368,367,5
678987,369,367,5
678997,367,367,5
679007,370,367,5
679018,366,367,5
679028,369,367,5
679038,369,367,5
679048,366,367,5
679058,369,367,5
679069,366,367,5
SIM
679089,841,819,9
679099,820,819,9
679109,822,819,9
679119,821,819,9
679130,820,819,9
679140,823,819,9
679150,817,819,9
679160,822,819,9
679170,822,819,9
679181,819,819,9
679191,823,819,9
679201,818,819,9
679211,821,819,9
679221,821,819,9
679232,816,819,9
679242,821,819,9
679252,819,819,9
679262,820,819,9
679273,822,819,9
679283,817,819,9
679293,822,819,9
679303,821,819,9
679313,818,819,9
679324,821,819,9
679334,818,819,9
679344,820,819,9
679354,821,819,9
679364,817,819,9
679375,822,819,9
679385,818,819,9
679395,821,819,9
679405,822,820,8
679415,816,819,9
679426,822,819,9
679436,819,820,8
679446,818,819,9
679456,821,819,9
679466,816,819,9
679477,822,819,9
679487,820,820,8
679497,818,819,9
679507,822,819,9
679517,817,819,9
679528,820,819,9
679538,821,819,9
679548,816,819,9
679558,821,819,9
679568,817,819,9
679579,820,819,9
679589,821,819,9
679599,816,819,9
679609,822,819,9
679619,819,819,9
679630,818,819,9
679640,823,819,9
679650,817,819,9
679660,820,819,9
679670,821,819,9
679681,818,819,9
679691,822,819,9
679701,817,819,9
679711,820,819,9
679721,821,819,9
679732,817,819,9
679742,821,819,9
679752,818,819,9
679762,819,819,9
679772,823,819,9
679783,817,819,9
679793,821,819,9
679803,820,820,8
679813,818,819,9
679823,822,819,9
679834,817,819,9
679844,820,819,9
679854,821,819,9
679864,817,819,9
679874,822,819,9
679885,818,819,9
679895,820,819,8
679905,822,819,9
679915,816,819,9
679925,821,819,9
679936,818,819,9
679946,819,819,9
679956,821,819,9
679966,816,819,9
679976,822,819,9
679987,820,819,9
679997,818,819,8
680007,822,819,9
680017,818,819,8
680027,820,819,8
680038,822,819,9
680048,816,819,9
680058,822,819,9
680068,817,819,9
680078,820,819,9
680089,822,819,9
680099,817,819,8
680109,822,819,8
680119,819,819,8
680129,819,819,8
680140,823,819,8
680150,817,819,8
680160,821,819,8
680170,821,819,8
680181,817,819,8
680191,821,819,8
680201,818,819,8
680211,820,819,8
680221,822,819,8
680232,816,819,8
680242,821,819,8
680252,818,819,8
680262,820,819,8
680272,822,819,8
680283,817,819,8
680293,821,819,8
680303,820,819,8
RIM
680323,833,821,5
680334,820,821,5
680344,824,821,5
680354,823,821,5
680364,820,821,5
680374,824,821,5
680385,821,821,5
680395,824,821,5
680405,825,821,5
680415,819,821,6
680425,825,821,6
680436,821,821,6
680446,823,821,6
680456,826,821,6
680466,820,821,6
680476,824,821,6
680487,823,821,6
680497,822,821,6
680507,825,821,6
680517,820,821,6
680527,824,821,6
680538,825,821,6
680548,821,821,6
680558,825,821,6
680568,820,821,6
680578,823,821,6
680589,824,821,6
680599,819,821,6
680609,824,821,6
680619,823,821,6
680629,822,821,6
680640,825,821,6
680650,820,821,6
680660,824,821,6
680670,824,821,6
680680,821,821,6
680691,825,821,6
680701,820,821,6
680711,823,821,6
680721,825,821,6
680731,819,821,6
680742,826,821,6
680752,820,821,6
680762,823,821,6
680772,825,821,6
680782,819,821,6
680793,825,821,7
680803,822,821,6
680813,822,821,6
680823,825,821,7
680833,820,821,7
680844,825,821,7
680854,824,821,7
680864,820,821,7
680874,825,821,7
680884,821,821,7
680895,824,821,7
680905,825,821,7
680915,820,821,7
680925,824,821,7
680935,822,821,7
680946,824,821,7
680956,825,821,7
680966,819,821,7
680976,824,821,7
680986,823,822,6
680997,823,822,6
681007,825,822,6
681017,820,822,6
681027,824,822,6
681037,824,822,6
681048,821,822,6
681058,824,822,6
681068,820,822,6
681078,823,822,6
681088,825,822,6
681099,820,822,6
681109,824,822,6
681119,822,822,5
681129,822,822,5
681139,825,822,6
681150,820,822,5
681160,823,822,5
681170,822,822,5
681180,821,822,5
681190,825,822,5
681201,822,822,5
681211,824,822,5
681221,825,822,5
681231,820,822,5
681241,825,822,5
681252,822,822,5
681262,823,822,5
681272,824,822,5
681282,820,822,5
681292,825,822,5
681303,824,822,5
681313,822,822,5
681323,824,822,5
681333,820,822,5
681343,823,822,5
681354,825,822,5
681364,821,822,5
681374,825,822,5
681384,820,822,5
681394,823,822,5
681405,827,822,5
681415,820,822,5
681425,825,822,5
681435,821,822,5
681445,823,822,5
681456,827,822,5
681466,820,822,5
681476,825,822,5
681486,823,822,5
681496,821,822,5
681507,827,822,6
681517,819,822,6
681527,823,822,5
681537,824,822,5
OSM
681558,375,367,5
681568,369,367,5
681578,369,367,6
681588,370,367,6
681599,368,367,5
681609,368,367,5
681619,367,367,5
681629,367,367,5
681639,369,367,5
681650,365,367,5
681660,368,367,5
681670,367,367,5
681680,366,367,5
681690,369,367,5
681701,365,367,5
681711,367,367,5
681721,369,367,5
681731,366,367,5
681741,367,367,5
681752,365,367,5
681762,368,367,5
681772,369,367,5
681782,365,367,5
681792,368,367,5
681803,366,367,5
681813,366,367,5
681823,368,367,5
681833,365,367,5
681843,368,367,5
681854,367,367,5
681864,366,367,5
681874,368,367,5
681884,366,367,5
681894,367,367,5
681905,368,367,5
681915,365,367,5
681925,368,367,5
681935,366,367,5
681945,368,367,5
681956,368,367,5
681966,364,367,5
681976,368,367,5
681986,367,367,5
681996,366,367,5
682007,368,367,5
682017,365,367,5
682027,368,367,5
682037,367,367,5
682047,366,367,5
682058,369,367,5
682068,365,367,5
682078,367,367,5
682088,369,367,5
682098,365,367,5
682109,370,367,5
682119,366,367,5
682129,366,367,5
682139,369,367,5
682149,365,367,5
682160,359,367,6
682170,367,367,6
682180,366,367,6
682190,368,367,6
682200,365,367,6
682211,367,367,6
682221,368,367,5
682231,365,367,5
682241,368,367,5
682251,366,367,5
682262,367,367,5
682272,368,367,5
682282,365,367,5
682292,368,367,5
682302,366,367,5
682313,366,367,5
682323,369,367,5
682333,365,367,5
682343,368,367,5
682353,368,367,5
682364,365,367,5
682374,368,367,5
682384,364,367,5
682394,367,367,5
682404,369,367,5
682415,365,367,5
682425,369,367,5
682435,365,367,5
682445,367,367,5
682455,368,367,5
682466,365,367,5
682476,368,367,5
682486,367,367,5
682496,367,367,5
682506,368,367,5
682517,365,367,5
682527,367,367,5
682537,368,367,5
682547,366,367,5
682557,369,367,5
682568,365,367,5
682578,368,367,5
682588,368,367,3
682598,365,367,3
682608,368,367,3
682619,365,367,3
682629,367,367,3
682639,368,367,3
682649,365,367,3
682659,368,367,3
682670,366,367,3
682680,367,367,3
682690,368,367,3
682700,365,367,3
682710,368,366,4
682721,367,366,4
682731,366,366,4
682741,368,366,4
682751,366,366,4
682761,367,366,3
682772,368,366,3
SIM
682792,841,819,8
682802,821,819,8
682812,821,819,8
682823,823,819,8
682833,818,819,8
682843,822,819,8
682853,820,819,8
682863,820,819,8
682874,823,819,8
682884,818,819,8
682894,821,819,8
682904,821,819,8
682914,818,819,8
682925,824,819,8
682935,818,819,8
682945,820,819,8
682955,822,819,8
682965,817,819,8
682976,822,819,8
682986,819,819,8
682996,820,819,8
683006,822,819,8
683016,817,819,8
683026,821,819,8
683037,820,819,8
683047,818,819,8
683057,822,819,8
683067,817,819,8
683077,821,819,8
683088,821,819,8
683098,817,819,8
683108,822,819,8
683118,817,819,8
683128,821,819,8
683139,822,819,8
683149,816,819,8
683159,822,819,8
683169,819,819,8
683179,819,819,8
683190,822,819,8
683200,816,819,8
683210,821,819,8
683220,820,819,8
683230,819,819,8
683241,822,819,8
683251,817,819,8
683261,821,819,8
683271,821,819,8
683281,817,819,8
683292,822,819,8
683302,817,819,8
683312,820,819,8
683322,822,819,8
683332,816,819,8
683343,822,819,8
683353,819,819,8
683363,820,819,8
683373,822,819,8
683383,817,819,8
683394,822,819,8
683404,820,819,8
683414,817,819,8
683424,823,819,8
683434,817,819,8
683445,820,819,8
683455,821,819,8
683465,817,819,9
683475,822,819,8
683485,817,819,8
683496,822,819,8
683506,821,819,9
683516,816,819,9
683526,821,819,9
683536,819,819,9
683547,819,819,9
683557,821,819,9
683567,817,819,9
683577,822,819,9
683587,821,819,9
683598,819,819,9
683608,822,819,9
683618,816,819,9
683628,820,819,8
683638,823,819,9
683649,817,819,9
683659,822,819,9
683669,818,819,9
683679,821,819,9
683689,822,820,8
683700,816,819,9
683710,821,819,9
683720,820,819,9
683730,819,819,9
683740,822,819,9
683751,817,819,9
683761,821,819,9
683771,822,820,8
683781,817,820,8
683791,821,819,9
683802,818,820,8
683812,820,819,9
683822,821,820,8
683832,816,819,9
683842,822,819,9
683853,819,819,9
683863,820,819,9
683873,823,819,9
683883,817,819,9
683893,822,820,8
683904,820,820,8
683914,817,819,9
683924,822,819,9
683934,816,819,9
683944,821,819,9
683955,822,820,8
683965,817,820,8
683975,822,820,8
683985,817,820,8
683995,819,819,9
684006,822,820,8
RIM
684026,831,822,5
684036,820,822,5
684046,820,822,5
684057,824,822,5
684067,820,822,5
684077,823,822,5
684087,823,822,5
684097,821,822,5
684108,826,822,5
684118,819,822,5
684128,824,822,5
684138,824,822,5
684148,819,822,5
684159,824,822,5
684169,821,822,5
684179,823,822,5
684189,825,822,5
684199,819,822,5
684210,825,822,5
684220,821,822,5
684230,822,822,5
684240,825,822,5
684250,818,822,5
684261,823,822,5
684271,824,822,5
684281,821,822,5
684291,825,822,5
684301,821,822,5
684312,823,822,5
684322,825,822,5
684332,820,822,5
684342,825,822,5
684352,822,822,5
684363,823,822,5
684373,825,822,5
684383,819,822,5
684393,825,822,5
684403,822,822,5
684414,822,822,5
684424,825,822,5
684434,820,822,5
684444,824,822,5
684454,824,822,5
684465,820,822,5
684475,825,822,5
684485,820,822,5
684495,823,822,5
684505,825,822,5
684516,819,822,5
684526,824,822,5
684536,822,822,5
684546,822,822,5
684556,824,822,5
684567,819,822,5
684577,825,822,5
684587,822,822,5
684597,822,822,5
684607,824,822,5
684618,821,822,5
684628,823,822,5
684638,824,822,5
684648,821,822,5
684658,825,822,5
684669,820,822,5
684679,823,822,5
684689,824,822,5
684699,820,822,5
684709,824,822,5
684720,822,822,5
684730,822,822,5
684740,825,822,5
684750,819,822,5
684760,824,822,5
684771,823,822,5
684781,820,822,5
684791,825,822,5
684801,819,822,5
684811,823,822,5
684822,825,822,5
684832,820,822,5
684842,824,822,5
684852,821,822,5
684862,823,822,5
684873,824,822,5
684883,819,822,5
684893,824,822,5
684903,822,822,5
684913,822,822,5
684924,824,822,5
684934,819,822,5
684944,823,822,5
684954,823,822,5
684964,821,822,5
684975,825,822,5
684985,821,822,5
684995,823,822,5
685005,824,822,5
685015,820,822,5
685026,824,822,5
685036,821,822,5
685046,823,822,5
685056,825,822,5
685066,819,822,5
685077,824,822,5
685087,823,822,5
685097,821,822,5
685107,825,822,5
685117,819,822,5
685128,823,822,5
685138,823,822,5
685148,819,822,5
685158,825,822,5
685168,820,822,5
685179,823,822,5
685189,825,822,5
685199,820,822,5
685209,824,822,5
685219,820,822,5
685230,822,822,5
685240,823,822,5
OSM
685261,374,366,3
685271,377,367,3
685281,367,367,3
685291,369,366,4
685302,367,366,4
685312,368,366,4
685322,369,367,3
685332,366,366,4
685342,369,366,4
685353,367,367,3
685363,373,367,3
685373,368,367,3
685383,366,367,3
685393,369,367,3
685404,368,367,3
685414,373,367,4
685424,369,367,4
685434,366,367,4
685444,368,367,4
685455,370,367,4
685465,372,367,4
685475,370,367,4
685485,367,367,4
685495,368,367,4
685506,370,367,4
685516,371,367,4
685526,368,367,4
685536,367,367,4
685546,367,367,4
685557,369,367,4
685567,371,367,4
685577,369,367,4
685587,368,367,4
685597,366,367,4
685608,371,367,4
685618,366,367,4
685628,375,367,5
685638,369,367,5
685648,366,367,5
685659,369,367,5
685669,371,367,5
685679,368,367,5
685689,369,367,5
685699,365,367,5
685710,369,367,5
685720,372,367,5
685730,367,367,5
685740,369,367,5
685750,366,367,5
685761,368,367,5
685771,372,367,6
685781,367,367,6
685791,369,367,6
685801,367,367,5
685812,376,367,6
685822,369,367,6
685832,366,367,6
685842,369,367,6
685852,367,367,6
685863,370,367,6
685873,369,367,6
685883,366,367,6
685893,369,367,6
685903,368,367,6
685914,368,367,6
685924,369,367,6
685934,366,367,6
685944,369,367,6
685954,368,368,5
685965,369,368,5
685975,369,368,5
685985,367,368,5
685995,368,368,5
686005,369,368,5
686016,369,368,5
686026,368,368,5
686036,366,368,5
686046,368,368,5
686056,369,368,5
686067,368,368,4
686077,368,368,4
686087,368,368,4
686097,367,368,4
686107,369,368,4
686118,368,368,4
686128,369,368,4
686138,369,368,4
686148,367,368,4
686158,369,368,4
686169,368,368,4
686179,368,368,4
686189,369,368,4
686199,366,368,4
686209,369,368,4
686220,368,368,4
686230,368,368,4
686240,369,368,4
686250,366,368,4
686260,368,368,4
686271,368,368,4
686281,367,368,4
686291,369,368,4
686301,366,368,4
686311,368,368,4
686322,369,368,4
686332,366,368,4
686342,369,368,4
686352,367,368,4
686362,368,368,4
686373,369,368,4
686383,365,368,4
686393,369,368,4
686403,367,368,4
686413,368,368,4
686424,369,368,4
686434,366,368,4
686444,368,368,4
686454,368,368,4
686464,367,368,4
686475,369,368,4
SIM
686495,837,819,7
686505,823,819,8
686515,818,819,8
686525,822,819,7
686536,817,819,8
686546,819,819,7
686556,822,819,8
686566,816,819,8
686576,822,819,8
686587,819,819,8
686597,820,819,7
686607,823,819,8
686617,817,819,8
686627,822,819,7
686638,820,819,7
686648,818,819,7
686658,822,819,7
686668,816,819,8
686678,820,819,7
686689,823,819,8
686699,817,819,8
686709,822,819,8
686719,817,819,8
686729,820,819,8
686740,821,819,8
686750,816,819,8
686760,822,819,8
686770,819,819,8
686780,819,819,8
686791,822,819,8
686801,816,819,8
686811,821,819,8
686821,821,819,8
686831,820,819,8
686842,822,819,8
686852,816,819,8
686862,821,819,8
686872,822,819,8
686882,817,819,8
686893,822,819,8
686903,817,819,8
686913,820,819,8
686923,823,819,8
686933,817,819,8
686944,822,819,8
686954,819,819,8
686964,819,819,8
686974,822,819,8
686984,817,819,8
686995,823,819,8
687005,821,819,8
687015,817,819,8
687025,822,819,8
687035,816,819,8
687046,821,819,8
687056,821,819,8
687066,817,819,8
687076,822,819,8
687086,820,819,8
687097,821,819,8
687107,821,819,8
687117,816,819,8
687127,822,819,8
687137,820,819,8
687148,819,819,8
687158,822,819,8
687168,817,819,8
687178,821,819,8
687188,821,819,8
687199,818,819,8
687209,822,819,8
687219,818,819,8
687229,820,819,8
687239,822,819,8
687250,817,819,8
687260,821,819,8
687270,819,819,8
687280,820,819,8
687290,822,819,8
687301,817,819,8
687311,821,819,8
687321,820,819,8
687331,819,819,8
687341,822,819,8
687352,817,819,8
687362,820,819,7
687372,822,819,8
687382,818,819,8
687392,820,819,7
687403,819,819,7
687413,819,819,7
687423,821,819,7
687433,816,819,7
687443,822,819,7
687454,820,819,7
687464,819,819,7
687474,822,819,7
687484,816,819,7
687494,822,819,7
687505,822,819,8
687515,818,819,8
687525,823,819,8
687535,817,819,8
687545,822,819,8
687556,823,819,8
687566,816,819,8
687576,821,819,8
687586,819,819,8
687596,820,819,8
687607,822,819,8
687617,816,819,8
687627,822,819,8
687637,821,819,8
687647,818,819,8
687658,822,819,8
687668,818,819,8
687678,821,819,8
687688,821,819,8
687698,818,819,8
687709,824,820,7
RIM
687729,835,822,5
687739,827,822,5
687749,820,822,5
687760,826,822,6
687770,822,822,5
687780,823,822,5
687790,824,822,6
687800,820,822,6
687811,825,822,5
687821,824,822,5
687831,821,822,5
687841,824,822,5
687851,820,822,5
687862,823,822,5
687872,824,822,5
687882,820,822,5
687892,825,822,5
687902,820,822,5
687913,823,822,5
687923,825,822,5
687933,819,822,5
687943,825,822,5
687953,822,822,5
687964,821,822,5
687974,824,822,5
687984,819,822,5
687994,824,822,5
688004,823,822,5
688015,821,822,5
688025,824,822,5
688035,820,822,5
688045,823,822,5
688055,825,822,5
688066,820,822,5
688076,825,822,5
688086,821,822,5
688096,822,822,5
688106,825,822,5
688117,819,822,5
688127,825,822,5
688137,823,822,5
688147,822,822,5
688157,824,822,5
688168,820,822,5
688178,824,822,5
688188,825,822,5
688198,820,822,5
688208,824,822,5
688219,821,822,5
688229,823,822,5
688239,825,822,5
688249,819,822,5
688259,824,822,5
688270,821,822,5
688280,823,822,5
688290,825,822,5
688300,819,822,5
688310,824,822,5
688321,822,822,5
688331,821,822,5
688341,825,822,5
688351,819,822,5
688361,823,822,5
688372,823,822,5
688382,819,822,5
688392,825,822,5
688402,820,822,5
688412,823,822,5
688423,824,822,5
688433,819,822,6
688443,825,822,6
688453,823,822,5
688463,823,822,5
688474,824,822,5
688484,819,822,5
688494,824,822,5
688504,822,822,5
688514,822,822,5
688525,824,822,5
688535,819,822,5
688545,824,822,5
688555,824,822,5
688565,821,822,5
688576,823,822,5
688586,821,822,5
688596,822,822,5
688606,823,822,5
688616,820,822,5
688627,823,822,5
688637,822,822,5
688647,822,822,5
688657,825,822,5
688667,819,822,5
688678,823,822,5
688688,823,822,5
688698,820,822,5
688708,826,822,5
688718,820,822,5
688729,823,822,5
688739,824,822,5
688749,820,822,5
688759,824,822,5
688769,819,822,5
688780,822,822,5
688790,824,822,5
688800,818,822,5
688810,824,822,5
688820,820,822,5
688831,819,822,5
688841,821,822,5
688851,817,822,6
688861,822,822,6
688871,821,822,6
688882,819,822,6
688892,821,822,6
688902,819,822,6
688912,822,822,6
688922,823,822,5
688933,818,822,6
688943,823,822,6
OSM
688964,371,368,4
688974,370,368,3
688984,366,368,3
688994,368,368,3
689005,368,368,3
689015,366,368,3
689025,367,368,3
689035,366,368,3
689045,367,368,3
689056,368,368,3
689066,365,368,3
689076,368,368,3
689086,366,368,3
689096,367,368,3
689107,369,368,3
689117,365,368,3
689127,368,368,3
689137,367,368,3
689147,366,368,3
689158,368,368,3
689168,365,368,3
689178,367,368,3
689188,368,368,3
689198,365,368,3
689209,368,368,3
689219,365,367,4
689229,367,367,4
689239,368,367,4
689249,365,367,4
689260,368,367,4
689270,366,367,3
689280,367,367,3
689290,368,367,3
689300,365,367,3
689311,368,367,3
689321,367,367,3
689331,366,367,3
689341,369,367,3
689351,366,367,3
689362,367,367,3
689372,368,367,3
689382,366,367,3
689392,368,367,3
689402,366,367,3
689413,367,367,3
689423,369,367,2
689433,366,367,2
689443,370,367,2
689453,368,367,2
689464,367,367,2
689474,371,367,2
689484,366,367,2
689494,369,367,2
689504,369,367,2
689515,366,367,2
689525,370,367,2
689535,367,367,2
689545,368,367,2
689555,369,367,2
689566,366,367,2
689576,370,367,2
689586,366,367,2
689596,368,367,2
689606,369,367,2
689616,367,367,2
689627,369,367,2
689637,367,367,2
689647,367,367,2
689657,368,367,2
689667,366,367,2
689678,367,367,2
689688,368,367,2
689698,367,367,2
689708,375,367,2
689718,366,367,2
689729,374,367,3
689739,369,367,3
689749,366,367,3
689759,369,367,3
689769,366,367,3
689780,368,367,3
689790,369,367,3
689800,365,367,3
689810,370,367,3
689820,368,367,3
689831,367,367,3
689841,369,367,3
689851,366,367,3
689861,369,367,3
689871,368,367,3
689882,366,367,3
689892,369,367,3
689902,366,367,3
689912,368,367,3
689922,369,367,3
689933,366,367,3
689943,369,367,3
689953,367,367,3
689963,368,367,3
689973,369,367,3
689984,367,367,3
689994,369,367,3
690004,368,367,3
690014,367,367,3
690024,370,367,3
690035,367,367,3
690045,368,367,3
690055,369,367,3
690065,367,367,3
690075,369,367,3
690086,366,367,3
690096,369,367,3
690106,368,367,3
690116,366,367,3
690127,367,367,3
690137,366,367,3
690147,367,367,3
690157,368,367,3
690167,365,367,3
690178,367,367,3
SIM
690198,835,819,7
690208,824,819,7
690218,816,819,7
690228,823,819,7
690239,821,820,6
690249,817,820,6
690259,821,819,7
690269,817,820,6
690279,820,819,7
690290,822,820,6
690300,816,819,7
690310,822,819,7
690320,819,819,7
690330,820,819,7
690341,822,819,7
690351,816,819,7
690361,821,819,7
690371,821,820,6
690381,818,819,7
690392,821,819,7
690402,817,819,7
690412,821,819,7
690422,821,819,7
690432,818,819,7
690443,822,819,7
690453,818,820,6
690463,821,819,7
690473,823,820,6
690483,816,820,6
690494,822,820,6
690504,819,820,6
690514,819,820,6
690525,823,820,6
690535,817,820,6
690545,821,819,7
690555,821,820,6
690565,818,820,6
690576,823,820,6
690586,818,820,6
690596,821,820,6
690606,821,820,6
690616,817,820,6
690627,822,820,6
690637,819,820,6
690647,820,820,6
690657,822,820,6
690667,816,820,6
690678,823,820,6
690688,821,820,6
690698,819,820,6
690708,822,820,6
690718,819,820,6
690729,821,820,6
690739,822,820,6
690749,817,820,6
690759,822,820,6
690769,818,820,6
690780,822,820,6
690790,822,820,6
690800,816,820,6
690810,822,820,6
690820,819,820,6
690831,819,820,6
690841,822,820,6
690851,817,820,6
690861,821,820,6
690871,820,820,6
690882,818,820,6
690892,823,820,6
690902,817,820,6
690912,821,820,6
690922,822,820,6
690933,818,820,6
690943,821,820,6
690953,817,820,6
690963,821,820,6
690973,822,820,6
690984,817,820,6
690994,822,820,6
691004,819,820,6
691014,819,820,6
691024,822,820,6
691035,817,820,6
691045,821,820,6
691055,820,820,6
691065,818,820,6
691075,823,820,6
691086,819,820,6
691096,821,820,6
691106,822,820,6
691116,817,820,6
691126,822,820,6
691137,818,820,6
691147,821,820,6
691157,822,820,6
691167,816,820,6
691177,822,820,6
691188,820,820,6
691198,819,820,6
691208,822,820,6
691218,818,820,6
691228,821,820,6
691239,822,820,6
691249,817,820,6
691259,822,820,6
691269,818,820,6
691279,820,820,6
691290,823,820,6
691300,816,820,6
691310,821,820,6
691320,819,820,6
691330,820,820,6
691341,823,820,6
691351,817,820,6
691361,821,820,6
691371,820,820,6
691381,818,820,6
691392,822,820,6
691402,816,820,6
691412,821,820,6
RIM
691432,832,822,5
691442,824,822,5
691453,819,822,5
691463,822,822,5
691473,822,822,5
691483,818,822,5
691493,822,822,5
691504,820,822,5
691514,821,822,5
691524,822,822,5
691534,818,822,5
691544,823,822,5
691555,821,822,5
691565,819,822,5
691575,824,822,5
691585,819,822,5
691595,822,822,5
691606,823,822,5
691616,817,821,6
691626,824,821,6
691636,820,821,6
691646,822,821,6
691657,823,821,6
691667,817,821,6
691677,823,821,6
691687,821,821,6
691697,820,821,6
691708,822,821,6
691718,818,821,6
691728,822,821,6
691738,822,821,6
691748,819,821,6
691759,824,821,6
691769,819,821,6
691779,822,821,6
691789,824,821,6
691799,818,821,6
691810,822,821,6
691820,818,821,6
691830,822,821,6
691840,823,821,6
691850,818,821,6
691861,822,821,6
691871,821,821,6
691881,820,821,6
691891,823,821,5
691901,818,821,5
691912,823,821,5
691922,823,821,5
691932,819,821,5
691942,823,821,5
691952,819,821,5
691963,820,821,5
691973,823,821,5
691983,818,821,5
691993,824,821,5
692003,821,821,5
692014,820,821,5
692024,823,821,5
692034,817,821,5
692044,822,821,5
692054,822,821,5
692065,818,821,5
692075,824,821,5
692085,819,821,5
692095,823,821,5
692105,823,821,5
692116,817,821,5
692126,824,821,5
692136,819,821,5
692146,822,821,5
692156,823,821,5
692167,816,821,5
692177,823,821,5
692187,820,821,5
692197,821,821,5
692207,824,821,5
692218,817,821,5
692228,822,821,5
692238,821,821,5
692248,820,821,5
692258,824,821,5
692269,817,821,5
692279,822,821,5
692289,823,821,5
692299,818,821,5
692309,822,821,5
692320,817,821,6
692330,822,821,6
692340,823,821,6
692350,818,821,6
692360,823,821,6
692371,821,821,6
692381,820,821,5
692391,824,821,6
692401,818,821,6
692411,822,821,5
692422,823,821,5
692432,819,821,5
692442,824,821,5
692452,819,821,5
692462,822,821,5
692473,823,821,5
692483,818,821,5
692493,823,821,5
692503,819,821,5
692513,821,820,6
692524,823,821,5
692534,818,821,5
692544,823,821,5
692554,822,821,5
692564,820,821,5
692575,823,821,5
692585,818,821,5
692595,822,821,5
692605,823,821,5
692615,818,821,5
692626,823,821,5
692636,819,821,5
692646,822,821,5
OSM
692667,371,367,3
692677,374,367,3
692687,369,367,3
692698,368,367,3
692708,369,367,3
692718,365,367,3
692728,367,367,3
692738,367,367,3
692749,365,367,3
692759,367,367,3
692769,365,367,3
692779,368,367,3
692789,369,367,3
692800,366,367,3
692810,368,367,3
692820,368,367,3
692830,367,367,3
692840,369,367,3
692851,364,367,3
692861,368,367,3
692871,367,367,3
692881,366,367,3
692891,368,367,3
692902,365,367,3
692912,367,367,3
692922,368,367,3
692932,366,367,3
692942,368,367,3
692953,365,367,3
692963,367,367,3
692973,369,367,3
692983,366,367,3
692993,368,367,3
693004,366,367,3
693014,367,367,3
693024,368,367,3
693034,366,367,3
693044,368,367,3
693055,367,367,3
693065,366,367,3
693075,368,367,3
693085,365,367,3
693095,368,367,3
693106,367,367,3
693116,366,367,3
693126,368,367,3
693136,366,367,3
693146,367,367,3
693157,368,367,3
693167,366,367,3
693177,368,367,3
693187,367,367,3
693197,367,367,3
693208,369,367,3
693218,365,367,3
693228,368,367,3
693238,368,367,3
693248,367,367,3
693259,368,367,3
693269,366,367,3
693279,368,367,3
693289,368,367,3
693299,366,367,3
693310,368,367,3
693320,366,367,3
693330,367,367,3
693340,368,367,3
693350,365,367,3
693361,368,367,3
693371,367,367,3
693381,367,367,3
693391,369,367,3
693401,365,367,3
693412,368,367,2
693422,369,367,2
693432,366,367,2
693442,371,367,2
693452,367,367,2
693463,368,367,2
693473,369,367,2
693483,367,367,2
693493,369,367,2
693503,367,367,2
693514,367,367,2
693524,369,367,2
693534,366,367,2
693544,369,367,2
693554,368,367,2
693565,367,367,2
693575,368,367,2
693585,366,367,2
693595,367,367,2
693605,368,367,2
693616,365,367,2
693626,368,367,2
693636,366,367,2
693646,367,367,2
693656,368,367,2
693667,365,367,2
693677,367,367,2
693687,367,367,2
693697,366,367,2
693707,368,367,2
693718,364,367,2
693728,368,367,2
693738,368,367,2
693748,366,367,2
693758,368,367,2
693769,365,367,2
693779,367,367,2
693789,369,367,2
693799,365,367,2
693809,368,367,2
693820,365,367,2
693830,367,367,2
693840,368,367,2
693850,365,367,2
693860,368,367,2
693871,366,367,2
693881,366,367,2
SIM
693901,835,820,6
693911,826,820,6
693921,822,820,6
693932,819,820,6
693942,824,820,6
693952,819,820,6
693962,822,820,6
693972,823,820,6
693983,819,820,6
693993,823,820,6
694003,819,820,6
694013,822,820,6
694023,823,820,6
694034,817,820,6
694044,822,820,6
694054,821,820,6
694064,820,820,6
694074,823,820,6
694085,817,820,6
694095,821,820,6
694105,822,820,6
694115,817,820,6
694125,822,820,6
694136,818,820,6
694146,821,820,6
694156,821,820,6
694166,817,820,6
694176,822,820,6
694187,818,820,6
694197,819,820,6
694207,822,820,6
694217,816,820,6
694227,823,820,6
694238,820,820,6
694248,819,820,6
694258,823,820,6
694268,816,820,6
694278,822,820,6
694289,823,820,6
694299,818,820,6
694309,822,820,6
694319,818,820,6
694329,821,820,6
694340,823,820,6
694350,817,820,6
694360,822,820,6
694370,818,820,6
694380,819,820,6
694391,823,820,6
694401,816,820,6
694411,822,820,6
694421,820,820,6
694431,818,820,6
694442,822,820,6
694452,818,820,6
694462,821,820,6
694472,821,820,6
694482,817,820,6
694493,822,820,6
694503,818,820,6
694513,821,820,6
694523,822,820,6
694533,817,820,6
694544,822,820,6
694554,819,820,6
694564,819,820,6
694574,821,820,6
694584,817,820,6
694595,821,820,6
694605,820,820,6
694615,819,820,6
694625,823,820,6
694635,817,820,6
694646,820,820,6
694656,822,820,6
694666,817,820,6
694676,822,820,6
694686,817,820,6
694697,821,820,6
694707,822,820,6
694717,816,820,6
694727,822,820,6
694737,820,820,6
694748,818,820,6
694758,821,820,6
694768,816,820,7
694778,821,820,6
694788,820,820,6
694799,817,820,7
694809,822,820,7
694819,818,820,6
694829,820,820,6
694839,822,820,6
694850,817,820,7
694860,822,820,7
694870,818,820,6
694880,821,820,6
694890,821,820,6
694901,818,820,6
694911,822,820,6
694921,821,820,6
694931,819,820,6
694941,823,820,6
694952,816,820,6
694962,822,820,6
694972,822,820,6
694982,817,820,7
694992,821,820,7
695003,817,820,6
695013,820,820,6
695023,822,820,6
695033,817,820,7
695043,822,820,6
695054,819,820,6
695064,819,820,6
695074,822,820,6
695084,816,820,7
695094,822,820,7
695105,821,820,6
695115,817,820,7
RIM
695135,828,821,5
695145,822,821,5
695156,823,821,5
695166,820,821,5
695176,824,821,5
695186,820,821,5
695196,822,821,5
695207,821,821,5
695217,820,821,5
695227,824,821,5
695237,823,821,5
695247,821,821,5
695258,824,821,5
695268,819,821,5
695278,824,821,5
695288,823,821,5
695298,820,821,5
695309,825,821,5
695319,820,821,5
695329,823,821,5
695339,825,821,5
695349,820,821,5
695360,824,821,5
695370,820,821,5
695380,823,821,5
695390,824,821,5
695400,819,821,5
695411,824,821,5
695421,822,821,5
695431,822,821,5
695441,825,821,5
695451,819,821,5
695462,823,821,5
695472,823,821,5
695482,821,821,5
695492,825,821,5
695502,821,821,5
695513,822,821,5
695523,825,821,5
695533,820,821,5
695543,825,821,5
695553,822,821,5
695564,823,821,5
695574,825,821,5
695584,820,821,5
695594,824,821,5
695604,823,821,5
695615,821,821,5
695625,825,821,5
695635,820,821,5
695645,824,821,5
695655,823,821,5
695666,820,821,5
695676,825,821,5
695686,821,821,5
695696,823,821,5
695706,825,821,5
695717,819,821,5
695727,825,821,5
695737,822,821,5
695747,822,821,5
695757,824,821,5
695768,819,821,5
695778,823,821,5
695788,823,821,5
695798,821,821,5
695808,825,821,5
695819,820,821,5
695829,823,821,5
695839,824,821,5
695849,820,821,5
695859,824,821,5
695870,820,821,5
695880,823,821,5
695890,824,821,5
695900,819,821,5
695910,823,821,5
695921,823,821,5
695931,821,821,5
695941,824,821,5
695951,820,821,5
695961,823,821,5
695972,823,821,5
695982,821,821,5
695992,826,821,5
696002,821,822,4
696012,823,822,4
696023,825,822,4
696033,820,822,4
696043,824,822,4
696053,821,822,4
696063,822,822,4
696074,823,822,4
696084,818,822,4
696094,824,822,4
696104,824,822,4
696114,821,822,4
696125,823,822,4
696135,820,822,4
696145,824,822,4
696155,823,822,4
696165,821,822,4
696176,823,822,4
696186,820,822,4
696196,823,822,4
696206,825,822,4
696216,820,822,4
696227,825,822,4
696237,819,822,4
696247,820,822,4
696257,822,822,4
696267,819,822,4
696278,822,822,4
696288,822,822,4
696298,820,822,4
696308,824,822,4
696318,818,822,4
696329,821,822,4
696339,824,822,4
696349,819,822,4
OSM
696370,371,367,2
696380,369,367,1
696390,368,367,1
696400,366,367,1
696411,368,367,1
696421,366,367,1
696431,367,367,1
696441,370,367,1
696451,366,367,1
696462,367,367,1
696472,367,367,1
696482,365,367,1
696492,371,367,1
696502,365,367,1
696513,367,367,1
696523,368,367,1
696533,366,367,1
696543,369,367,1
696553,366,367,1
696564,366,367,1
696574,368,367,1
696584,365,367,1
696594,368,367,1
696604,367,367,1
696615,366,367,1
696625,369,367,1
696635,366,367,1
696645,367,367,1
696655,367,367,1
696666,366,367,1
696676,369,367,1
696686,366,367,1
696696,366,367,1
696706,369,367,1
696717,365,367,1
696727,369,367,1
696737,366,367,1
696747,366,367,1
696757,368,367,1
696768,365,367,2
696778,368,367,2
696788,367,367,1
696798,366,367,1
696808,368,367,1
696819,365,367,2
696829,369,367,2
696839,368,367,2
696849,365,367,2
696859,368,367,2
696870,366,367,2
696880,368,367,2
696890,368,367,2
696900,366,367,2
696910,367,367,2
696921,368,367,2
696931,367,367,2
696941,368,367,2
696951,365,367,2
696961,367,367,2
696972,368,367,2
696982,367,367,2
696992,368,367,2
697002,366,367,2
697012,367,367,2
697023,369,367,2
697033,366,367,2
697043,368,367,2
697053,366,367,2
697063,367,367,2
697074,368,367,2
697084,366,367,2
697094,368,367,2
697104,367,367,1
697114,365,367,2
697125,369,367,2
697135,367,367,2
697145,368,367,1
697155,368,367,1
697165,366,367,1
697176,368,367,1
697186,366,367,1
697196,367,367,1
697206,368,367,1
697216,365,367,1
697227,368,367,1
697237,368,367,1
697247,367,367,1
697257,368,367,1
697267,366,367,1
697278,368,367,1
697288,369,367,1
697298,367,367,1
697308,368,367,1
697318,366,367,1
