Polling for available serial device...
Opening serial monitor for com port: "/dev/ttyACM0"
Serial monitor opened successfully:
101409,324,323,2
101419,324,323,2
101430,323,323,2
101440,323,323,2
101450,323,323,2
101460,327,323,2
101470,322,323,2
101480,324,323,2
101491,325,323,2
101501,322,323,2
101511,323,323,2
101521,322,323,2
101531,323,323,2
101542,324,323,2
101552,321,323,2
101562,324,323,2
101572,323,323,2
101582,322,323,2
101593,325,323,2
101603,320,323,2
101613,324,323,2
101623,324,323,2
101633,323,323,2
101644,325,323,2
101654,321,323,2
101664,323,323,2
101674,324,323,2
101684,322,323,2
101695,324,323,2
101705,323,323,2
101715,323,323,2
101725,324,323,2
101735,322,323,2
101746,324,323,2
101756,323,323,2
101766,322,323,2
101776,323,323,2
101786,322,323,2
101797,342,323,5
101807,324,323,5
101817,321,323,5
101827,324,323,5
101837,322,323,5
101848,324,323,5
101858,324,323,5
101868,322,323,5
101878,324,323,5
SIM
101899,842,825,6
101909,830,825,6
101919,825,825,6
101929,827,825,6
101939,827,825,6
101950,825,825,6
101960,827,825,6
101970,823,825,6
101980,826,825,6
101990,826,825,6
102001,823,825,6
102011,828,825,6
102021,823,825,6
102031,827,825,6
102041,827,825,6
102052,822,825,6
102062,827,825,6
102072,826,825,6
102082,824,825,6
102092,827,825,6
102103,823,825,6
102113,827,825,6
102123,826,825,6
102133,825,825,6
102143,827,825,6
102154,824,825,6
102164,825,825,6
102174,828,825,6
102184,823,825,6
102194,827,825,6
102205,824,825,6
102215,825,825,6
102225,827,825,6
102235,822,825,6
102245,827,825,6
102256,828,825,6
102266,824,825,6
102276,826,825,6
102286,822,825,6
102296,826,825,6
102307,826,825,6
102317,824,825,6
102327,827,825,6
102337,823,825,6
102347,826,825,6
102358,827,825,6
102368,823,825,6
102378,826,825,6
102388,824,825,6
102398,826,825,6
102409,827,825,6
102419,822,825,6
102429,827,825,6
102439,826,825,6
102449,825,825,6
102460,828,825,6
102470,823,825,6
102480,827,825,6
102490,828,825,6
102500,824,825,6
102511,827,825,6
102521,823,825,6
102531,826,825,6
102541,826,825,6
102551,822,825,6
102562,827,825,6
102572,825,825,6
102582,825,825,6
102592,827,825,6
102602,823,825,6
102613,827,825,6
102623,826,825,6
102633,825,825,6
102643,828,825,6
102653,823,825,6
102664,828,825,6
102674,827,825,6
102684,823,825,6
102694,828,825,6
102704,824,825,6
102715,825,825,6
102725,827,825,6
102735,823,825,6
102745,827,825,6
102755,826,825,6
102766,823,825,6
102776,828,825,6
102786,823,825,6
102796,826,825,6
102806,826,825,6
102817,823,825,6
102827,826,825,6
102837,824,825,6
102847,825,825,6
102857,827,825,6
102868,822,825,6
102878,826,825,6
102888,825,825,5
102898,826,825,5
102908,828,825,5
102919,822,825,6
102929,827,825,6
102939,826,825,6
102949,823,825,6
102959,828,825,6
102970,823,825,6
102980,825,825,6
102990,828,825,6
103000,823,825,6
103010,827,825,6
103021,823,825,6
103031,826,825,6
103041,828,825,6
103051,822,825,6
103061,827,825,6
103072,824,825,6
103082,826,825,6
103092,828,825,6
103102,823,825,6
103112,828,825,6
RIM
103133,847,833,6
103143,838,833,6
103153,834,833,6
103163,836,833,6
103174,837,833,6
103184,832,833,6
103194,836,833,6
103204,833,833,6
103214,834,833,6
103225,835,833,6
103235,831,833,6
103245,836,833,6
103255,834,833,6
103265,833,833,6
103276,836,833,6
103286,831,833,6
103296,836,833,6
103306,835,833,6
103316,834,833,6
103327,836,833,6
103337,832,833,6
103347,834,833,6
103357,836,833,6
103367,831,833,6
103378,839,833,7
103388,833,833,7
103398,834,833,7
103408,836,833,7
103418,831,833,6
103429,836,833,7
103439,835,833,7
103449,833,833,7
103459,836,833,7
103469,832,833,6
103480,834,833,6
103490,835,833,6
103500,832,833,6
103510,835,833,6
103520,832,833,6
103531,834,833,6
103541,836,833,6
103551,831,833,6
103561,836,833,6
103571,833,833,6
103582,834,833,6
103592,837,833,6
103602,832,833,6
103612,835,833,6
103622,834,833,6
103633,832,833,6
103643,837,833,6
103653,832,833,6
103663,835,833,6
103673,837,833,6
103684,831,833,6
103694,836,833,6
103704,832,833,6
103714,833,833,6
103724,837,833,6
103735,831,833,6
103745,836,833,6
103755,834,833,6
103765,834,833,6
103775,836,833,6
103786,831,833,6
103796,835,833,6
103806,835,833,6
103816,832,833,6
103826,836,833,6
103837,832,833,6
103847,835,833,6
103857,836,833,6
103867,831,833,6
103877,836,833,6
103888,832,833,6
103898,834,833,6
103908,836,833,6
103918,830,833,6
103928,836,833,6
103939,834,833,6
103949,833,833,6
103959,837,833,6
103969,832,833,6
103979,835,833,6
103990,836,833,6
104000,832,833,6
104010,837,833,6
104020,832,833,6
104030,835,833,6
104041,836,834,5
104051,832,834,5
104061,837,834,5
104071,834,834,5
104081,835,834,5
104092,836,834,5
104102,832,834,5
104112,836,834,5
104122,835,834,5
104132,833,834,5
104143,837,834,5
104153,832,834,5
104163,835,834,5
104173,836,834,5
104183,832,834,5
104194,837,834,5
104204,833,834,5
104214,835,834,5
104224,835,834,5
104234,832,834,5
104245,835,834,5
104255,834,834,5
104265,834,834,5
104275,836,834,5
104285,831,834,5
104296,835,834,5
104306,835,834,5
104316,832,834,5
104326,836,834,5
104336,831,834,5
104347,834,834,5
OSM
104368,328,323,5
104378,327,323,5
104388,324,323,5
104398,323,323,5
104409,331,323,6
104419,321,323,6
104429,325,323,6
104439,324,323,6
104449,322,323,6
104460,326,323,6
104470,323,323,6
104480,324,323,6
104490,324,323,6
104500,322,323,6
104511,326,323,6
104521,323,323,6
104531,324,323,6
104541,324,323,6
104551,322,323,6
104562,325,323,6
104572,324,323,6
104582,323,323,6
104592,323,323,6
104602,320,323,6
104613,323,323,6
104623,324,323,6
104633,321,323,6
104643,323,323,6
104653,321,323,6
104663,323,323,6
104674,325,323,6
104684,321,323,6
104694,324,323,6
104704,323,323,6
104714,322,323,6
104725,324,323,6
104735,321,323,6
104745,324,323,6
104755,323,323,6
104765,322,323,6
104776,325,323,6
104786,322,323,6
104796,324,323,6
104806,325,323,6
104816,321,323,6
104827,325,323,6
104837,322,323,6
104847,323,323,6
104857,329,323,6
104867,320,323,6
104878,324,323,6
104888,322,323,6
104898,323,323,6
104908,328,323,6
104918,320,323,6
104929,324,323,6
104939,323,323,6
104949,322,323,6
104959,323,323,6
104969,321,323,6
104980,325,323,6
104990,324,323,6
105000,322,323,6
105010,324,323,6
105020,321,323,6
105031,324,323,6
105041,324,323,6
105051,321,323,6
105061,323,323,6
105071,322,323,6
105082,323,323,6
105092,324,323,6
105102,321,323,6
105112,323,323,6
105122,323,323,6
105133,323,323,6
105143,324,323,6
105153,322,323,6
105163,323,323,6
105173,323,323,6
105184,323,323,6
105194,324,323,6
105204,323,323,6
105214,323,323,6
105224,324,323,6
105235,322,323,6
105245,324,323,6
105255,324,323,6
105265,322,323,6
105275,325,323,6
105286,323,323,6
105296,324,323,6
105306,325,323,5
105316,327,323,6
105326,325,323,6
105337,323,323,6
105347,324,323,6
105357,324,323,6
105367,321,323,6
105377,329,323,6
105388,324,323,6
105398,323,323,6
105408,325,323,6
105418,325,323,6
105428,324,323,6
105439,325,323,6
105449,322,323,6
105459,325,323,6
105469,322,323,6
105479,324,323,6
105490,326,323,6
105500,322,323,3
105510,324,323,3
105520,326,323,3
105530,323,323,3
105541,325,323,3
105551,321,323,3
105561,324,323,3
105571,323,323,3
105581,322,323,3
SIM
105602,837,825,5
105612,828,825,4
105622,826,825,4
105632,823,825,4
105643,826,825,4
105653,823,825,4
105663,826,825,4
105673,827,825,4
105683,822,825,4
105694,828,825,5
105704,825,825,5
105714,828,825,5
105724,827,825,5
105734,823,825,5
105745,827,825,5
105755,824,825,4
105765,823,825,4
105775,826,825,4
105785,822,825,5
105796,826,825,4
105806,826,825,4
105816,823,825,4
105826,827,825,4
105836,823,825,5
105847,826,825,4
105857,826,825,4
105867,824,825,4
105877,827,825,4
105887,824,825,4
105898,825,825,4
105908,828,825,4
105918,833,825,5
105928,828,825,5
105938,826,825,5
105949,824,825,5
105959,828,825,5
105969,823,825,5
105979,826,825,5
105989,828,825,5
106000,823,825,5
106010,828,825,5
106020,825,825,5
106030,825,825,5
106040,827,825,5
106051,822,825,5
106061,826,825,5
106071,827,825,5
106081,825,825,5
106092,828,825,5
106102,824,825,5
106112,826,825,5
106122,826,825,5
106132,824,825,5
106143,828,825,5
106153,822,825,5
106163,826,825,5
106173,827,825,5
106183,822,825,5
106194,827,825,5
106204,824,825,5
106214,825,825,5
106224,826,825,5
106234,821,825,5
106245,827,825,5
106255,824,825,5
106265,824,825,5
106275,826,825,5
106285,822,825,5
106296,826,825,5
106306,825,825,5
106316,822,825,5
106326,826,825,5
106336,822,825,5
106347,825,825,5
106357,826,825,5
106367,822,825,5
106377,827,825,5
106387,824,825,5
106398,825,825,5
106408,826,825,5
106418,822,825,5
106428,826,825,5
106438,825,825,5
106449,824,825,5
106459,826,825,5
106469,822,825,5
106479,825,825,5
106489,827,825,5
106500,822,825,5
106510,827,825,5
106520,823,825,5
106530,824,825,5
106540,826,825,5
106551,822,825,5
106561,826,825,5
106571,824,825,5
106581,823,825,5
106591,826,825,5
106602,822,825,5
106612,827,825,5
106622,826,825,5
106632,823,825,5
106642,827,825,5
106653,822,825,5
106663,825,825,5
106673,827,825,5
106683,823,825,5
106694,828,825,5
106704,824,825,5
106714,826,825,5
106724,827,825,5
106734,822,825,5
106745,828,825,5
106755,825,825,5
106765,823,825,5
106775,828,825,5
106785,821,825,5
106796,827,825,5
106806,827,825,5
106816,822,825,5
RIM
106836,839,834,4
106846,833,834,3
106857,834,834,3
106867,829,834,4
106877,834,834,4
106887,831,834,4
106897,832,834,4
106908,834,834,4
106918,828,834,4
106928,834,834,4
106938,832,834,4
106948,829,833,5
106959,834,833,5
106969,830,833,5
106979,834,833,5
106989,834,833,5
106999,829,833,5
107010,833,833,5
107020,830,833,5
107030,832,833,5
107040,834,833,5
107050,827,833,5
107061,832,833,5
107071,832,833,5
107081,832,833,5
107091,833,833,5
107101,828,833,5
107112,832,833,5
107122,833,833,5
107132,831,833,5
107142,834,833,5
107152,829,833,5
107163,832,833,5
107173,834,833,5
107183,830,833,5
107193,833,833,5
107203,830,833,5
107214,831,833,5
107224,835,833,5
107234,830,833,5
107244,833,833,5
107254,831,833,5
107265,830,833,5
107275,834,833,5
107285,830,833,5
107295,833,833,5
107305,833,833,5
107316,829,833,5
107326,834,833,5
107336,830,833,5
107346,832,833,5
107356,833,833,5
107367,829,833,5
107377,835,833,5
107387,832,833,5
107397,832,833,5
107407,836,833,5
107418,829,833,5
107428,835,833,5
107438,834,833,5
107448,831,833,5
107458,835,833,5
107469,830,833,5
107479,834,833,5
107489,835,833,5
107499,830,833,5
107509,835,833,5
107520,831,833,5
107530,833,832,6
107540,835,833,5
107550,829,832,6
107560,833,832,6
107571,832,832,6
107581,832,832,6
107591,835,832,6
107601,830,832,6
107611,832,832,6
107622,834,832,6
107632,831,832,6
107642,836,832,6
107652,830,832,6
107662,832,832,6
107673,834,832,6
107683,830,832,6
107693,836,832,6
107703,831,832,6
107713,831,832,5
107724,835,832,5
107734,830,832,5
107744,835,832,5
107754,832,832,5
107764,831,832,5
107775,834,832,5
107785,831,832,5
107795,834,832,5
107805,833,832,5
107815,831,832,5
107826,835,832,5
107836,830,832,5
107846,833,832,5
107856,834,832,5
107866,828,832,5
107877,834,832,5
107887,832,832,5
107897,833,832,4
107907,834,832,5
107917,829,832,5
107928,832,832,4
107938,833,832,4
107948,831,832,4
107958,834,832,4
107968,829,832,4
107979,832,832,4
107989,835,832,4
107999,830,832,4
108009,834,832,4
108019,830,832,4
108030,831,832,4
108040,834,832,4
108050,829,832,4
OSM
108071,330,323,3
108081,332,323,4
108091,326,323,4
108102,322,323,4
108112,324,323,3
108122,330,323,4
108132,323,323,4
108142,327,323,4
108153,322,323,4
108163,323,323,4
108173,325,323,4
108183,321,323,4
108193,325,323,4
108204,323,323,4
108214,323,323,4
108224,325,323,4
108234,322,323,4
108244,324,323,4
108255,323,323,4
108265,322,323,4
108275,325,323,4
108285,321,323,4
108295,324,323,4
108306,325,323,4
108316,322,323,4
108326,325,323,4
108336,322,323,4
108346,324,323,4
108357,324,323,4
108367,321,323,4
108377,324,323,4
108387,322,323,4
108397,322,323,4
108408,325,323,4
108418,321,323,4
108428,323,323,4
108438,323,323,4
108448,322,323,4
108459,324,323,4
108469,321,323,4
108479,323,323,4
108489,325,323,4
108499,321,323,4
108510,324,323,4
108520,321,323,4
108530,324,323,4
108540,325,323,4
108550,322,323,4
108561,325,323,4
108571,323,323,4
108581,324,323,4
108591,325,323,4
108601,322,323,4
108612,325,323,3
108622,330,323,4
108632,322,323,4
108642,324,323,4
108652,322,323,4
108663,323,323,4
108673,324,323,4
108683,321,323,4
108693,325,323,4
108703,323,323,4
108714,323,323,4
108724,325,323,4
108734,321,323,4
108744,326,323,4
108754,324,323,4
108765,324,323,4
108775,325,323,4
108785,323,323,4
108795,324,323,4
108805,324,323,4
108816,323,323,4
108826,324,323,4
108836,321,323,4
108846,323,323,4
108856,324,323,4
108867,321,323,4
108877,323,323,4
108887,322,323,4
108897,323,323,4
108907,324,323,4
108918,320,323,4
108928,324,323,4
108938,323,323,4
108948,322,323,4
108958,324,323,4
108969,322,323,4
108979,323,323,4
108989,324,323,4
108999,322,323,4
109009,325,323,4
109020,323,323,4
109030,326,323,4
109040,324,323,4
109050,321,323,4
109060,324,323,4
109071,322,323,4
109081,323,323,4
109091,325,323,4
109101,321,323,4
109111,323,323,4
109122,324,323,4
109132,322,323,4
109142,324,323,4
109152,321,323,4
109162,323,323,4
109173,324,323,4
109183,321,323,4
109193,324,323,3
109203,323,323,3
109213,322,323,3
109224,323,323,3
109234,322,323,3
109244,323,323,3
109254,323,323,3
109264,321,323,3
109275,325,323,3
109285,321,323,3
SIM
109305,844,825,7
109315,825,825,7
109326,828,825,7
109336,823,825,7
109346,825,825,7
109356,828,825,7
109366,823,825,7
109377,828,825,7
109387,825,825,7
109397,826,825,7
109407,828,825,7
109417,823,825,7
109428,827,825,7
109438,827,825,7
109448,825,825,7
109458,828,825,7
109468,822,825,7
109479,828,825,7
109489,827,825,7
109499,824,825,7
109509,827,825,7
109519,824,825,7
109530,826,825,7
109540,826,825,7
109550,824,825,7
109560,826,825,7
109570,826,825,7
109581,825,825,7
109591,826,825,7
109601,823,825,7
109611,826,825,7
109621,826,825,6
109632,824,825,6
109642,826,825,6
109652,822,825,6
109662,825,825,6
109672,827,825,6
109683,822,825,6
109693,826,825,6
109703,822,825,6
109713,823,825,6
109723,827,825,6
109734,821,825,7
109744,825,825,6
109754,823,825,6
109764,822,825,6
109774,825,825,6
109785,821,825,7
109795,826,825,7
109805,825,825,7
109815,823,825,7
109825,827,825,7
109836,823,825,7
109846,825,824,7
109856,827,825,6
109866,821,824,8
109876,827,824,8
109887,823,824,8
109897,823,824,7
109907,827,824,8
109917,821,824,8
109927,826,824,8
109938,825,824,8
109948,823,824,7
109958,826,824,8
109968,820,824,8
109978,824,824,8
109989,825,824,8
109999,821,824,8
110009,825,824,8
110019,821,824,8
110029,825,824,8
110040,827,824,8
110050,822,824,8
110060,827,824,8
110070,825,824,8
110080,826,824,8
110091,828,824,8
110101,824,824,8
110111,826,824,8
110121,827,824,8
110131,824,824,8
110142,828,825,7
110152,824,825,7
110162,827,825,7
110172,827,825,7
110182,823,825,7
110193,828,825,7
110203,824,825,7
110213,825,825,7
110223,827,825,7
110233,823,825,7
110244,828,825,7
110254,825,825,7
110264,825,825,7
110274,826,825,7
110284,824,825,7
110295,827,825,7
110305,826,825,7
110315,824,825,7
110325,827,825,7
110335,823,825,7
110346,826,825,7
110356,826,825,7
110366,823,825,7
110376,827,825,7
110386,824,825,7
110397,826,825,7
110407,827,825,7
110417,821,825,7
110427,826,825,7
110437,825,825,7
110448,825,825,7
110458,826,825,7
110468,823,825,7
110478,825,825,7
110488,828,825,7
110499,823,825,7
110509,827,825,7
110519,823,825,7
RIM
110539,855,832,8
110549,832,832,8
110560,836,832,8
110570,831,832,8
110580,833,832,8
110590,835,832,8
110600,831,832,8
110611,834,832,8
110621,834,832,8
110631,832,832,8
110641,835,832,8
110651,830,832,8
110662,833,832,8
110672,835,832,8
110682,830,832,8
110692,835,832,8
110702,831,832,8
110713,831,832,8
110723,834,832,8
110733,830,832,8
110743,833,832,8
110753,832,832,8
110764,830,832,8
110774,834,832,8
110784,829,832,8
110794,833,832,8
110804,833,832,8
110815,828,832,8
110825,833,832,8
110835,829,832,8
110845,834,832,8
110855,834,832,8
110866,828,832,8
110876,833,832,8
110886,831,832,8
110896,833,832,8
110906,834,832,8
110917,828,832,8
110927,835,832,8
110937,833,832,8
110947,832,832,8
110957,835,832,8
110968,830,832,8
110978,835,832,8
110988,835,832,9
110998,831,832,9
111008,835,832,9
111019,831,832,9
111029,834,832,9
111039,837,832,9
111049,830,832,9
111059,835,832,9
111070,831,832,9
111080,834,832,9
111090,836,832,9
111100,830,832,9
111110,835,832,9
111121,831,832,9
111131,832,832,9
111141,834,832,9
111151,831,832,9
111161,834,832,9
111172,833,832,9
111182,831,832,9
111192,834,832,9
111202,831,832,8
111212,833,832,8
111223,833,832,8
111233,830,832,8
111243,835,832,8
111253,831,832,8
111263,832,832,8
111274,834,832,8
111284,831,832,8
111294,834,832,8
111304,833,832,8
111314,831,832,8
111325,833,832,8
111335,830,832,8
111345,833,832,8
111355,834,832,8
111365,830,832,8
111376,833,832,8
111386,831,832,8
111396,832,832,8
111406,834,832,8
111416,830,832,8
111427,833,832,8
111437,832,832,8
111447,831,832,8
111457,835,832,8
111467,829,832,8
111478,833,832,8
111488,834,832,8
111498,831,832,8
111508,835,832,8
111518,830,832,8
111529,832,832,8
111539,836,832,8
111549,828,832,8
111559,835,832,8
111569,832,832,8
111580,832,832,8
111590,835,832,8
111600,829,832,8
111610,835,832,8
111620,833,832,8
111631,830,832,8
111641,835,832,8
111651,829,832,8
111661,833,832,8
111671,835,832,8
111682,829,832,9
111692,835,832,9
111702,831,832,9
111712,833,832,8
111722,835,832,9
111733,829,832,9
111743,835,832,9
111753,832,832,9
OSM
111774,332,323,4
111784,331,323,4
111794,325,323,3
111804,325,323,4
111815,323,323,4
111825,325,323,3
111835,322,323,3
111845,325,323,3
111855,325,323,3
111866,323,323,3
111876,326,323,3
111886,324,323,3
111896,324,323,3
111906,324,323,3
111917,322,323,3
111927,329,323,3
111937,324,323,3
111947,323,323,3
111957,325,323,3
111968,323,323,3
111978,330,323,4
111988,324,323,4
111998,322,323,4
112008,325,323,4
112019,323,323,4
112029,325,323,4
112039,326,323,4
112049,322,323,4
112059,325,323,4
112070,324,323,4
112080,330,323,4
112090,324,323,4
112100,323,323,4
112110,326,323,4
112121,325,323,4
112131,323,323,4
112141,326,323,4
112151,323,323,4
112161,325,323,4
112172,326,323,4
112182,322,323,4
112192,326,323,4
112202,323,323,4
112212,324,323,4
112223,326,323,4
112233,322,323,4
112243,326,323,4
112253,324,323,4
112263,324,323,4
112274,326,323,4
112284,322,323,4
112294,324,323,4
112304,324,323,4
112314,322,323,4
112325,326,323,4
112335,322,323,4
112345,324,323,4
112355,325,323,4
112365,322,323,4
112376,325,323,4
112386,323,323,4
112396,323,323,4
112406,324,323,4
112416,323,323,4
112427,324,323,4
112437,324,323,4
112447,323,323,4
112457,325,323,4
112467,323,323,4
112478,325,323,4
112488,324,323,4
112498,322,323,4
112508,325,323,4
112518,323,323,4
112529,324,323,4
112539,325,323,4
112549,322,323,4
112559,324,323,4
112569,322,323,4
112580,326,323,4
112590,324,323,4
112600,322,323,4
112610,324,323,4
112620,324,323,4
112631,323,323,4
112641,325,323,4
112651,322,323,4
112661,324,323,4
112671,325,323,4
112682,322,323,4
112692,324,323,4
112702,322,323,4
112712,325,323,4
112722,326,323,4
112733,322,323,4
112743,325,323,4
112753,324,323,4
112763,323,323,4
112773,325,323,4
112784,322,323,4
112794,324,323,4
112804,324,324,3
112814,323,324,3
112824,326,324,3
112835,323,324,3
112845,324,324,3
112855,324,324,3
112865,323,324,3
112875,326,324,3
112886,324,324,3
112896,324,324,3
112906,325,324,3
112916,322,324,3
112926,325,324,3
112937,323,324,3
112947,322,324,3
112957,325,324,3
112967,322,324,3
112977,325,324,3
112988,325,324,3
SIM
113008,844,825,7
113018,826,825,7
113028,827,825,6
113038,828,825,7
113049,823,825,7
113059,827,825,7
113069,824,825,6
113079,826,825,6
113089,827,825,6
113100,823,825,6
113110,826,825,6
113120,826,825,6
113130,824,825,6
113140,827,825,6
113151,823,825,6
113161,826,825,6
113171,826,825,6
113181,822,825,6
113191,827,825,6
113202,822,825,6
113212,825,825,6
113222,826,825,6
113232,823,825,6
113242,828,825,6
113253,824,825,6
113263,824,825,6
113273,827,825,6
113283,821,825,7
113293,827,825,7
113304,825,825,7
113314,823,825,7
113324,827,825,7
113334,823,825,7
113344,826,825,7
113355,827,825,7
113365,822,825,7
113375,828,825,7
113385,822,825,7
113395,826,825,7
113406,828,825,7
113416,823,825,7
113426,826,825,7
113436,823,825,7
113446,824,825,7
113457,827,825,7
113467,823,825,7
113477,826,825,7
113487,825,825,6
113497,823,825,6
113508,828,825,7
113518,822,825,7
113528,827,825,7
113538,828,825,7
113548,822,825,7
113559,828,825,7
113569,823,825,7
113579,824,825,7
113589,826,825,7
113599,820,825,7
113610,827,825,7
113620,825,825,7
113630,824,825,7
113640,827,825,7
113650,822,825,7
113661,827,825,7
113671,825,825,6
113681,824,825,6
113691,827,825,7
113701,822,825,6
113712,826,825,6
113722,827,825,6
113732,822,825,6
113742,828,825,6
113752,824,825,6
113763,826,825,6
113773,827,825,6
113783,822,825,6
113793,827,825,6
113803,825,825,6
113814,824,825,6
113824,827,825,6
113834,822,825,7
113844,826,825,6
113854,826,825,6
113865,823,825,6
113875,827,825,6
113885,822,825,6
113895,826,825,6
113905,827,825,6
113916,823,825,6
113926,827,825,6
113936,825,825,6
113946,825,825,6
113956,827,825,6
113967,823,825,6
113977,826,825,6
113987,825,825,6
113997,824,825,6
114007,828,825,6
114018,823,825,6
114028,826,825,6
114038,827,825,6
114048,823,825,6
114058,827,825,7
114069,824,825,6
114079,825,825,6
114089,827,825,6
114099,821,825,7
114109,827,825,7
114120,825,825,6
114130,824,825,6
114140,827,825,7
114150,822,825,7
114160,827,825,7
114171,826,825,7
114181,824,825,7
114191,827,825,7
114201,822,825,7
114211,825,825,7
114222,828,825,7
RIM
114242,842,832,5
114252,831,832,5
114262,831,832,5
114273,834,832,5
114283,829,832,5
114293,833,832,5
114303,833,832,5
114313,832,832,5
114324,835,832,5
114334,829,832,5
114344,833,832,5
114354,833,832,5
114364,831,832,5
114375,834,832,5
114385,829,832,5
114395,834,832,5
114405,835,832,5
114415,830,832,5
114426,834,832,5
114436,832,832,5
114446,833,832,5
114456,835,832,5
114466,830,832,5
114477,834,832,5
114487,833,832,5
114497,832,832,5
114507,836,832,5
114517,830,832,5
114528,834,832,5
114538,834,832,5
114548,830,832,5
114558,834,832,5
114568,831,832,5
114579,834,832,5
114589,836,832,5
114599,829,832,5
114609,835,832,5
114619,831,832,5
114630,833,832,5
114640,835,832,5
114650,829,832,5
114660,835,832,5
114670,833,832,5
114681,831,832,5
114691,834,832,5
114701,830,832,5
114711,834,832,5
114721,835,832,5
114732,831,832,5
114742,835,832,5
114752,830,832,5
114762,833,832,5
114772,834,832,5
114783,830,832,5
114793,835,832,5
114803,832,832,5
114813,832,832,5
114823,836,832,5
114834,830,832,5
114844,834,832,5
114854,833,832,5
114864,832,832,5
114874,834,832,5
114885,831,832,5
114895,834,832,5
114905,835,832,5
114915,830,832,5
114925,834,832,5
114936,832,832,5
114946,833,832,5
114956,834,832,5
114966,830,832,5
114976,833,832,5
114987,833,832,5
114997,832,832,5
115007,835,832,5
115017,830,832,5
115027,834,832,5
115038,834,832,5
115048,831,832,5
115058,835,832,5
115068,831,832,5
115078,832,832,5
115089,836,832,5
115099,830,832,5
115109,834,832,5
115119,832,832,5
115129,833,832,5
115140,836,832,5
115150,831,832,5
115160,833,832,5
115170,833,832,5
115180,831,832,5
115191,835,832,5
115201,831,832,5
115211,834,832,5
115221,835,832,5
115231,830,832,5
115242,835,832,5
115252,831,832,5
115262,833,832,5
115272,835,832,5
115282,829,832,5
115293,835,832,5
115303,832,832,5
115313,832,832,5
115323,835,832,5
115333,830,832,5
115344,835,832,5
115354,833,832,5
115364,831,832,5
115374,835,832,5
115384,830,832,5
115395,834,832,5
115405,833,832,5
115415,829,832,5
115425,833,832,5
115435,829,832,5
115446,832,832,5
115456,834,832,5
OSM
115477,330,324,3
115487,327,324,2
115497,322,324,2
115507,325,324,2
115518,323,324,2
115528,325,324,2
115538,325,324,2
115548,321,324,2
115558,324,324,2
115569,322,324,2
115579,323,324,2
115589,324,324,2
115599,321,324,2
115609,323,324,2
115620,323,324,2
115630,322,323,3
115640,324,323,3
115650,322,323,3
115660,324,323,3
115671,324,323,3
115681,322,323,3
115691,324,323,3
115701,322,323,3
115711,323,323,3
115722,325,323,3
115732,321,323,3
115742,324,323,3
115752,322,323,3
115762,323,323,3
115773,326,323,3
115783,321,323,2
115793,325,323,2
115803,323,323,2
115813,324,323,2
115823,326,323,2
115834,322,323,2
115844,324,323,2
115854,325,323,2
115864,323,323,2
115874,325,323,2
115885,323,323,2
115895,324,323,2
115905,325,323,2
115915,322,323,2
115925,325,323,2
115936,329,323,2
115946,324,323,2
115956,325,323,2
115966,322,323,2
115976,324,323,2
115987,326,323,2
115997,323,323,2
116007,325,323,2
116017,321,323,2
116027,325,323,2
116038,327,323,3
116048,323,323,3
116058,325,323,3
116068,322,323,3
116078,324,323,3
116089,326,323,3
116099,322,323,3
116109,324,323,3
116119,323,323,3
116129,324,323,3
116140,326,323,3
116150,322,323,3
116160,324,323,3
116170,325,323,3
116180,322,323,3
116191,326,323,3
116201,322,323,3
116211,324,323,3
116221,325,323,3
116231,322,323,3
116242,325,323,3
116252,323,323,3
116262,324,323,3
116272,324,323,3
116282,321,323,3
116293,325,323,3
116303,323,323,3
116313,324,323,3
116323,325,323,3
116333,321,323,3
116344,325,323,3
116354,324,323,3
116364,323,323,3
116374,325,323,3
116384,321,323,3
116395,324,323,3
116405,324,323,3
116415,321,323,3
116425,325,323,3
116435,323,323,3
116446,327,323,3
116456,326,323,3
116466,321,323,3
116476,325,323,3
116486,323,323,3
116497,323,323,3
116507,325,323,3
116517,322,323,3
116527,324,323,3
116537,324,323,3
116548,324,323,3
116558,325,323,3
116568,322,323,3
116578,324,323,3
116588,325,323,3
116599,322,323,3
116609,325,323,3
116619,324,323,3
116629,323,323,3
116639,324,323,3
116650,324,323,3
116660,324,323,3
116670,325,323,3
116680,323,323,3
116690,325,323,3
SIM
116711,842,825,6
116721,828,825,6
116731,823,825,6
116741,826,825,6
116752,822,825,6
116762,825,825,6
116772,827,825,6
116782,822,825,6
116792,826,825,6
116803,823,825,6
116813,823,825,6
116823,827,825,6
116833,821,825,6
116843,827,825,6
116854,824,825,6
116864,824,825,6
116874,827,825,6
116884,823,825,6
116894,826,825,6
116905,826,825,6
116915,821,825,6
116925,827,825,6
116935,823,825,6
116945,825,825,6
116956,827,825,6
116966,821,825,6
116976,826,825,6
116986,825,825,6
116996,824,825,6
117007,827,825,6
117017,821,825,6
117027,826,825,6
117037,825,825,6
117047,823,825,6
117058,827,825,6
117068,822,825,6
117078,826,825,6
117088,826,825,6
117098,822,825,6
117109,828,825,6
117119,823,825,6
117129,824,825,6
117139,827,825,6
117149,822,825,6
117160,826,825,6
117170,824,825,6
117180,824,825,6
117190,827,825,6
117200,823,825,6
117211,826,825,6
117221,826,825,6
117231,823,825,6
117241,827,825,6
117251,823,825,6
117262,827,825,6
117272,826,825,6
117282,823,825,6
117292,827,825,6
117302,824,825,6
117313,824,825,6
117323,828,825,6
117333,821,825,6
117343,826,825,6
117353,825,825,6
117364,824,825,6
117374,826,825,6
117384,822,825,6
117394,827,825,6
117404,827,825,6
117415,822,825,6
117425,827,825,6
117435,823,825,6
117445,826,825,6
117455,826,825,6
117466,822,825,6
117476,826,825,6
117486,825,825,6
117496,824,825,6
117506,827,825,6
117517,823,825,6
117527,826,825,6
117537,825,825,6
117547,822,825,6
117557,826,825,6
117568,822,825,6
117578,826,824,7
117588,827,825,6
117598,823,825,6
117608,826,825,6
117619,823,825,6
117629,825,824,7
117639,827,825,6
117649,821,824,7
117659,828,824,7
117670,824,824,7
117680,824,824,7
117690,828,824,7
117700,822,824,7
117710,827,824,7
117721,827,825,6
117731,824,824,7
117741,826,824,7
117751,823,824,7
117761,826,824,7
117772,827,824,7
117782,822,824,7
117792,827,824,7
117802,824,824,7
117812,825,824,7
117823,828,825,6
117833,823,824,7
117843,827,824,7
117853,827,825,6
117863,824,825,6
117874,827,825,6
117884,822,825,6
117894,827,825,6
117904,827,825,6
117914,825,825,6
117925,828,825,6
RIM
117945,847,832,6
117955,837,832,6
117965,829,832,6
117976,837,832,6
117986,834,832,6
117996,834,832,6
118006,836,832,6
118016,831,832,6
118027,836,832,6
118037,835,832,6
118047,832,832,6
118057,837,832,7
118067,832,832,7
118078,835,832,7
118088,836,833,6
118098,832,833,6
118108,836,833,6
118118,832,833,5
118129,834,833,5
118139,838,833,6
118149,832,833,6
118159,836,833,6
118169,833,833,6
118180,834,833,6
118190,836,833,6
118200,831,833,6
118210,836,833,6
118220,835,833,6
118231,832,833,6
118241,836,833,6
118251,831,833,6
118261,835,833,6
118271,837,833,6
118282,833,833,6
118292,836,833,6
118302,833,833,6
118312,835,833,6
118322,836,833,6
118333,832,833,6
118343,836,833,6
118353,834,833,6
118363,833,833,6
118373,836,833,6
118384,833,833,6
118394,835,833,6
118404,835,833,6
118414,833,833,6
118424,836,833,6
118435,832,833,6
118445,834,833,6
118455,837,833,6
118465,831,833,6
118475,835,833,6
118486,833,833,6
118496,834,833,6
118506,836,833,6
118516,831,833,6
118526,835,833,6
118537,834,833,6
118547,833,833,6
118557,836,833,6
118567,832,833,6
118577,835,833,6
118588,836,833,6
118598,832,833,6
118608,837,833,6
118618,831,833,6
118628,834,833,6
118639,836,833,6
118649,832,833,6
118659,836,833,6
118669,833,833,6
118679,833,833,6
118690,837,833,6
118700,831,833,6
118710,835,833,6
118720,835,833,6
118730,832,833,6
118741,838,833,6
118751,831,833,6
118761,834,833,6
118771,836,833,6
118781,831,833,6
118792,837,833,6
118802,832,833,6
118812,834,833,6
118822,836,833,6
118832,830,833,6
118843,837,833,6
118853,834,833,6
118863,832,833,6
118873,836,833,7
118883,831,833,7
118894,836,833,7
118904,835,833,7
118914,832,833,7
118924,836,833,7
118934,832,833,7
118945,836,833,7
118955,836,833,7
118965,830,833,7
118975,835,833,7
118985,833,834,6
118996,834,833,7
119006,836,834,6
119016,830,834,6
119026,835,834,6
119036,834,834,6
119047,834,834,6
119057,836,834,6
119067,830,834,6
119077,835,834,6
119087,836,834,6
119098,833,834,6
119108,836,834,6
119118,832,834,5
119128,834,834,5
119138,835,834,5
119149,832,834,5
119159,836,834,5
OSM
119180,328,323,3
119190,326,323,3
119200,321,323,3
119210,324,323,3
119221,326,323,3
119231,322,323,3
119241,324,323,3
119251,322,323,3
119261,323,323,3
119272,326,323,3
119282,324,323,3
119292,323,323,3
119302,323,323,3
119312,322,323,3
119323,324,323,3
119333,324,323,3
119343,324,323,3
119353,323,323,3
119363,322,323,3
119374,325,323,3
119384,322,323,3
119394,323,323,3
119404,324,323,3
119414,322,323,3
119425,325,323,3
119435,323,323,3
119445,323,323,3
119455,324,323,3
119465,321,323,3
119476,325,323,3
119486,323,323,3
119496,323,323,3
119506,324,323,3
119516,321,323,3
119527,325,323,2
119537,323,323,2
119547,321,323,3
119557,325,323,3
119567,322,323,3
119578,325,323,3
119588,324,323,3
119598,321,323,3
119608,324,323,3
119618,322,323,3
119629,325,323,3
119639,324,323,2
119649,323,323,2
119659,324,323,2
119669,323,323,2
119680,323,323,2
119690,324,323,2
119700,322,323,2
119710,324,323,2
119720,324,323,2
119731,323,323,2
119741,324,323,2
119751,322,323,2
119761,323,323,2
119771,324,323,2
119782,322,323,2
119792,324,323,2
119802,323,323,2
119812,323,323,2
119822,324,323,2
119833,322,323,2
119843,324,323,2
119853,323,323,2
119863,322,323,2
119873,324,323,2
119884,322,323,2
119894,324,323,2
119904,324,323,2
119914,321,323,2
119924,324,323,2
119935,322,323,2
119945,323,323,2
119955,324,323,2
119965,321,323,2
119975,324,323,2
119986,323,323,2
119996,323,323,2
120006,325,323,2
120016,321,323,2
120026,324,323,2
120037,325,323,2
120047,322,323,2
120057,324,323,2
120067,322,323,2
120077,323,323,2
120088,325,323,2
120098,321,323,2
120108,325,323,2
120118,322,323,2
120128,324,323,2
120139,326,323,2
120149,321,323,2
120159,324,323,1
120169,323,323,1
120179,323,323,1
120190,325,323,1
120200,322,323,1
120210,324,323,1
120220,323,323,1
120230,322,323,1
120241,326,323,1
120251,321,323,2
120261,324,323,1
120271,324,323,1
120281,321,323,2
120292,325,323,2
120302,321,323,2
120312,323,323,2
120322,324,323,2
120332,321,323,2
120343,325,323,2
120353,323,323,2
120363,322,323,2
120373,324,323,2
120383,321,323,2
120394,324,323,2
SIM
120414,841,825,6
120424,831,825,6
120434,824,825,6
120444,828,825,6
120455,828,825,6
120465,825,825,6
120475,828,825,6
120485,825,825,6
120495,825,825,6
120506,828,825,6
120516,823,825,6
120526,827,825,6
120536,824,825,6
120546,825,825,6
120557,827,825,6
120567,823,825,6
120577,827,825,6
120587,827,825,6
120597,824,825,6
120608,828,825,6
120618,824,825,6
120628,825,825,6
120638,827,825,6
120648,823,825,6
120659,828,825,6
120669,823,825,6
120679,824,825,6
120689,827,825,6
120699,823,825,6
120710,829,825,6
120720,826,825,6
120730,823,825,6
120740,827,825,6
120750,822,825,6
120761,827,825,6
120771,826,825,6
120781,822,825,6
120791,827,825,6
120801,823,825,6
120812,825,825,6
120822,826,825,6
120832,822,825,6
120842,827,825,6
120852,825,825,6
120863,824,825,6
120873,826,825,6
120883,823,825,6
120893,826,825,6
120903,827,825,6
120914,824,825,6
120924,828,825,6
120934,823,825,6
120944,826,825,6
120954,828,825,6
120965,823,825,6
120975,827,825,6
120985,823,825,6
120995,825,825,6
121005,828,825,6
121016,823,825,6
121026,826,825,6
121036,824,825,6
121046,824,825,6
121056,829,825,6
121067,822,825,6
121077,825,825,6
121087,826,825,6
121097,823,825,6
121107,828,825,6
121118,824,825,6
121128,825,825,6
121138,827,825,6
121148,822,825,6
121158,827,825,6
121169,825,825,6
121179,824,825,6
121189,827,825,6
121199,822,825,6
121209,827,825,6
121220,826,825,6
121230,824,825,6
121240,827,825,6
121250,822,825,6
121260,826,825,6
121271,827,825,6
121281,822,825,6
121291,827,825,6
121301,824,825,6
121311,827,825,6
121322,827,825,6
121332,822,825,6
121342,827,825,6
121352,824,825,6
121362,824,825,6
121373,827,825,6
121383,822,825,6
121393,828,825,6
121403,826,825,6
121413,824,825,6
121424,827,825,6
121434,822,825,6
121444,825,825,6
121454,827,825,6
121464,823,825,6
121475,828,825,6
121485,823,825,6
121495,824,825,6
121505,827,825,6
121515,822,825,6
121526,827,825,6
121536,826,825,6
121546,825,825,6
121556,827,825,6
121566,822,825,6
121577,826,825,6
121587,826,825,6
121597,823,825,6
121607,826,825,6
121617,823,825,6
121628,826,825,6
RIM
121648,847,834,5
121658,837,834,5
121668,833,834,5
121679,833,834,5
121689,836,834,5
121699,830,834,5
121709,834,834,5
121719,834,834,5
121730,831,834,5
121740,835,834,5
121750,830,834,5
121760,833,834,5
121770,834,834,5
121781,831,834,5
121791,835,834,5
121801,831,834,5
121811,835,834,5
121821,836,834,5
121832,829,834,5
121842,832,834,5
121852,831,834,5
121862,832,833,6
121872,834,833,6
121883,828,833,6
121893,833,833,6
121903,832,833,6
121913,830,833,6
121923,833,833,6
121934,827,833,7
121944,832,833,6
121954,833,833,6
121964,829,833,7
121974,833,833,6
121985,828,833,7
121995,830,833,7
122005,833,833,7
122015,828,833,7
122025,833,833,7
122036,831,833,7
122046,832,833,7
122056,835,833,7
122066,831,833,7
122076,836,833,7
122087,833,833,7
122097,832,833,7
122107,835,833,7
122117,831,833,7
122127,834,833,7
122138,834,833,7
122148,831,833,7
122158,836,833,7
122168,831,833,7
122178,832,833,7
122189,834,833,7
122199,830,833,7
122209,835,833,7
122219,832,833,7
122229,833,833,7
122240,834,833,7
122250,830,833,7
122260,834,833,7
122270,834,833,7
122280,831,833,7
122291,834,833,7
122301,831,833,7
122311,834,833,6
122321,834,833,6
122331,830,833,6
122342,833,833,6
122352,832,833,6
122362,833,833,6
122372,835,833,6
122382,829,833,6
122393,832,833,6
122403,833,833,6
122413,831,833,6
122423,835,833,6
122433,830,833,6
122444,832,833,6
122454,834,833,6
122464,831,833,6
122474,834,833,6
122484,830,833,6
122495,831,832,7
122505,834,832,7
122515,829,832,7
122525,834,832,7
122535,832,832,7
122546,832,832,7
122556,835,832,7
122566,830,832,7
122576,834,832,7
122586,833,832,7
122597,829,832,7
122607,835,832,7
122617,830,832,7
122627,833,832,7
122637,834,832,7
122648,829,832,7
122658,835,832,6
122668,831,832,6
122678,832,832,6
122688,834,832,6
122699,828,832,6
122709,834,832,6
122719,833,832,6
122729,831,832,6
122739,835,832,6
122750,829,832,6
122760,835,832,6
122770,834,832,6
122780,830,832,6
122790,834,832,6
122801,828,832,6
122811,833,832,6
122821,834,832,6
122831,829,832,6
122841,834,832,6
122852,832,832,6
122862,833,832,6
OSM
122883,329,323,2
122893,327,323,2
122903,326,323,2
122913,323,323,2
122924,324,323,2
122934,321,323,2
122944,324,323,2
122954,324,323,2
122964,322,323,2
122975,326,323,2
122985,323,323,2
122995,324,323,2
123005,326,323,2
123015,322,323,2
123026,325,323,2
123036,324,323,2
123046,323,323,2
123056,325,323,2
123066,324,323,2
123077,324,323,2
123087,324,323,2
123097,321,323,2
123107,325,323,2
123117,323,323,2
123128,324,323,2
123138,325,323,2
123148,322,323,2
123158,325,323,2
123168,323,323,2
123179,323,323,2
123189,325,323,2
123199,322,323,2
123209,325,323,2
123219,324,323,2
123230,323,323,2
123240,325,323,2
123250,322,323,2
123260,324,323,2
123270,326,323,2
123281,323,323,2
123291,325,323,2
123301,322,323,2
123311,325,323,2
123321,325,323,2
123332,322,323,2
123342,325,323,2
123352,323,323,2
123362,323,323,2
123372,325,323,2
123383,322,323,2
123393,324,323,2
123403,324,323,2
123413,323,323,2
123423,325,323,2
123434,322,323,2
123444,325,323,2
123454,324,323,2
123464,322,323,2
123474,326,323,2
123485,322,323,2
123495,325,323,2
123505,325,323,2
123515,322,323,2
123525,324,323,2
123536,323,323,2
123546,322,323,2
123556,325,323,2
123566,323,323,2
123576,324,323,2
123587,325,323,2
123597,322,323,2
123607,325,323,2
123617,323,323,2
123627,325,323,2
123638,325,323,2
123648,322,323,2
123658,326,323,2
123668,324,323,2
123678,324,323,2
123689,325,323,2
123699,322,323,2
123709,325,323,2
123719,324,323,2
123729,323,323,2
123740,326,323,2
123750,322,323,2
123760,324,323,2
123770,325,323,2
123780,323,323,2
123791,325,323,2
123801,323,323,2
123811,324,323,2
123821,325,323,2
123831,323,323,2
123842,325,323,2
123852,324,323,2
123862,323,323,2
123872,325,323,2
123882,323,323,2
123893,325,323,2
123903,324,323,2
123913,322,323,2
123923,325,323,2
123933,323,323,2
123944,325,323,2
123954,325,323,2
123964,322,323,2
123974,325,323,2
123984,323,323,2
123995,324,323,2
124005,325,323,2
124015,321,323,2
124025,326,323,2
124035,323,323,2
124046,324,323,2
124056,325,323,2
124066,322,323,2
124076,324,323,2
124086,325,323,2
124097,323,323,2
SIM
124117,839,825,5
124127,827,825,5
124137,828,825,5
124148,821,825,5
124158,826,825,5
124168,823,825,5
124178,826,825,5
124188,828,825,5
124199,821,825,5
124209,827,825,5
124219,825,825,5
124229,824,825,5
124239,828,825,5
124250,823,825,5
124260,825,825,5
124270,825,825,5
124280,823,825,5
124290,828,825,5
124301,823,825,5
124311,826,825,5
124321,827,825,5
124331,822,825,5
124341,827,825,5
124352,824,825,5
124362,826,825,5
124372,827,825,5
124382,822,825,5
124392,827,825,5
124403,826,825,5
124413,824,825,5
124423,827,825,5
124433,822,825,5
124443,828,825,5
124454,827,825,5
124464,825,825,5
124474,827,825,5
124484,823,825,5
124494,826,825,5
124505,827,825,5
124515,824,825,5
124525,826,825,5
124535,824,825,5
124545,824,825,5
124556,827,825,5
124566,823,825,5
124576,826,825,5
124586,825,825,5
124596,824,825,5
124607,828,825,5
124617,823,825,5
124627,825,825,5
124637,827,825,5
124647,822,825,5
124658,828,825,5
124668,823,825,5
124678,825,825,5
124688,827,825,5
124698,822,825,5
124709,827,825,5
124719,825,825,5
124729,824,825,5
124739,826,825,5
124749,822,825,5
124760,826,825,5
124770,825,825,5
124780,822,825,5
124790,827,825,5
124800,822,825,5
124811,825,825,5
124821,827,825,5
124831,822,825,5
124841,827,825,5
124851,823,825,5
124862,826,825,5
124872,827,825,5
124882,822,825,5
124892,828,825,5
124902,830,825,5
124913,825,825,5
124923,827,825,5
124933,822,825,5
124943,826,825,5
124953,828,825,5
124964,824,825,5
124974,826,825,5
124984,823,825,5
124994,826,825,5
125004,826,825,5
125015,823,825,5
125025,827,825,5
125035,824,825,5
125045,825,825,5
125055,828,825,5
125066,822,825,5
125076,828,825,5
125086,826,825,5
125096,823,825,5
125106,829,825,5
125117,824,825,5
125127,827,825,5
125137,832,825,6
125147,823,825,6
125157,827,825,6
125168,823,825,6
125178,825,825,6
125188,827,825,6
125198,822,825,6
125208,827,825,6
125219,824,825,6
125229,826,825,6
125239,827,825,6
125249,822,825,6
125259,827,825,6
125270,827,825,6
125280,824,825,6
125290,827,825,6
125300,822,825,6
125310,827,825,6
125321,827,825,6
125331,823,825,6
RIM
125351,845,832,6
125361,836,832,6
125371,837,832,6
125382,832,832,6
125392,837,832,6
125402,834,832,6
125412,833,832,6
125422,836,832,6
125433,832,832,6
125443,836,832,6
125453,835,832,6
125463,832,832,6
125473,836,832,6
125484,831,832,6
125494,833,832,6
125504,836,832,6
125514,832,832,6
125524,836,832,6
125535,833,832,6
125545,834,832,6
125555,837,832,6
125565,831,832,6
125575,836,832,6
125586,835,832,6
125596,833,832,6
125606,836,832,6
125616,833,832,6
125626,834,832,6
125637,834,832,6
125647,830,832,6
125657,835,832,6
125667,831,832,6
125677,833,832,6
125688,834,832,6
125698,829,832,6
125708,835,832,6
125718,831,832,6
125728,832,832,6
125739,833,832,6
125749,830,832,6
125759,834,832,6
125769,833,832,6
125779,830,832,6
125790,834,832,6
125800,830,832,6
125810,833,832,6
125820,835,832,6
125830,829,832,6
125841,833,832,6
125851,830,832,6
125861,833,832,6
125871,835,832,6
125881,830,832,6
125892,833,832,6
125902,832,832,6
125912,831,832,6
125922,834,832,6
125932,830,832,6
125943,833,832,6
125953,833,832,6
125963,830,832,6
125973,835,832,6
125983,830,832,6
125994,832,832,6
126004,834,832,6
126014,829,832,6
126024,834,832,6
126034,831,832,6
126045,831,832,6
126055,834,832,6
126065,830,832,6
126075,834,832,6
126085,832,832,6
126096,831,832,6
126106,834,832,6
126116,830,832,6
126126,834,832,6
126136,834,832,6
126147,829,832,6
126157,835,832,6
126167,829,832,6
126177,833,832,6
126187,834,832,6
126198,829,832,6
126208,834,832,6
126218,831,832,6
126228,832,832,6
126238,834,832,6
126249,828,832,6
126259,834,832,6
126269,833,832,6
126279,831,832,6
126289,834,832,6
126300,829,832,6
126310,834,832,6
126320,833,832,6
126330,830,832,6
126340,834,832,6
126351,830,832,6
126361,832,832,6
126371,835,832,6
126381,829,832,6
126391,835,832,6
126402,831,832,6
126412,832,832,6
126422,834,832,6
126432,829,832,6
126442,834,832,6
126453,832,832,6
126463,830,832,6
126473,834,832,6
126483,830,832,6
126493,834,832,6
126504,833,832,6
126514,828,832,6
126524,834,832,6
126534,831,832,6
126544,832,832,6
126555,834,832,6
126565,827,832,6
OSM
126586,329,323,2
126596,324,323,2
126606,324,323,2
126616,322,323,2
126627,325,323,2
126637,324,323,2
126647,322,323,2
126657,325,323,2
126667,321,323,2
126678,323,323,2
126688,323,323,2
126698,322,323,2
126708,324,323,2
126718,322,323,2
126729,323,323,2
126739,324,323,2
126749,321,323,2
126759,323,323,2
126769,323,323,2
126780,321,323,2
126790,325,323,2
126800,322,323,2
126810,323,323,2
126820,324,323,2
126831,322,323,2
126841,325,323,2
126851,322,323,2
126861,323,323,2
126871,325,323,2
126882,322,323,2
126892,324,323,2
126902,323,323,2
126912,323,323,2
126922,323,323,2
126933,322,323,2
126943,325,323,2
126953,324,323,2
126963,321,323,2
126973,324,323,2
126984,322,323,2
126994,323,323,2
127004,324,323,2
127014,322,323,2
127024,324,323,2
127035,323,323,2
127045,324,323,2
127055,324,323,2
127065,322,323,2
127075,324,323,2
127086,323,323,2
127096,324,323,2
127106,326,323,2
127116,322,323,2
127126,324,323,2
127137,324,323,2
127147,321,323,2
127157,324,323,2
127167,322,323,2
127177,323,323,2
127188,324,323,2
127198,322,323,2
127208,326,323,2
127218,325,323,2
127228,325,323,2
127239,326,323,2
127249,322,323,2
127259,324,323,2
127269,324,323,2
127279,323,323,2
127290,325,323,2
127300,323,323,2
127310,323,323,2
127320,325,323,2
127330,322,323,2
127341,324,323,2
127351,323,323,2
127361,324,323,2
127371,324,323,2
127381,321,323,2
127392,324,323,2
127402,324,323,2
127412,323,323,2
127422,325,323,2
127432,321,323,2
127443,324,323,2
127453,325,323,2
127463,322,323,2
127473,324,323,2
127484,324,323,2
127494,324,323,2
127504,326,323,2
127514,322,323,2
127524,325,323,2
127535,323,323,2
127545,324,323,2
127555,325,323,2
127565,321,323,2
127575,325,323,2
127586,325,323,2
127596,323,323,2
127606,325,323,2
127616,322,323,2
127626,325,323,2
127637,324,323,2
127647,322,323,2
127657,324,323,2
127667,323,323,2
127677,325,323,2
127688,325,323,2
127698,322,323,2
127708,324,323,2
127718,323,323,2
127728,323,323,2
127739,324,323,2
127749,322,323,2
127759,325,323,2
127769,324,323,2
127779,323,323,2
127790,325,323,2
127800,323,323,2
SIM
127820,844,825,7
127830,826,825,7
127841,828,825,7
127851,824,825,7
127861,827,825,7
127871,828,825,7
127881,823,825,7
127892,826,825,7
127902,824,825,7
127912,825,825,7
127922,828,825,7
127932,822,825,7
127943,827,825,7
127953,826,825,7
127963,824,825,7
127973,826,825,7
127983,822,825,7
127994,826,825,7
128004,827,825,7
128014,824,825,7
128024,827,825,7
128034,822,825,7
128045,825,825,7
128055,827,825,7
128065,823,825,7
128075,826,825,7
128085,824,825,7
128096,825,825,7
128106,828,825,7
128116,822,825,7
128126,826,825,7
128136,826,825,7
128147,822,825,7
128157,826,825,7
128167,823,825,7
128177,825,825,7
128187,827,825,7
128198,821,825,7
128208,827,825,7
128218,824,825,7
128228,824,825,7
128238,827,825,7
128249,822,825,7
128259,826,825,7
128269,825,825,7
128279,823,825,7
128289,828,825,7
128300,823,825,7
128310,825,825,7
128320,827,825,7
128330,823,825,7
128340,827,825,7
128351,824,825,7
128361,824,825,7
128371,825,825,7
128381,822,825,7
128391,826,825,7
128402,823,825,7
128412,823,825,7
128422,826,825,7
128432,821,825,7
128442,826,825,7
128453,826,825,7
128463,822,825,7
128473,827,825,7
128483,821,825,7
128493,825,825,7
128504,828,825,7
128514,822,825,7
128524,826,825,7
128534,824,825,7
128544,825,825,7
128555,827,825,7
128565,821,825,7
128575,826,825,7
128585,823,825,7
128595,824,825,7
128606,826,825,7
128616,822,825,7
128626,825,825,7
128636,825,825,7
128646,824,825,7
128657,827,825,7
128667,822,825,7
128677,827,825,7
128687,826,825,7
128697,822,825,7
128708,827,825,7
128718,823,825,7
128728,825,825,7
128738,826,825,7
128748,823,825,7
128759,827,825,7
128769,825,825,7
128779,824,825,7
128789,827,825,7
128799,821,825,7
128810,826,825,7
128820,828,825,7
128830,822,825,7
128840,826,825,7
128850,822,825,7
128861,826,825,7
128871,828,825,7
128881,821,825,7
128891,827,825,7
128901,824,825,7
128912,824,825,7
128922,826,825,7
128932,822,824,8
128942,826,824,8
128952,825,825,7
128963,824,824,8
128973,826,824,8
128983,822,824,8
128993,826,824,8
129003,828,825,7
129014,823,824,8
129024,827,824,8
129034,823,824,8
RIM
129054,842,832,6
129064,834,832,6
129075,836,832,5
129085,835,832,6
129095,835,832,5
129105,837,832,6
129115,833,832,6
129126,837,832,6
129136,835,832,6
129146,832,832,6
129156,836,832,6
129166,831,832,6
129177,834,832,6
129187,836,832,6
129197,832,832,6
129207,836,832,6
129217,832,832,6
129228,835,832,6
129238,836,832,6
129248,831,832,6
129258,836,832,6
129268,834,832,6
129279,833,832,6
129289,834,832,5
129299,832,832,5
129309,836,832,5
129319,835,832,6
129330,833,832,6
129340,836,832,6
129350,833,832,6
129360,836,832,6
129370,837,832,6
129381,831,832,6
129391,835,832,6
129401,833,832,6
129411,833,832,6
129421,835,832,6
129432,831,832,6
129442,836,832,6
129452,834,832,6
129462,833,832,6
129472,836,832,6
129483,831,832,6
129493,834,832,6
129503,836,832,6
129513,832,832,6
129523,836,832,6
129534,832,832,6
129544,834,832,6
129554,837,833,5
129564,831,833,5
129574,835,833,5
129585,834,833,5
129595,833,833,5
129605,835,833,5
129615,831,833,5
129625,836,833,5
129636,834,833,5
129646,832,833,5
129656,837,833,5
129666,831,833,5
129676,835,833,5
129687,836,833,5
129697,831,833,5
129707,836,833,5
129717,832,833,5
129727,835,833,5
129738,836,833,5
129748,831,833,5
129758,836,833,5
129768,834,833,5
129778,833,833,5
129789,836,833,5
129799,831,833,5
129809,836,833,6
129819,835,833,5
129829,833,833,5
129840,836,833,6
129850,831,833,5
129860,835,833,5
129870,836,833,5
129880,832,833,5
129891,837,833,6
129901,833,833,5
129911,835,833,5
129921,836,833,5
129931,831,833,5
129942,836,833,6
129952,833,833,5
129962,836,833,5
129972,836,833,5
129982,832,833,5
129993,835,833,5
130003,834,833,5
130013,833,833,5
130023,836,833,5
130033,832,833,5
130044,835,833,5
130054,836,833,5
130064,834,833,5
130074,835,833,5
130084,833,833,5
130095,834,833,5
130105,837,833,5
130115,832,833,5
130125,836,833,5
130135,834,833,5
130146,833,833,5
130156,836,834,4
130166,832,834,4
130176,835,834,4
130186,836,834,4
130197,832,834,4
130207,835,834,4
130217,832,834,4
130227,835,834,4
130237,836,834,4
130248,831,834,4
130258,835,834,4
130268,835,834,3
OSM
130289,330,323,2
130299,324,323,2
130309,324,323,2
130319,323,323,2
130330,323,323,2
130340,324,323,2
130350,321,323,2
130360,324,323,2
130370,325,323,2
130381,321,323,2
130391,323,323,2
130401,322,323,2
130411,323,323,2
130421,324,323,2
130432,321,323,2
130442,323,323,2
130452,323,323,2
130462,322,323,2
130472,323,323,2
130483,321,323,2
130493,323,323,2
130503,323,323,2
130513,322,323,2
130523,324,323,2
130534,322,323,2
130544,323,323,2
130554,324,323,2
130564,321,323,2
130574,324,323,2
130585,323,323,2
130595,323,323,2
130605,324,323,2
130615,321,323,2
130625,324,323,2
130636,324,323,2
130646,321,323,2
130656,324,323,2
130666,321,323,2
130676,323,323,2
130687,325,323,2
130697,322,323,2
130707,323,323,2
130717,322,323,2
130727,322,323,2
130738,325,323,2
130748,321,323,2
130758,324,323,2
130768,322,323,2
130778,322,323,2
130789,324,323,2
130799,320,323,2
130809,324,323,2
130819,323,323,2
130829,322,323,2
130840,325,323,2
130850,321,323,2
130860,323,323,2
130870,324,323,2
130880,322,323,2
130891,324,323,2
130901,322,323,2
130911,321,323,2
130921,325,323,2
130931,322,323,2
130942,324,323,2
130952,322,323,2
130962,322,323,2
130972,324,323,2
130982,321,323,2
130993,324,323,2
131003,323,323,2
131013,321,323,2
131023,324,323,2
131033,321,323,2
131044,323,323,2
131054,323,323,2
131064,321,323,2
131074,324,323,2
131084,322,323,2
131095,324,323,2
131105,324,323,2
131115,320,323,2
131125,324,323,2
131135,323,323,2
131146,323,323,2
131156,324,323,2
131166,322,323,2
131176,323,323,2
131186,324,323,2
131197,322,323,2
131207,329,323,2
131217,322,323,2
131227,323,323,2
131237,325,323,2
131248,321,323,2
131258,324,323,2
131268,322,323,2
131278,322,323,2
131288,324,323,2
131299,322,323,2
131309,324,323,2
131319,324,323,2
131329,322,323,2
131339,325,323,2
131350,321,323,2
131360,324,323,2
131370,325,323,2
131380,321,323,2
131390,324,323,2
131401,322,323,2
131411,323,323,2
131421,324,323,2
131431,321,323,2
131441,323,322,3
131452,323,323,2
131462,322,322,3
131472,325,322,3
131482,322,322,3
131492,324,322,3
131503,324,322,3
SIM
131523,847,824,9
131533,825,824,9
131543,827,824,9
131553,828,825,8
131564,823,824,9
131574,828,824,9
131584,826,825,8
131594,827,825,8
131604,829,825,8
131615,822,825,8
131625,828,825,8
131635,825,825,8
131645,825,825,8
131655,828,825,8
131666,823,825,8
131676,828,825,8
131686,825,825,8
131696,825,825,8
131706,828,825,8
131717,822,825,8
131727,826,825,8
131737,827,825,8
131747,822,825,8
131757,827,825,8
131768,824,825,8
131778,827,825,8
131788,828,825,8
131798,822,825,8
131808,826,825,8
131819,825,825,8
131829,823,825,8
131839,827,825,8
131849,822,825,8
131859,827,825,8
131870,827,825,8
131880,824,825,8
131890,828,825,8
131900,823,825,8
131910,827,825,8
131921,828,825,8
131931,822,825,8
131941,827,825,8
131951,824,825,8
131961,825,825,8
131972,827,825,8
131982,823,825,8
131992,826,825,8
132002,826,825,8
132012,824,825,8
132023,826,825,8
132033,821,825,8
132043,826,825,8
132053,828,825,8
132063,823,825,8
132074,827,825,8
132084,822,825,8
132094,825,825,8
132104,827,825,8
132114,822,825,8
132125,827,825,8
132135,825,825,8
132145,825,825,8
132155,828,825,8
132165,822,825,8
132176,827,825,8
132186,825,825,8
132196,826,825,8
132206,826,825,8
132216,823,825,8
132227,828,825,8
132237,827,825,8
132247,822,825,8
132257,827,825,8
132267,823,825,8
132278,826,825,8
132288,827,825,8
132298,821,825,8
132308,827,825,8
132318,825,825,8
132329,824,825,8
132339,827,825,8
132349,822,825,8
132359,826,825,8
132369,826,825,8
132380,823,825,8
132390,827,825,8
132400,822,825,8
132410,826,825,8
132420,826,825,8
132431,823,825,8
132441,826,825,8
132451,824,825,8
132461,825,825,8
132471,827,825,8
132482,823,825,8
132492,828,825,8
132502,825,825,8
132512,824,825,8
132522,826,825,8
132533,822,825,8
132543,825,825,8
132553,828,825,8
132563,823,825,8
132573,827,825,8
132584,822,825,8
132594,833,825,8
132604,835,825,9
132614,823,825,9
132624,827,825,9
132635,824,825,9
132645,826,825,9
132655,828,825,9
132665,822,825,9
132675,827,825,9
132686,827,825,9
132696,823,825,9
132706,827,825,9
132716,822,825,9
132726,826,825,9
132737,827,825,9
RIM
132757,843,834,4
132767,833,834,4
132777,836,834,4
132788,837,834,4
132798,830,834,4
132808,834,834,4
132818,832,834,4
132828,832,834,4
132839,835,834,4
132849,830,834,4
132859,834,834,4
132869,834,834,4
132879,832,834,4
132890,835,834,4
132900,831,834,4
132910,834,834,4
132920,835,834,4
132930,830,834,4
132941,838,834,4
132951,834,834,4
132961,835,834,4
132971,836,834,4
132981,831,834,4
132992,836,834,4
133002,832,834,4
133012,831,834,4
133022,835,834,4
133032,829,834,4
133043,834,834,4
133053,833,834,4
133063,830,833,5
133073,834,833,5
133083,830,833,5
133094,833,833,5
133104,833,833,5
133114,829,833,5
133124,835,833,5
133134,832,833,5
133145,833,833,5
133155,834,833,5
133165,829,833,5
133175,834,833,5
133185,833,833,5
133196,830,833,5
133206,834,833,5
133216,830,833,5
133226,833,833,5
133236,834,833,5
133247,830,833,5
133257,833,833,5
133267,830,833,5
133277,833,833,5
133287,834,833,5
133298,830,833,5
133308,833,833,5
133318,832,833,5
133328,833,833,5
133338,834,833,5
133349,830,833,5
133359,833,833,5
133369,833,833,5
133379,831,833,5
133389,835,833,5
133400,831,833,5
133410,833,833,5
133420,835,833,5
133430,830,833,5
133440,834,833,5
133451,831,833,5
133461,832,833,5
133471,834,833,5
133481,829,833,5
133491,835,833,5
133502,833,833,5
133512,830,833,5
133522,834,833,5
133532,830,833,5
133542,834,833,5
133553,834,833,5
133563,830,833,5
133573,834,833,5
133583,830,833,5
133593,833,833,5
133604,835,833,5
133614,828,833,5
133624,834,833,5
133634,831,833,5
133644,833,833,5
133655,835,833,5
133665,829,833,5
133675,833,833,5
133685,833,833,5
133695,832,833,5
133706,836,833,5
133716,830,833,5
133726,833,833,5
133736,834,833,5
133746,831,833,5
133757,835,833,5
133767,830,832,6
133777,833,832,6
133787,834,832,6
133797,830,832,6
133808,835,832,6
133818,831,832,6
133828,832,832,5
133838,834,832,5
133848,830,832,6
133859,835,832,5
133869,832,832,5
133879,830,832,5
133889,834,832,5
133899,830,832,5
133910,833,832,5
133920,832,832,5
133930,830,832,5
133940,835,832,5
133950,830,832,5
133961,833,832,5
133971,834,832,5
OSM
133992,330,322,3
134002,327,323,2
134012,324,323,2
134022,325,323,2
134033,327,323,2
134043,326,323,2
134053,325,323,2
134063,323,323,2
134073,325,323,2
134084,322,323,2
134094,323,323,2
134104,325,323,2
134114,323,323,2
134124,325,323,2
134135,324,323,2
134145,324,323,2
134155,324,323,2
134165,322,323,2
134175,325,323,2
134186,324,323,2
134196,326,323,2
134206,324,323,2
134216,322,323,2
134226,325,323,2
134237,326,323,2
134247,323,323,2
134257,324,323,2
134267,322,323,2
134277,323,323,2
134288,326,323,2
134298,322,323,2
134308,324,323,2
134318,323,323,2
134328,322,323,2
134339,325,323,2
134349,322,323,2
134359,323,323,2
134369,324,323,2
134379,322,323,2
134390,324,323,2
134400,322,323,2
134410,323,323,2
134420,325,323,2
134430,321,323,2
134441,325,323,2
134451,322,323,2
134461,323,323,2
134471,325,323,2
134481,321,323,2
134492,324,323,2
134502,324,323,2
134512,322,323,2
134522,324,323,2
134532,321,323,2
134543,324,323,2
134553,324,323,2
134563,321,323,2
134573,324,323,2
134583,321,323,2
134594,324,323,2
134604,324,323,2
134614,321,323,2
134624,324,323,2
134634,322,323,2
134645,323,323,2
134655,324,323,2
134665,321,323,2
134675,324,323,2
134685,324,323,2
134696,322,323,2
134706,325,323,2
134716,322,323,2
134726,323,323,2
134736,325,323,2
134747,322,323,2
134757,324,323,2
134767,322,323,2
134777,323,323,2
134787,324,323,2
134798,322,323,2
134808,325,323,2
134818,323,323,2
134828,323,323,2
134838,326,323,2
134849,323,323,2
134859,325,323,2
134869,324,323,2
134879,322,323,2
134889,325,323,2
134900,322,323,2
134910,325,323,2
134920,324,323,2
134930,324,323,2
134940,325,323,2
134951,323,323,2
134961,324,323,2
134971,324,323,2
134981,322,323,2
134991,325,323,2
135002,323,323,2
135012,323,323,2
135022,326,323,2
135032,323,323,2
135042,325,323,2
135053,325,323,2
135063,323,323,2
135073,325,323,2
135083,323,323,2
135093,325,323,2
135104,324,323,2
135114,322,323,2
135124,325,323,2
135134,323,323,2
135144,324,323,2
135155,325,323,2
135165,322,323,2
135175,324,323,2
135185,324,323,2
135195,322,323,2
135206,327,323,2
SIM
135226,842,825,8
135236,828,825,8
135246,824,825,8
135257,827,825,8
135267,823,825,8
135277,828,825,8
135287,827,825,8
135297,822,825,8
135308,827,825,8
135318,825,825,8
135328,825,825,7
135338,827,825,7
135348,822,825,8
135359,826,825,7
135369,825,825,7
135379,823,825,7
135389,828,825,7
135399,823,825,8
135410,827,825,7
135420,826,825,7
135430,822,825,7
135440,828,825,8
135450,824,825,7
135461,827,825,7
135471,827,825,7
135481,822,825,8
135491,827,825,7
135501,825,825,7
135512,824,825,7
135522,827,825,7
135532,821,825,8
135542,826,825,8
135552,826,825,7
135563,823,825,7
135573,827,825,7
135583,822,825,8
135593,826,825,7
135603,828,825,7
135614,823,825,7
135624,828,825,7
135634,822,825,7
135644,825,825,7
135654,827,825,7
135665,821,825,8
135675,826,825,8
135685,824,825,8
135695,823,825,8
135705,827,825,8
135716,822,825,8
135726,826,825,8
135736,827,825,8
135746,823,825,8
135756,827,825,8
135767,823,825,8
135777,826,825,8
135787,828,825,8
135797,822,825,8
135807,827,825,8
135818,825,825,8
135828,825,825,8
135838,827,825,8
135848,822,825,8
135858,826,825,8
135869,826,825,7
135879,824,825,7
135889,827,825,7
135899,823,825,8
135909,826,825,8
135920,826,825,7
135930,823,825,7
135940,827,825,7
135950,823,825,7
135960,826,825,7
135971,828,825,7
135981,822,825,7
135991,826,825,7
136001,824,825,7
136011,824,825,7
136022,828,825,7
136032,822,825,7
136042,826,825,7
136052,825,825,7
136062,824,825,7
136073,826,825,7
136083,822,825,7
136093,826,825,7
136103,827,825,7
136113,823,825,7
136124,827,825,7
136134,823,825,7
136144,824,825,7
136154,827,825,7
136164,822,825,7
136175,827,825,7
136185,826,825,7
136195,823,825,7
136205,828,825,7
136215,822,825,8
136226,826,825,8
136236,827,825,8
136246,823,825,8
136256,828,825,8
136266,822,825,8
136277,825,825,8
136287,827,825,8
136297,822,825,7
136307,827,825,6
136317,822,825,6
136328,825,825,6
136338,828,825,6
136348,822,825,6
136358,826,825,6
136368,824,825,6
136379,825,825,6
136389,827,825,6
136399,822,825,6
136409,826,825,6
136419,826,825,6
136430,822,825,6
136440,828,825,6
RIM
136460,846,832,6
136470,839,832,6
136481,834,832,6
136491,836,832,6
136501,834,832,6
136511,835,832,6
136521,836,832,6
136532,832,832,6
136542,835,832,6
136552,834,832,6
136562,833,832,6
136572,836,832,6
136583,831,832,6
136593,836,832,6
136603,836,832,6
136613,831,832,6
136623,836,832,6
136634,834,832,6
136644,835,832,6
136654,837,832,6
136664,831,832,6
136674,836,832,6
136685,833,832,6
136695,834,832,6
136705,837,832,6
136715,832,832,6
136725,835,832,6
136736,834,832,6
136746,832,832,6
136756,836,832,6
136766,831,832,6
136776,834,832,6
136787,836,833,5
136797,833,833,5
136807,835,833,6
136817,833,833,5
136827,834,833,5
136838,835,833,5
136848,830,833,5
136858,835,833,5
136868,834,833,5
136878,834,833,5
136889,837,833,5
136899,831,833,5
136909,834,833,5
136919,834,833,5
136929,831,833,5
136940,835,833,5
136950,830,833,5
136960,833,833,5
136970,834,833,5
136980,829,833,6
136991,833,833,6
137001,829,833,6
137011,831,833,6
137021,834,833,6
137031,828,833,6
137041,834,833,6
137052,832,833,6
137062,831,833,6
137072,835,833,6
137082,830,833,6
137092,833,833,6
137103,833,833,6
137113,830,833,6
137123,835,833,6
137133,831,833,6
137143,833,833,6
137154,834,833,6
137164,829,833,6
137174,834,833,6
137184,832,833,6
137194,832,833,6
137205,832,833,6
137215,828,833,6
137225,833,833,6
137235,832,833,6
137245,830,833,6
137256,833,833,6
137266,829,833,6
137276,834,833,6
137286,834,833,6
137296,830,833,6
137307,833,833,6
137317,830,833,6
137327,833,833,6
137337,835,833,6
137347,829,833,6
137358,833,833,6
137368,832,833,6
137378,832,833,6
137388,834,833,6
137398,829,833,6
137409,833,832,7
137419,833,833,6
137429,831,833,6
137439,834,833,6
137449,830,832,7
137460,832,832,7
137470,834,833,6
137480,830,832,7
137490,834,832,7
137500,831,832,7
137511,832,832,7
137521,834,832,7
137531,830,832,7
137541,834,832,7
137551,832,832,7
137562,830,832,7
137572,834,832,7
137582,830,832,7
137592,833,832,7
137602,833,832,7
137613,830,832,7
137623,835,832,7
137633,831,832,7
137643,833,832,7
137653,834,833,6
137664,828,832,7
137674,834,832,7
OSM
137695,326,323,2
137705,325,323,2
137715,323,323,2
137725,324,323,2
137736,325,323,2
137746,323,323,2
137756,324,323,2
137766,321,323,2
137776,323,323,2
137787,324,323,2
137797,321,323,2
137807,323,323,2
137817,322,323,2
137827,323,323,2
137838,325,323,2
137848,320,323,2
137858,324,323,2
137868,323,323,2
137878,323,323,2
137889,325,323,2
137899,321,323,2
137909,325,323,2
137919,325,323,2
137929,323,323,2
137940,325,323,2
137950,323,323,2
137960,324,323,2
137970,326,323,2
137980,322,323,2
137990,324,323,2
138001,326,323,2
138011,323,323,2
138021,326,323,2
138031,322,323,2
138041,325,323,2
138052,331,323,2
138062,323,323,2
138072,324,323,2
138082,323,323,2
138092,324,323,2
138103,330,323,3
138113,323,323,3
138123,325,323,3
138133,323,323,3
138143,324,323,3
138154,332,323,3
138164,322,323,3
138174,324,323,3
138184,323,323,3
138194,324,323,3
138205,326,323,3
138215,329,323,4
138225,324,323,4
138235,324,323,4
138246,323,323,4
138256,326,323,4
138266,322,323,4
138276,324,323,4
138286,326,323,4
138296,323,323,4
138307,330,323,4
138317,323,323,4
138327,323,323,4
138337,326,323,4
138347,322,323,4
138358,330,324,3
138368,324,324,3
138378,323,324,3
138388,325,324,3
138398,322,324,3
138409,330,324,4
138419,325,324,4
138429,322,324,4
138439,325,324,4
138449,323,324,4
138460,325,324,4
138470,326,324,4
138480,322,324,4
138490,325,324,4
138500,323,324,4
138511,330,324,4
138521,325,324,4
138531,322,324,4
138541,325,324,4
138551,324,324,4
138562,330,324,4
138572,325,324,4
138582,321,324,4
138592,325,324,4
138602,324,324,4
138613,328,324,4
138623,324,324,4
138633,323,324,4
138643,324,324,4
138653,325,324,4
138664,322,324,4
138674,326,324,4
138684,323,324,4
138694,323,324,4
138704,325,324,4
138715,326,324,4
138725,330,324,5
138735,324,324,5
138745,323,324,5
138755,325,324,5
138766,327,324,5
138776,332,324,5
138786,325,324,5
138796,322,324,5
138807,325,324,5
138817,327,324,5
138827,325,324,5
138837,325,324,5
138847,321,324,5
138858,325,324,5
138868,328,324,6
138878,325,324,6
138888,325,324,6
138898,322,324,6
138909,325,324,5
SIM
138929,840,825,6
138939,831,825,6
138949,823,825,6
138959,827,825,6
138970,827,825,6
138980,823,825,6
138990,827,825,6
139000,823,825,6
139010,826,825,6
139021,827,825,6
139031,823,825,6
139041,828,825,6
139051,826,825,6
139062,824,825,6
139072,827,825,6
139082,823,825,6
139092,826,825,6
139102,827,825,6
139113,824,825,6
139123,827,825,6
139133,823,825,6
139143,826,825,6
139153,828,825,6
139164,823,825,6
139174,828,825,6
139184,823,825,6
139194,825,825,6
139204,827,825,6
139215,823,825,6
139225,826,825,6
139235,827,825,6
139245,823,825,6
139255,828,825,6
139266,824,825,6
139276,827,825,6
139286,826,825,6
139296,823,825,6
139306,827,825,6
139317,824,825,6
139327,826,825,6
139337,827,825,6
139347,821,825,6
139357,828,825,6
139368,825,825,6
139378,825,825,6
139388,826,825,6
139398,821,825,6
139408,826,825,6
139419,826,825,6
139429,823,825,6
139439,827,825,6
139449,821,825,6
139459,826,825,6
139470,828,825,6
139480,823,825,6
139490,826,825,6
139500,823,825,6
139510,826,825,6
139521,829,825,6
139531,822,825,6
139541,826,825,6
139551,825,825,6
139561,823,825,6
139572,829,825,6
139582,823,825,6
139592,826,825,6
139602,826,825,6
139612,822,825,6
139623,828,825,6
139633,823,825,6
139643,826,825,6
139653,827,825,6
139663,822,825,6
139674,828,825,6
139684,823,825,6
139694,824,825,6
139704,827,825,6
139714,822,825,6
139725,827,825,6
139735,825,825,6
139745,825,825,6
139755,828,825,6
139765,822,825,6
139776,827,825,6
139786,826,825,6
139796,822,825,6
139806,827,825,6
139816,822,825,6
139827,825,825,6
139837,827,825,6
139847,821,825,6
139857,828,825,6
139867,824,825,6
139878,825,825,6
139888,828,825,6
139898,821,825,6
139908,827,825,6
139918,825,825,6
139929,823,825,6
139939,828,825,6
139949,822,825,6
139959,826,825,6
139969,827,825,6
139980,823,825,6
139990,827,825,6
140000,823,825,6
140010,825,825,6
140020,827,825,6
140031,822,825,6
140041,826,825,6
140051,825,825,6
140061,825,825,6
140071,827,825,6
140082,823,825,6
140092,827,825,6
140102,826,825,6
140112,823,825,6
140122,827,825,6
140133,823,825,6
140143,826,825,6
RIM
140163,845,832,7
140173,839,832,7
140183,834,832,7
140194,836,832,7
140204,838,832,7
140214,832,832,7
140224,836,832,7
140234,835,832,7
140245,834,832,7
140255,838,833,6
140265,832,833,6
140275,836,833,6
140285,835,833,6
140296,833,833,6
140306,838,833,6
140316,832,833,6
140326,837,833,6
140336,837,833,6
140347,832,833,6
140357,837,833,6
140367,834,833,6
140377,836,833,6
140387,837,833,6
140398,832,833,6
140408,836,833,6
140418,836,833,6
140428,834,833,6
140438,836,833,6
140449,832,833,6
140459,836,833,6
140469,835,833,6
140479,832,833,6
140489,836,833,6
140500,832,833,6
140510,835,833,6
140520,836,833,6
140530,830,833,7
140540,836,833,7
140551,833,833,6
140561,834,833,6
140571,836,833,7
140581,831,833,7
140591,836,833,6
140602,834,833,6
140612,834,833,6
140622,836,833,7
140632,832,833,6
140642,835,833,6
140653,835,833,6
140663,832,833,6
140673,836,833,7
140683,831,833,6
140693,835,833,6
140704,836,833,6
140714,832,833,6
140724,835,833,6
140734,834,833,6
140744,833,833,6
140755,835,833,6
140765,832,833,6
140775,836,833,6
140785,835,833,6
140795,833,833,6
140806,836,833,6
140816,832,833,6
140826,835,833,6
140836,836,833,6
140846,831,833,6
140857,835,833,6
140867,832,833,6
140877,834,833,6
140887,836,833,6
140897,830,833,6
140908,834,833,6
140918,834,833,6
140928,833,833,6
140938,835,833,6
140948,831,833,6
140959,834,833,6
140969,835,833,6
140979,832,833,6
140989,836,833,6
140999,831,833,6
141010,835,833,6
141020,836,833,6
141030,831,833,6
141040,836,833,6
141050,832,833,6
141061,834,833,6
141071,836,833,6
141081,831,833,6
141091,836,833,6
141101,834,833,6
141112,832,833,6
141122,835,833,6
141132,831,833,6
141142,835,833,6
141152,836,833,6
141163,831,833,6
141173,835,833,6
141183,832,834,5
141193,834,834,5
141203,835,834,5
141214,830,834,5
141224,835,834,5
141234,834,834,5
141244,834,834,5
141254,836,834,5
141265,830,834,5
141275,835,834,5
141285,836,834,5
141295,835,834,5
141305,836,834,5
141316,831,834,5
141326,835,834,5
141336,836,834,5
141346,830,834,5
141356,837,834,5
141367,831,834,5
141377,834,834,5
OSM
141398,326,324,5
141408,326,324,5
141418,324,324,5
141429,322,324,6
141439,326,324,6
141449,323,324,6
141459,323,324,6
141469,324,324,5
141480,321,324,6
141490,323,324,6
141500,322,324,6
141510,323,324,6
141520,325,324,5
141531,321,324,6
141541,325,324,6
141551,322,324,5
141561,322,324,5
141571,324,324,5
141582,322,324,6
141592,323,324,6
141602,324,324,5
141612,322,324,5
141622,324,324,5
141633,321,324,6
141643,324,324,6
141653,325,324,6
141663,321,324,6
141673,324,324,6
141684,323,324,6
141694,323,324,6
141704,324,324,5
141714,321,324,6
141724,324,324,6
141735,324,324,5
141745,322,324,6
141755,324,324,5
141765,321,324,5
141775,323,324,5
141786,325,324,5
141796,321,324,5
141806,325,324,5
141816,322,324,5
141826,324,324,5
141837,325,324,5
141847,321,324,5
141857,324,324,5
141867,323,324,5
141877,323,324,5
141888,326,324,5
141898,321,324,5
141908,324,324,5
141918,323,324,4
141928,322,324,4
141939,325,324,4
141949,321,324,4
141959,323,324,4
141969,324,324,4
141979,323,324,4
141990,325,324,4
142000,322,324,4
142010,324,324,4
142020,324,324,4
142030,322,324,4
142041,325,324,4
142051,323,324,4
142061,323,323,5
142071,324,323,5
142081,321,323,5
142092,325,323,5
142102,324,323,5
142112,321,323,4
142122,325,323,4
142132,322,323,4
142143,324,323,4
142153,324,323,4
142163,322,323,4
142173,324,323,4
142183,322,323,4
142194,324,323,4
142204,324,323,4
142214,321,323,4
142224,324,323,4
142234,323,323,4
142245,324,323,4
142255,324,323,4
142265,321,323,3
142275,323,323,3
142285,324,323,3
142296,322,323,3
142306,324,323,3
142316,321,323,3
142326,323,323,3
142336,324,323,3
142347,322,323,3
142357,324,323,3
142367,322,323,3
142377,323,323,3
142387,324,323,3
142398,321,323,3
142408,324,323,3
142418,323,323,3
142428,322,323,3
142438,324,323,3
142449,321,323,3
142459,323,323,3
142469,324,323,3
142479,323,323,2
142489,324,323,2
142500,322,323,2
142510,323,323,2
142520,329,323,2
142530,321,323,2
142540,324,323,2
142551,323,323,2
142561,321,323,2
142571,324,323,2
142581,322,323,2
142591,323,323,2
142602,324,323,2
142612,322,323,2
SIM
142632,840,825,6
142642,829,825,6
142652,828,825,6
142663,823,825,6
142673,828,825,6
142683,824,825,6
142693,826,825,6
142703,828,825,6
142714,823,825,6
142724,827,825,6
142734,825,825,6
142744,824,825,6
142754,828,825,6
142765,823,825,6
142775,826,825,6
142785,826,825,6
142795,823,825,6
142805,827,825,6
142816,823,825,6
142826,827,825,6
142836,827,825,6
142846,823,825,6
142856,828,825,6
142867,823,825,6
142877,825,825,6
142887,827,825,6
142897,822,825,6
142907,826,825,6
142918,825,825,6
142928,825,825,6
142938,827,825,6
142948,824,825,6
142958,827,825,6
142969,826,825,6
142979,823,825,6
142989,829,825,6
142999,823,825,6
143009,826,825,6
143020,827,825,6
143030,822,825,6
143040,827,825,6
143050,824,825,6
143060,826,825,6
143071,828,825,6
143081,822,825,6
143091,827,825,6
143101,832,825,6
143111,832,825,7
143122,828,825,7
143132,821,825,7
143142,825,825,7
143152,828,825,7
143162,823,825,7
143173,827,825,7
143183,823,825,7
143193,826,825,7
143203,827,825,7
143213,822,825,7
143224,827,825,7
143234,824,825,7
143244,824,825,7
143254,828,825,7
143264,823,825,7
143275,827,825,7
143285,827,825,7
143295,823,825,7
143305,827,825,7
143315,822,825,7
143326,826,825,7
143336,828,825,7
143346,821,825,7
143356,827,825,7
143366,823,825,7
143377,826,825,7
143387,828,825,7
143397,822,825,7
143407,827,825,7
143417,825,825,7
143428,825,825,7
143438,827,825,7
143448,823,825,7
143458,827,825,7
143468,826,825,7
143479,823,825,7
143489,827,825,7
143499,823,825,7
143509,827,825,7
143519,828,825,7
143530,823,825,7
143540,826,825,7
143550,823,825,7
143560,826,825,7
143570,827,825,7
143581,823,825,7
143591,828,825,7
143601,826,825,6
143611,824,825,6
143621,827,825,6
143632,822,825,6
143642,828,825,6
143652,827,825,6
143662,823,825,6
143672,827,825,6
143683,823,825,6
143693,825,825,6
143703,826,825,6
143713,821,825,7
143723,826,825,7
143734,824,825,6
143744,824,825,6
143754,827,825,6
143764,822,825,7
143774,826,825,7
143785,827,825,7
143795,825,825,7
143805,827,825,7
143815,823,825,7
143825,826,825,7
143836,828,825,7
143846,824,825,7
RIM
143866,843,834,4
143876,837,834,4
143887,838,834,4
143897,831,834,5
143907,835,834,4
143917,833,834,4
143927,834,834,4
143938,837,834,4
143948,831,834,4
143958,833,834,4
143968,834,834,4
143978,831,834,4
143989,837,834,4
143999,830,834,5
144009,832,834,4
144019,834,834,4
144029,830,834,4
144040,835,834,4
144050,831,833,5
144060,833,833,5
144070,835,833,5
144080,830,833,5
144091,835,833,5
144101,833,833,5
144111,830,833,5
144121,834,833,5
144131,830,833,5
144142,834,833,5
144152,834,833,5
144162,829,833,5
144172,834,833,5
144182,830,833,5
144193,834,833,5
144203,835,833,5
144213,828,833,5
144223,835,833,5
144233,832,833,5
144244,833,833,5
144254,833,833,5
144264,829,833,5
144274,834,833,5
144284,834,833,5
144295,832,833,5
144305,835,833,5
144315,831,833,5
144325,834,833,5
144335,835,833,5
144346,830,833,5
144356,834,833,5
144366,831,833,5
144376,833,833,5
144386,834,833,5
144397,829,833,5
144407,834,833,5
144417,832,833,5
144427,832,833,5
144437,835,833,5
144448,830,833,5
144458,833,833,5
144468,832,833,5
144478,831,833,5
144488,834,833,5
144499,830,833,5
144509,834,833,5
144519,833,833,5
144529,829,833,5
144539,834,833,5
144550,831,833,5
144560,833,833,5
144570,833,833,5
144580,829,833,5
144590,833,833,5
144601,833,833,5
144611,831,833,5
144621,833,833,5
144631,829,833,5
144641,833,833,5
144652,834,833,5
144662,830,833,5
144672,833,833,5
144682,830,833,5
144692,833,833,5
144703,835,833,5
144713,829,833,5
144723,833,833,5
144733,830,833,5
144743,832,832,6
144754,834,832,6
144764,830,832,6
144774,832,832,6
144784,832,832,6
144794,831,832,6
144805,835,832,6
144815,829,832,6
144825,831,832,6
144835,833,832,6
144845,829,832,6
144856,833,832,6
144866,829,832,6
144876,832,832,6
144886,834,832,6
144896,828,832,6
144907,834,832,6
144917,832,832,6
144927,832,832,6
144937,836,832,6
144947,830,832,6
144958,834,832,6
144968,834,832,6
144978,832,832,6
144988,835,832,6
144998,831,832,6
145009,835,832,6
145019,835,832,6
145029,831,832,6
145039,836,832,6
145049,831,832,6
145060,834,832,5
145070,835,832,5
145080,830,832,5
OSM
145101,333,323,2
145111,323,323,2
145121,325,323,2
145131,321,323,2
145142,323,323,2
145152,324,323,2
145162,322,323,2
145172,325,323,2
145182,321,323,2
145193,324,323,2
145203,324,323,2
145213,321,323,2
145223,325,323,2
145233,323,323,2
145244,323,323,2
145254,325,323,2
145264,321,323,2
145274,324,323,2
145284,324,323,2
145295,322,323,2
145305,326,323,2
145315,322,323,2
145325,323,323,2
145335,328,323,3
145346,321,323,3
145356,323,323,3
145366,322,323,3
145376,323,323,3
145386,325,323,3
145397,320,323,3
145407,324,323,3
145417,323,323,3
145427,323,323,3
145437,324,323,3
145448,322,323,3
145458,323,323,3
145468,324,323,3
145478,321,323,3
145488,324,323,3
145499,321,323,3
145509,322,323,3
145519,325,323,3
145529,321,323,3
145539,323,323,3
145550,323,323,3
145560,322,323,3
145570,325,323,3
145580,320,323,3
145590,323,323,3
145601,324,323,3
145611,322,323,3
145621,328,323,3
145631,321,323,3
145641,323,323,3
145652,324,323,3
145662,321,323,3
145672,324,323,3
145682,321,323,3
145692,323,323,3
145703,325,323,3
145713,322,323,3
145723,328,323,3
145733,322,323,3
145743,322,323,3
145754,324,323,3
145764,321,323,3
145774,324,323,3
145784,323,323,3
145794,322,323,3
145805,329,323,3
145815,322,323,3
145825,323,323,3
145835,324,323,3
145845,321,323,3
145856,324,323,3
145866,321,323,3
145876,323,323,3
145886,324,323,3
145896,321,323,3
145907,324,323,3
145917,323,323,3
145927,324,323,3
145937,324,323,3
145947,321,323,3
145958,323,323,3
145968,324,323,3
145978,322,323,3
145988,324,323,3
145998,321,323,3
146009,323,323,3
146019,324,323,3
146029,323,323,3
146039,325,323,3
146049,324,323,3
146060,323,323,3
146070,326,323,3
146080,322,323,3
146090,324,323,3
146100,324,323,3
146111,326,323,3
146121,325,323,3
146131,322,323,3
146141,325,323,3
146151,325,323,3
146162,324,323,3
146172,326,323,3
146182,323,323,3
146192,325,323,3
146202,325,323,4
146213,328,323,4
146223,324,323,3
146233,323,323,3
146243,324,323,3
146253,326,323,3
146264,325,323,3
146274,325,323,3
146284,325,323,4
146294,323,323,4
146304,325,323,4
146315,330,323,4
SIM
146335,842,825,7
146345,825,825,7
146355,827,825,7
146366,822,825,7
146376,826,825,7
146386,827,825,7
146396,821,825,7
146406,827,825,7
146417,825,825,7
146427,824,825,7
146437,829,825,7
146447,823,825,7
146457,827,825,7
146468,827,825,7
146478,823,825,7
146488,827,825,7
146498,823,825,7
146508,825,825,7
146519,828,825,7
146529,823,825,7
146539,828,825,7
146549,823,825,7
146559,826,825,7
146570,827,825,7
146580,822,825,7
146590,827,825,7
146600,826,825,7
146610,824,825,7
146621,828,825,7
146631,822,825,7
146641,827,825,7
146651,827,825,7
146661,823,825,7
146672,827,825,7
146682,823,825,7
146692,826,825,7
146702,827,825,7
146712,823,825,7
146723,827,825,7
146733,824,825,7
146743,826,825,7
146753,828,825,7
146763,822,825,7
146774,827,825,7
146784,825,825,7
146794,824,825,7
146804,827,825,7
146814,822,825,6
146825,825,825,6
146835,827,825,6
146845,825,825,6
146855,827,825,6
146865,824,825,6
146876,825,825,6
146886,827,825,6
146896,821,825,6
146906,827,825,6
146916,824,825,6
146927,823,825,6
146937,827,825,6
146947,821,825,6
146957,826,825,6
146967,825,825,6
146978,823,825,6
146988,827,825,6
146998,822,825,6
147008,827,825,6
147018,827,825,6
147029,823,825,6
147039,827,825,6
147049,823,825,6
147059,825,825,6
147069,828,825,6
147080,821,825,6
147090,827,825,6
147100,824,825,6
147110,824,825,6
147120,828,825,6
147131,820,825,6
147141,825,825,6
147151,826,825,6
147161,823,825,6
147171,827,825,6
147182,823,825,6
147192,825,825,6
147202,826,825,6
147212,822,825,6
147222,828,825,6
147233,824,825,6
147243,824,825,6
147253,826,825,6
147263,821,825,6
147273,827,825,6
147284,825,825,6
147294,823,825,6
147304,827,825,6
147314,822,825,6
147324,827,825,6
147335,827,825,6
147345,823,825,6
147355,827,825,6
147365,824,825,6
147375,825,825,6
147386,827,825,6
147396,822,825,6
147406,826,825,6
147416,824,825,6
147426,826,825,6
147437,828,825,6
147447,822,825,6
147457,827,825,6
147467,825,825,6
147477,824,825,6
147488,828,825,6
147498,822,825,6
147508,826,825,6
147518,827,825,6
147528,823,825,6
147539,827,825,6
147549,823,825,6
RIM
147569,849,832,7
147579,833,832,7
147590,837,832,7
147600,834,832,7
147610,834,832,7
147620,835,832,7
147630,831,832,7
147641,836,832,6
147651,835,832,7
147661,832,832,7
147671,836,832,7
147681,832,832,7
147692,835,832,7
147702,836,832,7
147712,831,832,7
147722,835,832,7
147732,832,832,7
147743,833,832,7
147753,836,832,7
147763,831,832,7
147773,836,832,7
147783,834,832,7
147794,833,832,7
147804,835,832,7
147814,831,832,7
147824,835,832,7
147834,835,832,7
147845,832,832,7
147855,836,832,7
147865,830,832,7
147875,833,832,7
147885,835,832,7
147896,830,832,7
147906,835,832,7
147916,833,832,7
147926,833,832,7
147936,835,832,7
147947,830,832,7
147957,834,832,7
147967,834,832,7
147977,833,832,7
147987,835,832,7
147998,829,832,7
148008,833,832,7
148018,834,832,7
148028,830,832,7
148038,833,832,7
148048,830,832,7
148059,831,832,7
148069,834,832,7
148079,830,832,7
148089,834,832,7
148099,832,832,7
148110,831,832,7
148120,835,832,7
148130,829,832,7
148140,833,832,7
148150,833,832,7
148161,830,832,7
148171,835,832,7
148181,831,832,7
148191,833,832,7
148201,835,832,7
148212,829,832,7
148222,835,832,7
148232,831,832,7
148242,832,832,7
148252,835,832,7
148263,829,832,7
148273,834,832,7
148283,831,832,7
148293,832,832,7
148303,836,832,7
148314,828,832,7
148324,835,832,7
148334,833,832,7
148344,830,832,7
148354,834,832,7
148365,829,832,7
148375,833,832,7
148385,834,832,7
148395,829,832,7
148405,834,832,7
148416,830,832,7
148426,833,832,7
148436,834,832,7
148446,829,832,7
148456,834,832,7
148467,831,832,7
148477,831,832,7
148487,835,832,7
148497,830,832,7
148507,833,832,7
148518,833,832,7
148528,831,832,7
148538,834,832,7
148548,830,832,7
148558,833,832,7
148569,834,832,7
148579,829,832,7
148589,834,832,7
148599,830,832,7
148609,831,832,7
148620,833,832,7
148630,829,832,7
148640,833,832,7
148650,833,832,7
148660,831,832,7
148671,834,832,7
148681,830,832,7
148691,832,832,7
148701,833,832,7
148711,830,832,7
148722,833,832,7
148732,831,832,7
148742,832,832,7
148752,834,832,7
148762,829,832,7
148773,833,832,7
148783,832,832,7
OSM
148804,330,323,4
148814,322,323,4
148824,323,323,3
148834,324,323,3
148845,321,323,4
148855,324,323,4
148865,322,323,4
148875,323,323,3
148885,324,323,3
148896,321,323,3
148906,324,323,3
148916,323,323,3
148926,323,323,3
148936,324,323,3
148947,322,323,3
148957,323,323,3
148967,324,323,3
148977,322,323,3
148987,324,323,3
148998,322,323,3
149008,324,323,3
149018,323,323,3
149028,322,323,3
149038,325,323,3
149049,323,323,3
149059,324,323,3
149069,325,323,3
149079,322,323,3
149089,324,323,3
149100,324,323,3
149110,324,323,3
149120,331,323,4
149130,322,323,4
149140,324,323,4
149150,325,323,4
149161,323,323,4
149171,325,323,4
149181,323,323,4
149191,324,323,4
149201,325,323,4
149212,323,323,4
149222,325,323,4
149232,323,323,4
149242,324,323,4
149252,325,323,4
149263,328,323,4
149273,325,323,4
149283,323,323,4
149293,322,323,4
149303,325,323,4
149314,324,323,4
149324,325,323,4
149334,325,323,4
149344,323,323,4
149354,325,323,4
149365,324,323,4
149375,323,323,4
149385,324,323,4
149395,322,323,4
149405,324,323,4
149416,330,323,4
149426,324,323,4
149436,325,323,4
149446,322,323,4
149456,324,323,4
149467,326,323,4
149477,323,323,4
149487,324,323,4
149497,322,323,4
149507,324,323,4
149518,327,323,4
149528,322,323,4
149538,325,323,4
149548,322,323,4
149558,324,323,4
149569,327,324,3
149579,323,324,3
149589,324,324,3
149599,324,324,3
149609,323,324,3
149620,328,324,3
149630,322,324,3
149640,325,324,3
149650,324,324,3
149660,323,324,3
149671,332,324,3
149681,323,324,3
149691,324,324,3
149701,325,324,3
149711,323,324,3
149722,326,324,3
149732,323,324,3
149742,323,324,3
149752,325,324,3
149762,322,324,3
149773,325,324,3
149783,325,324,3
149793,323,324,3
149803,324,324,3
149813,322,324,3
149824,329,324,3
149834,325,324,3
149844,328,324,4
149854,325,324,4
149864,323,324,4
149875,326,324,4
149885,325,324,4
149895,325,324,4
149905,324,324,4
149915,323,324,3
149926,330,324,4
149936,325,324,4
149946,323,324,4
149956,324,324,4
149966,324,324,4
149977,327,324,4
149987,326,324,4
149997,325,324,4
150007,324,324,4
150017,325,324,3
SIM
150038,846,825,8
150048,827,825,8
150058,827,825,8
150068,829,825,8
150079,822,825,8
150089,827,825,8
150099,824,825,8
150109,825,825,8
150119,827,825,8
150130,822,825,8
150140,827,825,8
150150,827,825,8
150160,824,825,8
150171,828,825,8
150181,823,825,8
150191,827,825,8
150201,828,825,8
150211,824,825,8
150221,829,825,8
150232,824,825,8
150242,825,825,8
150252,827,825,8
150262,822,825,8
150272,827,825,8
150283,824,825,8
150293,823,825,8
