Polling for available serial device...
Opening serial monitor for com port: "/dev/ttyACM0"
Serial monitor opened successfully:
2628984,2010,2013,7
2628994,2010,2013,7
2629004,2012,2013,7
2629014,2015,2013,7
2629025,2015,2013,7
2629035,2014,2013,7
2629045,2015,2013,7
2629055,2015,2013,7
2629065,2020,2013,7
2629076,2013,2013,7
2629086,2020,2013,8
2629096,2012,2013,8
2629106,2010,2013,7
2629117,2012,2013,7
2629127,2012,2013,7
2629137,2012,2013,7
2629147,2012,2013,7
2629157,2012,2013,7
2629168,2010,2013,7
2629178,2012,2013,7
2629188,2012,2013,7
2629198,2012,2013,7
2629208,2011,2013,7
2629219,2013,2013,7
2629229,2012,2013,7
2629239,2015,2013,7
2629249,2013,2013,7
2629259,2016,2013,7
2629270,2013,2013,7
2629280,2017,2013,7
2629290,2012,2013,7
2629300,2014,2013,7
2629311,2013,2013,7
2629321,2011,2013,7
2629331,2013,2013,7
2629341,2011,2013,7
2629351,2014,2013,7
2629362,2015,2013,7
2629372,2015,2013,7
2629382,2024,2013,8
2629392,2014,2013,8
2629402,2012,2013,8
2629413,2011,2013,8
2629423,2011,2013,8
2629433,2011,2013,8
2629443,2011,2013,8
2629453,2012,2013,8
2629464,2011,2013,8
2629474,2012,2013,8
2629484,2026,2013,9
2629494,2016,2013,10
2629504,2014,2013,9
2629515,2014,2013,9
2629525,2016,2013,9
2629535,2013,2013,9
2629545,2011,2013,9
2629556,2013,2013,9
2629566,2012,2013,9
2629576,2013,2013,9
2629586,2013,2013,9
2629596,2017,2013,9
2629607,2014,2013,9
2629617,2014,2013,9
2629627,2014,2013,9
2629637,2010,2013,9
2629647,2010,2013,9
2629658,2012,2013,9
2629668,2018,2013,9
2629678,2013,2013,9
2629688,2013,2013,9
2629698,2027,2013,11
2629709,2015,2013,11
2629719,2016,2013,11
2629729,2014,2013,11
2629739,2015,2013,11
2629750,2011,2013,11
2629760,2012,2013,11
2629770,2014,2013,11
SIM
2629790,778,755,17
2629800,754,755,17
2629811,760,755,17
2629821,753,755,17
2629831,756,755,17
2629841,758,755,17
2629852,757,755,17
2629862,762,755,17
2629872,755,755,17
2629882,754,755,17
2629892,760,755,17
2629903,752,755,17
2629913,759,755,17
2629923,757,755,17
2629933,752,755,17
2629943,759,755,17
2629954,750,755,17
2629964,756,755,17
2629974,758,755,17
2629984,749,755,17
2629994,757,755,17
2630005,753,755,17
2630015,755,755,17
2630025,759,755,17
2630035,750,755,17
2630045,759,755,17
2630056,756,755,17
2630066,754,755,17
2630076,760,755,17
2630086,752,755,17
2630097,758,755,17
2630107,758,755,17
2630117,751,755,17
2630127,758,755,17
2630137,750,755,17
2630148,755,755,17
2630158,758,755,17
2630168,750,755,17
2630178,759,755,17
2630188,754,755,17
2630199,754,755,17
2630209,758,755,17
2630219,750,755,17
2630229,756,755,17
2630239,756,755,17
2630250,750,755,17
2630260,759,755,17
2630270,750,755,17
2630280,756,755,17
2630290,760,755,17
2630301,751,755,17
2630311,759,755,17
2630321,753,755,17
2630331,757,755,17
2630341,759,755,17
2630352,749,755,17
2630362,758,755,17
2630372,754,755,17
2630382,754,755,17
2630393,759,755,17
2630403,751,755,17
2630413,758,755,17
2630423,758,755,17
2630433,751,755,17
2630444,757,755,17
2630454,751,755,17
2630464,756,755,17
2630474,758,755,17
2630484,750,755,17
2630495,759,755,17
2630505,754,755,16
2630515,756,755,16
2630525,759,755,16
2630535,752,755,16
2630546,759,755,16
2630556,757,755,16
2630566,753,755,16
2630576,759,755,16
2630587,750,755,16
2630597,758,755,16
2630607,760,755,16
2630617,750,755,16
2630627,758,755,16
2630638,751,755,16
2630648,755,755,16
2630658,758,755,16
2630668,751,755,16
2630678,757,755,16
2630689,755,755,16
2630699,753,755,16
2630709,759,755,16
2630719,749,755,16
2630729,758,755,16
2630740,757,755,16
2630750,752,755,16
2630760,760,755,16
2630770,752,755,16
2630780,757,755,16
2630791,760,755,16
2630801,750,755,16
2630811,759,755,16
2630821,754,755,16
2630832,756,755,16
2630842,759,755,16
2630852,750,755,16
2630862,758,755,16
2630872,755,755,16
2630883,753,755,16
2630893,758,755,16
2630903,750,755,16
2630913,756,755,16
2630923,761,755,16
2630934,752,755,16
2630944,758,755,16
2630954,752,755,16
2630964,755,755,16
2630974,759,755,16
2630985,748,755,16
2630995,758,755,16
2631005,754,755,16
RIM
2631025,730,728,12
2631036,722,728,12
2631046,728,728,12
2631056,728,728,12
2631066,723,728,12
2631076,732,728,11
2631087,727,728,11
2631097,731,728,11
2631107,734,728,11
2631117,726,728,11
2631127,732,728,12
2631138,726,728,11
2631148,727,728,11
2631158,729,728,11
2631168,723,728,11
2631178,729,728,11
2631189,726,728,11
2631199,724,728,11
2631209,729,728,11
2631219,722,728,11
2631229,727,728,11
2631240,729,728,11
2631250,723,728,11
2631260,728,727,12
2631270,723,727,12
2631280,726,727,12
2631291,732,727,12
2631301,725,727,12
2631311,733,727,13
2631321,728,728,11
2631332,729,727,12
2631342,731,728,11
2631352,726,727,12
2631362,731,727,12
2631372,731,728,11
2631383,728,728,11
2631393,731,728,11
2631403,726,728,11
2631413,730,728,11
2631423,732,728,11
2631434,727,728,11
2631444,732,728,11
2631454,727,728,11
2631464,730,728,11
2631474,730,728,11
2631485,724,728,11
2631495,728,728,11
2631505,726,728,11
2631515,725,728,11
2631525,728,728,11
2631536,723,728,11
2631546,727,727,12
2631556,727,728,11
2631566,723,727,12
2631576,732,728,11
2631587,727,728,11
2631597,728,728,11
2631607,730,728,11
2631617,723,727,12
2631627,728,727,12
2631638,725,727,12
2631648,726,727,11
2631658,729,727,11
2631668,723,727,12
2631678,728,727,11
2631689,726,727,11
2631699,722,727,11
2631709,729,727,11
2631719,722,727,11
2631729,726,727,11
2631740,730,727,11
2631750,725,727,11
2631760,734,727,12
2631770,727,727,12
2631780,729,727,12
2631791,732,727,12
2631801,724,727,12
2631811,732,727,11
2631821,731,727,12
2631832,728,727,11
2631842,733,727,11
2631852,725,727,11
2631862,731,727,12
2631872,731,727,12
2631883,726,727,11
2631893,733,727,11
2631903,727,727,11
2631913,732,727,11
2631923,731,727,11
2631934,723,727,11
2631944,729,727,11
2631954,724,727,11
2631964,727,727,11
2631974,731,727,11
2631985,721,727,11
2631995,728,727,11
2632005,726,727,11
2632015,724,727,11
2632025,730,727,11
2632036,722,727,11
2632046,728,727,11
2632056,729,727,11
2632066,723,727,11
2632076,735,727,11
2632087,726,727,11
2632097,730,727,11
2632107,733,727,11
2632117,724,727,11
2632127,730,727,11
2632138,725,727,11
2632148,725,727,11
2632158,730,727,11
2632168,722,727,11
2632178,729,727,11
2632189,728,727,11
2632199,722,727,11
2632209,728,727,11
2632219,722,727,11
2632229,727,727,11
2632240,730,727,11
OSM
2632261,1996,2013,12
2632271,2007,2013,12
2632281,2010,2013,12
2632291,2014,2013,12
2632302,2014,2013,12
2632312,2014,2013,12
2632322,2013,2013,12
2632332,2013,2013,12
2632342,2010,2013,12
2632353,2012,2013,12
2632363,2012,2013,12
2632373,2021,2013,12
2632383,2013,2013,12
2632394,2016,2013,12
2632404,2019,2013,12
2632414,2013,2013,12
2632424,2014,2013,12
2632434,2026,2013,13
2632445,2014,2013,13
2632455,2013,2013,13
2632465,2015,2013,13
2632475,2015,2013,13
2632485,2014,2013,13
2632496,2014,2013,13
2632506,2010,2013,13
2632516,2012,2013,13
2632526,2012,2013,13
2632537,2013,2013,13
2632547,2013,2013,13
2632557,2016,2013,13
2632567,2015,2013,13
2632577,2013,2013,13
2632588,2012,2013,13
2632598,2012,2013,12
2632608,2012,2013,12
2632618,2014,2013,12
2632628,2015,2013,12
2632639,2014,2013,12
2632649,2008,2013,12
2632659,2012,2013,12
2632669,2012,2013,12
2632680,2013,2013,12
2632690,2015,2013,12
2632700,2014,2013,12
2632710,2015,2013,12
2632720,2014,2013,12
2632731,2011,2013,12
2632741,2012,2013,12
2632751,2025,2013,13
2632761,2013,2013,13
2632771,2015,2013,13
2632782,2015,2013,13
2632792,2011,2013,13
2632802,2011,2013,13
2632812,2012,2013,13
2632823,2014,2013,13
2632833,2014,2013,13
2632843,2015,2013,13
2632853,2015,2013,13
2632863,2013,2013,13
2632874,2015,2013,13
2632884,2010,2013,13
2632894,2011,2013,13
2632904,2024,2013,14
2632914,2015,2013,14
2632925,2013,2013,14
2632935,2012,2013,14
2632945,2012,2013,14
2632955,2026,2013,15
2632966,2011,2013,15
2632976,2015,2013,15
2632986,2014,2013,15
2632996,2016,2013,15
2633006,2015,2013,15
2633017,2012,2013,15
2633027,2012,2013,15
2633037,2010,2013,15
2633047,2012,2013,15
2633057,2016,2013,15
2633068,2015,2013,15
2633078,2014,2013,15
2633088,2013,2013,14
2633098,2013,2013,14
2633108,2009,2013,14
2633119,2011,2013,14
2633129,2013,2013,14
2633139,2016,2013,14
2633149,2015,2013,14
2633160,2017,2013,14
2633170,2020,2013,15
2633180,2013,2013,15
2633190,2013,2013,13
2633200,2011,2013,13
2633211,2023,2013,14
2633221,2013,2013,14
2633231,2016,2013,14
2633241,2013,2013,14
2633251,2011,2013,14
2633262,2013,2013,14
2633272,2013,2013,14
2633282,2015,2013,14
2633292,2014,2013,14
2633303,2016,2013,14
2633313,2016,2013,14
2633323,2013,2013,14
2633333,2013,2013,14
2633343,2011,2013,14
2633354,2026,2013,15
2633364,2014,2013,15
2633374,2016,2013,15
2633384,2014,2013,15
2633394,2014,2013,15
2633405,2012,2013,14
2633415,2024,2013,15
2633425,2012,2013,15
2633435,2016,2013,15
2633446,2015,2013,15
2633456,2016,2013,15
2633466,2016,2013,15
2633476,2012,2013,15
SIM
2633497,774,755,15
2633507,763,755,15
2633517,749,755,15
2633527,758,755,15
2633537,751,755,15
2633548,754,755,15
2633558,760,755,15
2633568,749,755,15
2633578,760,755,16
2633588,757,755,16
2633599,752,755,15
2633609,761,755,16
2633619,749,755,16
2633629,757,755,16
2633639,759,755,16
2633650,749,755,16
2633660,758,755,16
2633670,753,755,16
2633680,755,755,16
2633690,759,755,16
2633701,748,755,16
2633711,759,755,16
2633721,755,755,16
2633731,753,755,16
2633741,761,755,16
2633752,749,755,16
2633762,756,755,16
2633772,758,755,16
2633782,750,755,16
2633793,760,755,17
2633803,750,755,17
2633813,755,755,17
2633823,760,755,17
2633833,748,755,17
2633844,761,755,17
2633854,753,755,17
2633864,756,755,17
2633874,760,755,17
2633884,749,755,17
2633895,759,755,17
2633905,756,755,17
2633915,752,755,17
2633925,760,755,17
2633935,749,755,18
2633946,755,755,18
2633956,758,755,18
2633966,749,755,18
2633976,759,755,18
2633986,751,755,18
2633997,756,755,18
2634007,760,755,18
2634017,751,755,18
2634027,760,755,18
2634037,753,755,18
2634048,752,755,18
2634058,759,755,18
2634068,749,755,18
2634078,757,755,18
2634089,757,755,18
2634099,750,755,18
2634109,760,755,18
2634119,750,755,18
2634129,757,755,18
2634140,760,755,18
2634150,749,755,18
2634160,759,755,18
2634170,752,755,19
2634180,756,755,18
2634191,760,755,18
2634201,750,755,19
2634211,758,755,19
2634221,756,755,19
2634231,752,755,19
2634242,758,755,19
2634252,749,755,19
2634262,757,755,19
2634272,758,755,19
2634282,750,755,19
2634293,759,755,19
2634303,750,755,19
2634313,757,755,19
2634323,761,755,19
2634333,749,755,19
2634344,758,755,19
2634354,752,755,19
2634364,753,755,19
2634374,759,755,19
2634385,747,755,19
2634395,758,755,20
2634405,757,755,20
2634415,752,755,19
2634425,760,755,19
2634436,752,755,19
2634446,758,755,19
2634456,759,755,20
2634466,750,755,20
2634476,760,755,20
2634487,752,755,20
2634497,756,755,19
2634507,759,755,19
2634517,748,755,20
2634527,757,755,20
2634538,754,755,20
2634548,751,755,20
2634558,758,755,20
2634568,749,755,20
2634578,757,755,20
2634589,759,755,20
2634599,751,755,20
2634609,760,755,20
2634619,751,755,20
2634630,755,755,20
2634640,760,755,20
2634650,748,755,20
2634660,760,755,20
2634670,754,755,20
2634681,755,755,20
2634691,760,755,20
2634701,749,755,20
2634711,758,755,20
RIM
2634731,724,727,11
2634742,732,727,11
2634752,725,727,11
2634762,731,727,11
2634772,732,727,11
2634783,725,727,11
2634793,733,727,11
2634803,726,727,11
2634813,730,727,11
2634823,734,727,11
2634834,726,727,11
2634844,732,727,11
2634854,729,727,11
2634864,728,727,11
2634874,733,727,11
2634885,725,727,11
2634895,732,727,11
2634905,732,727,11
2634915,727,727,11
2634925,733,727,12
2634936,726,727,12
2634946,731,727,12
2634956,734,728,11
2634966,726,728,11
2634976,731,728,11
2634987,726,728,11
2634997,728,728,11
2635007,731,728,11
2635017,722,728,11
2635027,730,728,11
2635038,728,728,11
2635048,725,727,12
2635058,730,727,12
2635068,722,727,12
2635078,727,727,12
2635089,729,727,12
2635099,723,727,12
2635109,729,727,12
2635119,722,727,12
2635129,726,727,12
2635140,729,727,12
2635150,721,727,12
2635160,728,727,12
2635170,724,727,12
2635180,725,727,12
2635191,729,727,12
2635201,722,727,12
2635211,727,727,12
2635221,728,727,12
2635231,723,727,12
2635242,730,727,12
2635252,723,727,12
2635262,727,727,12
2635272,731,727,12
2635282,725,727,12
2635293,732,727,12
2635303,726,727,12
2635313,729,727,12
2635323,733,727,12
2635333,725,727,12
2635344,732,727,12
2635354,729,727,12
2635364,729,727,12
2635374,734,727,13
2635384,724,727,13
2635395,728,727,13
2635405,727,727,13
2635415,723,727,13
2635425,729,727,13
2635436,726,727,13
2635446,729,727,12
2635456,734,727,13
2635466,726,727,12
2635476,733,727,13
2635487,727,727,13
2635497,730,727,13
2635507,733,727,13
2635517,723,727,13
2635527,733,727,13
2635538,731,727,13
2635548,728,727,13
2635558,733,727,13
2635568,726,727,13
2635578,729,727,13
2635589,732,727,13
2635599,723,727,13
2635609,730,727,13
2635619,723,727,13
2635629,728,727,13
2635640,730,727,13
2635650,721,727,13
2635660,730,727,13
2635670,725,727,13
2635680,726,727,13
2635691,729,727,13
2635701,721,727,13
2635711,727,727,13
2635721,727,727,13
2635731,723,727,13
2635742,730,727,13
2635752,722,727,13
2635762,727,727,13
2635772,730,727,13
2635782,721,727,13
2635793,728,727,13
2635803,723,727,13
2635813,726,727,12
2635823,730,727,12
2635833,721,727,13
2635844,728,727,13
2635854,726,727,12
2635864,727,727,12
2635874,734,727,13
2635884,725,727,13
2635895,731,727,13
2635905,732,727,13
2635915,726,727,13
2635925,733,727,13
2635935,727,727,13
2635946,732,727,13
OSM
2635967,1997,2013,14
2635977,2012,2014,13
2635987,2014,2014,13
2635997,2013,2014,13
2636008,2013,2014,13
2636018,2011,2014,13
2636028,2014,2014,13
2636038,2022,2014,14
2636049,2015,2014,13
2636059,2014,2014,13
2636069,2009,2014,14
2636079,2012,2014,13
2636089,2011,2014,13
2636100,2014,2014,13
2636110,2015,2013,14
2636120,2013,2013,14
2636130,2015,2013,14
2636140,2026,2013,14
2636151,2014,2013,14
2636161,2012,2013,14
2636171,2011,2013,14
2636181,2012,2013,14
2636191,2016,2013,14
2636202,2012,2013,14
2636212,2021,2014,14
2636222,2012,2014,14
2636232,2010,2013,15
2636243,2012,2013,15
2636253,2013,2013,15
2636263,2014,2013,15
2636273,2013,2013,15
2636283,2015,2013,15
2636294,2015,2013,15
2636304,2014,2014,14
2636314,2014,2014,14
2636324,2015,2014,14
2636334,2011,2014,14
2636345,2013,2013,15
2636355,2012,2014,13
2636365,2014,2014,13
2636375,2014,2014,13
2636386,2013,2014,13
2636396,2012,2014,13
2636406,2013,2014,13
2636416,2013,2014,13
2636426,2015,2014,13
2636437,2015,2014,13
2636447,2014,2014,13
2636457,2013,2013,13
2636467,2011,2013,13
2636477,2018,2013,13
2636488,2022,2014,13
2636498,2014,2014,13
2636508,2015,2014,13
2636518,2015,2014,13
2636529,2017,2014,13
2636539,2014,2014,13
2636549,2016,2014,13
2636559,2025,2014,14
2636569,2012,2014,14
2636580,2009,2014,14
2636590,2012,2014,14
2636600,2014,2014,14
2636610,2014,2014,13
2636621,2013,2014,13
2636631,2014,2014,13
2636641,2011,2014,13
2636651,2010,2014,13
2636661,2011,2013,13
2636672,2013,2013,13
2636682,2015,2013,13
2636692,2014,2013,13
2636702,2015,2013,13
2636712,2026,2014,13
2636723,2014,2014,13
2636733,2012,2014,13
2636743,2011,2014,13
2636753,2012,2014,13
2636763,2013,2014,13
2636774,2015,2014,13
2636784,2013,2014,13
2636794,2013,2014,13
2636804,2015,2014,13
2636815,2010,2014,13
2636825,2012,2014,13
2636835,2013,2014,13
2636845,2011,2014,13
2636855,2016,2014,13
2636866,2013,2014,13
2636876,2016,2014,13
2636886,2016,2014,13
2636896,2014,2014,13
2636906,2013,2014,13
2636917,2013,2013,13
2636927,2024,2014,13
2636937,2014,2014,13
2636947,2016,2014,13
2636958,2013,2014,13
2636968,2012,2014,13
2636978,2010,2014,13
2636988,2011,2014,13
2636998,2013,2014,13
2637009,2013,2013,14
2637019,2013,2013,14
2637029,2015,2013,14
2637039,2016,2014,13
2637049,2015,2014,13
2637060,2014,2013,13
2637070,2012,2013,13
2637080,2010,2013,13
2637090,2012,2013,13
2637100,2014,2013,13
2637111,2015,2013,13
2637121,2015,2013,12
2637131,2013,2013,12
2637141,2014,2013,12
2637152,2012,2013,11
2637162,2012,2013,11
2637172,2014,2013,11
2637182,2013,2013,11
SIM
2637203,768,755,19
2637213,759,755,18
2637223,760,755,18
2637233,749,755,19
2637243,761,755,19
2637254,755,755,19
2637264,753,755,18
2637274,763,755,19
2637284,751,755,19
2637294,759,755,19
2637305,760,755,19
2637315,753,755,19
2637325,762,755,19
2637335,750,755,19
2637345,757,755,19
2637356,761,755,19
2637366,749,755,19
2637376,760,755,19
2637386,751,755,19
2637396,755,755,19
2637407,760,755,19
2637417,748,755,19
2637427,759,755,19
2637437,755,755,19
2637447,753,755,19
2637458,761,755,19
2637468,750,755,19
2637478,758,755,19
2637488,758,755,19
2637499,750,755,19
2637509,760,755,19
2637519,750,755,19
2637529,756,755,19
2637539,761,755,19
2637550,749,755,19
2637560,761,755,19
2637570,754,755,19
2637580,754,755,19
2637590,762,755,19
2637601,747,755,20
2637611,759,755,20
2637621,758,755,20
2637631,750,755,20
2637641,759,755,20
2637652,750,755,20
2637662,757,755,20
2637672,760,755,20
2637682,748,755,20
2637692,760,755,20
2637703,752,755,20
2637713,755,755,20
2637723,761,755,20
2637733,748,755,20
2637743,761,755,21
2637754,755,755,20
2637764,752,755,20
2637774,761,755,20
2637784,749,755,21
2637795,759,755,21
2637805,759,755,21
2637815,751,755,21
2637825,761,755,21
2637835,752,755,21
2637846,759,755,21
2637856,761,755,21
2637866,750,755,21
2637876,761,755,21
2637886,752,755,21
2637897,755,755,21
2637907,760,755,21
2637917,748,755,21
2637927,759,755,21
2637937,755,755,21
2637948,750,755,21
2637958,760,755,21
2637968,748,755,22
2637978,757,755,22
2637988,759,755,22
2637999,750,755,22
2638009,760,755,22
2638019,750,755,22
2638029,757,755,21
2638039,761,755,21
2638050,747,755,22
2638060,759,755,22
2638070,753,755,22
2638080,753,755,22
2638091,761,755,22
2638101,748,755,22
2638111,757,755,22
2638121,758,755,22
2638131,750,755,22
2638142,761,755,22
2638152,750,755,22
2638162,755,755,22
2638172,760,755,22
2638182,748,755,22
2638193,758,755,22
2638203,750,755,23
2638213,754,755,23
2638223,759,755,22
2638233,747,755,23
2638244,758,755,23
2638254,756,755,23
2638264,751,755,23
2638274,762,755,23
2638284,749,755,23
2638295,759,755,23
2638305,763,755,24
2638315,752,755,23
2638325,764,755,24
2638335,753,755,24
2638346,756,755,24
2638356,762,755,24
2638366,749,755,24
2638376,761,755,24
2638387,756,755,24
2638397,756,755,24
2638407,763,755,24
2638417,749,755,24
RIM
2638437,730,727,13
2638448,728,727,13
2638458,736,727,13
2638468,726,727,13
2638478,731,727,13
2638489,735,727,14
2638499,724,727,13
2638509,732,727,14
2638519,726,727,14
2638529,727,727,13
2638540,732,727,13
2638550,721,727,13
2638560,731,727,14
2638570,727,727,14
2638580,725,727,13
2638591,730,727,13
2638601,721,727,13
2638611,728,727,13
2638621,729,727,13
2638631,723,727,13
2638642,731,727,13
2638652,723,727,13
2638662,727,727,13
2638672,729,727,13
2638682,721,727,13
2638693,732,727,13
2638703,728,727,13
2638713,731,727,13
2638723,733,727,13
2638733,724,727,13
2638744,733,727,14
2638754,730,727,14
2638764,727,727,14
2638774,734,727,14
2638784,725,727,14
2638795,733,727,14
2638805,734,727,14
2638815,727,727,14
2638825,733,727,14
2638835,726,727,14
2638846,728,727,14
2638856,733,728,13
2638866,724,727,14
2638876,733,728,14
2638886,729,728,14
2638897,727,728,14
2638907,731,728,13
2638917,723,728,13
2638927,730,728,14
2638937,729,728,13
2638948,723,728,13
2638958,731,728,13
2638968,722,728,14
2638978,727,728,14
2638988,730,728,14
2638999,721,728,14
2639009,729,728,14
2639019,723,728,14
2639029,727,727,15
2639039,730,728,14
2639050,723,727,15
2639060,732,727,15
2639070,728,727,15
2639080,727,727,14
2639090,734,727,15
2639101,725,727,15
2639111,732,728,14
2639121,733,728,14
2639131,726,728,14
2639142,731,728,14
2639152,722,728,14
2639162,730,728,14
2639172,733,728,14
2639182,726,728,14
2639193,734,728,14
2639203,727,728,14
2639213,729,728,14
2639223,733,728,14
2639233,724,728,14
2639244,733,728,14
2639254,731,728,14
2639264,728,728,14
2639274,734,728,14
2639284,725,728,14
2639295,730,728,14
2639305,733,728,14
2639315,725,728,14
2639325,733,728,14
2639335,727,728,14
2639346,730,728,14
2639356,734,728,14
2639366,722,728,15
2639376,730,728,14
2639386,726,728,14
2639397,726,728,15
2639407,731,728,14
2639417,722,728,14
2639427,729,728,14
2639437,728,728,14
2639448,723,728,14
2639458,732,728,14
2639468,723,728,14
2639478,729,728,14
2639488,730,728,14
2639499,725,728,14
2639509,734,728,14
2639519,726,728,14
2639529,728,728,14
2639539,733,728,14
2639550,724,728,14
2639560,733,728,14
2639570,730,728,14
2639580,727,728,14
2639591,734,728,14
2639601,723,728,14
2639611,729,728,14
2639621,730,728,14
2639631,722,728,14
2639642,733,728,15
2639652,725,728,15
OSM
2639673,1995,2013,12
2639683,2009,2013,12
2639693,2011,2013,12
2639703,2015,2013,12
2639714,2015,2013,12
2639724,2014,2013,12
2639734,2017,2013,12
2639744,2015,2013,12
2639754,2014,2013,12
2639765,2019,2013,12
2639775,2012,2013,12
2639785,2010,2013,12
2639795,2011,2013,12
2639806,2016,2013,12
2639816,2015,2013,12
2639826,2016,2013,12
2639836,2016,2013,12
2639846,2012,2013,11
2639857,2026,2013,12
2639867,2014,2013,12
2639877,2016,2013,12
2639887,2019,2013,12
2639897,2013,2013,12
2639908,2012,2013,12
2639918,2010,2013,12
2639928,2012,2013,12
2639938,2013,2013,12
2639949,2015,2013,12
2639959,2015,2013,12
2639969,2014,2013,12
2639979,2013,2013,12
2639989,2011,2013,12
2640000,2011,2013,12
2640010,2010,2013,12
2640020,2013,2013,12
2640030,2012,2013,12
2640040,2016,2013,12
2640051,2015,2013,12
2640061,2015,2013,12
2640071,2014,2013,12
2640081,2013,2013,12
2640091,2011,2013,12
2640102,2011,2013,12
2640112,2011,2013,12
2640122,2014,2013,12
2640132,2016,2013,12
2640143,2016,2013,12
2640153,2012,2013,12
2640163,2021,2013,13
2640173,2012,2013,13
2640183,2011,2013,12
2640194,2013,2013,12
2640204,2011,2013,12
2640214,2015,2013,12
2640224,2015,2013,12
2640234,2015,2013,12
2640245,2013,2013,12
2640255,2014,2013,12
2640265,2013,2013,10
2640275,2013,2013,10
2640285,2011,2013,10
2640296,2012,2013,10
2640306,2017,2013,10
2640316,2015,2013,10
2640326,2016,2013,10
2640337,2013,2013,10
2640347,2009,2013,11
2640357,2013,2013,11
2640367,2015,2013,11
2640377,2013,2013,11
2640388,2012,2013,10
2640398,2014,2013,10
2640408,2015,2013,10
2640418,2012,2013,9
2640428,2012,2013,9
2640439,2010,2013,9
2640449,2009,2013,9
2640459,2011,2013,9
2640470,2012,2013,9
2640480,2012,2013,9
2640490,2017,2013,9
2640500,2015,2013,9
2640510,2016,2013,9
2640521,2026,2013,11
2640531,2014,2013,11
2640541,2014,2013,11
2640551,2011,2013,11
2640561,2012,2013,11
2640572,2014,2013,11
2640582,2011,2013,11
2640592,2017,2013,11
2640602,2013,2013,11
2640612,2016,2013,11
2640623,2014,2013,11
2640633,2012,2013,10
2640643,2012,2013,10
2640653,2010,2013,10
2640663,2011,2013,10
2640674,2012,2013,10
2640684,2015,2013,10
2640694,2015,2013,10
2640704,2015,2013,10
2640715,2012,2013,10
2640725,2012,2013,10
2640735,2010,2013,10
2640745,2016,2013,10
2640755,2013,2013,10
2640766,2014,2013,10
2640776,2016,2013,10
2640786,2015,2013,10
2640796,2012,2013,10
2640806,2015,2013,10
2640817,2009,2013,10
2640827,2010,2013,10
2640837,2014,2013,10
2640847,2013,2013,10
2640858,2015,2013,10
2640868,2014,2013,10
2640878,2015,2013,10
2640888,2011,2013,10
SIM
2640908,776,755,27
2640919,753,755,27
2640929,757,755,26
2640939,761,755,26
2640949,749,755,26
2640960,759,755,27
2640970,755,755,26
2640980,754,755,26
2640990,762,755,26
2641000,750,755,26
2641011,758,755,26
2641021,758,755,26
2641031,751,755,26
2641041,761,755,26
2641051,750,755,26
2641062,754,755,26
2641072,759,755,26
2641082,749,755,26
2641092,761,755,26
2641102,753,755,26
2641113,756,755,26
2641123,761,755,26
2641133,749,755,26
2641143,760,755,26
2641153,757,755,26
2641164,752,755,26
2641174,759,755,26
2641184,749,755,26
2641194,757,755,26
2641204,758,755,26
2641215,749,755,26
2641225,759,755,26
2641235,749,755,26
2641245,754,755,26
2641256,761,755,26
2641266,747,755,26
2641276,759,755,26
2641286,756,755,26
2641296,756,755,26
2641307,761,755,26
2641317,749,755,26
2641327,758,755,26
2641337,758,755,26
2641347,750,755,26
2641358,758,755,26
2641368,748,755,26
2641378,755,755,26
2641388,761,755,26
2641398,748,755,26
2641409,760,755,26
2641419,752,755,26
2641429,756,755,26
2641439,763,755,26
2641449,748,755,26
2641460,760,755,26
2641470,756,755,26
2641480,753,755,26
2641490,762,755,26
2641500,751,755,26
2641511,758,755,26
2641521,759,755,26
2641531,751,755,26
2641541,761,755,26
2641552,750,755,26
2641562,757,755,26
2641572,762,755,26
2641582,749,755,26
2641592,761,755,26
2641603,754,755,26
2641613,753,755,26
2641623,761,755,26
2641633,748,755,26
2641643,758,755,26
2641654,758,755,26
2641664,752,755,26
2641674,761,755,26
2641684,751,755,26
2641694,759,755,26
2641705,761,755,26
2641715,751,755,26
2641725,761,755,26
2641735,751,755,26
2641745,756,755,26
2641756,760,755,26
2641766,747,755,26
2641776,759,755,26
2641786,755,755,26
2641797,752,755,26
2641807,762,755,26
2641817,749,755,26
2641827,758,755,26
2641837,759,755,26
2641848,751,755,26
2641858,759,755,26
2641868,750,755,26
2641878,757,755,26
2641888,761,755,26
2641899,748,755,26
2641909,759,755,26
2641919,753,755,26
2641929,755,755,26
2641939,761,755,26
2641950,749,755,26
2641960,758,755,26
2641970,756,755,26
2641980,752,755,25
2641990,761,755,25
2642001,748,755,26
2642011,757,755,25
2642021,759,755,25
2642031,749,755,25
2642042,760,755,25
2642052,752,755,25
2642062,757,755,25
2642072,761,755,25
2642082,749,755,25
2642093,759,755,25
2642103,754,755,25
2642113,753,755,24
2642123,760,755,24
RIM
2642144,730,728,15
2642154,729,728,15
2642164,724,728,14
2642174,731,728,14
2642184,722,728,14
2642195,728,728,14
2642205,734,728,14
2642215,725,728,14
2642225,733,728,14
2642235,727,728,14
2642246,730,728,14
2642256,734,728,14
2642266,726,728,14
2642276,733,728,14
2642286,730,728,14
2642297,729,728,14
2642307,734,728,14
2642317,725,728,14
2642327,732,728,14
2642337,731,728,14
2642348,724,728,14
2642358,731,728,14
2642368,722,728,14
2642378,727,728,14
2642388,729,728,14
2642399,724,728,14
2642409,732,728,14
2642419,728,728,14
2642429,728,728,14
2642439,735,728,14
2642450,724,728,14
2642460,731,728,14
2642470,729,728,14
2642480,726,728,14
2642490,734,728,14
2642501,727,728,14
2642511,732,728,14
2642521,734,728,14
2642531,726,728,14
2642541,734,728,14
2642552,724,728,14
2642562,728,728,14
2642572,730,728,14
2642582,720,728,14
2642592,728,728,14
2642603,726,728,14
2642613,724,728,14
2642623,730,728,14
2642633,722,728,14
2642644,729,728,14
2642654,732,728,14
2642664,727,728,14
2642674,734,728,14
2642684,726,728,14
2642695,731,728,14
2642705,739,728,15
2642715,727,728,15
2642725,734,728,15
2642735,727,728,15
2642746,728,728,15
2642756,732,728,15
2642766,720,728,15
2642776,729,728,15
2642786,727,728,15
2642797,727,728,15
2642807,733,728,15
2642817,724,728,15
2642827,731,728,15
2642837,732,728,15
2642848,727,728,15
2642858,734,728,15
2642868,725,728,15
2642878,730,728,15
2642888,733,728,15
2642899,723,728,15
2642909,732,728,15
2642919,729,728,15
2642929,729,728,15
2642939,735,728,15
2642950,722,728,15
2642960,730,728,15
2642970,727,728,15
2642980,723,728,15
2642990,730,728,15
2643001,723,728,15
2643011,728,728,15
2643021,730,728,15
2643031,722,728,15
2643041,730,728,15
2643052,727,728,15
2643062,729,728,15
2643072,733,728,15
2643082,725,728,15
2643093,734,728,15
2643103,730,728,15
2643113,727,728,15
2643123,734,728,15
2643133,725,728,15
2643144,729,728,15
2643154,730,728,15
2643164,722,728,15
2643174,731,728,15
2643184,723,728,15
2643195,731,728,15
2643205,732,728,15
2643215,724,728,15
2643225,733,728,15
2643235,728,728,15
2643246,730,728,15
2643256,733,728,15
2643266,724,728,15
2643276,732,728,15
2643286,730,728,15
2643297,727,728,15
2643307,734,728,15
2643317,725,728,15
2643327,733,728,15
2643337,731,728,15
2643348,724,728,15
2643358,729,728,15
OSM
2643379,1998,2013,9
2643389,2012,2013,9
2643399,2013,2013,9
2643410,2013,2013,9
2643420,2013,2013,9
2643430,2012,2013,9
2643440,2015,2013,9
2643450,2013,2013,9
2643461,2014,2013,9
2643471,2015,2013,9
2643481,2013,2013,9
2643491,2014,2013,9
2643501,2013,2013,9
2643512,2016,2013,9
2643522,2014,2013,9
2643532,2010,2013,9
2643542,2011,2013,9
2643553,2013,2013,9
2643563,2014,2013,7
2643573,2013,2013,7
2643583,2012,2013,7
2643593,2023,2013,8
2643604,2016,2013,8
2643614,2015,2013,8
2643624,2014,2013,8
2643634,2014,2013,8
2643644,2013,2013,8
2643655,2012,2013,8
2643665,2012,2013,8
2643675,2020,2013,8
2643685,2014,2013,8
2643695,2013,2013,8
2643706,2014,2013,8
2643716,2019,2013,8
2643726,2013,2013,8
2643736,2012,2013,8
2643746,2015,2013,8
2643757,2011,2013,8
2643767,2012,2013,8
2643777,2011,2013,8
2643787,2012,2013,8
2643798,2012,2013,8
2643808,2015,2013,8
2643818,2012,2013,8
2643828,2015,2013,8
2643838,2014,2013,8
2643849,2015,2013,8
2643859,2024,2013,9
2643869,2013,2013,8
2643879,2011,2013,8
2643889,2016,2013,9
2643900,2013,2013,9
2643910,2016,2013,9
2643920,2016,2013,9
2643930,2016,2013,9
2643940,2014,2013,9
2643951,2020,2013,9
2643961,2011,2013,9
2643971,2012,2013,9
2643981,2012,2013,9
2643992,2012,2013,9
2644002,2018,2013,9
2644012,2013,2013,9
2644022,2015,2013,9
2644032,2015,2013,9
2644043,2013,2013,9
2644053,2013,2013,9
2644063,2015,2013,9
2644073,2016,2013,9
2644083,2015,2013,9
2644094,2012,2013,9
2644104,2011,2013,9
2644114,2012,2013,9
2644124,2012,2013,9
2644134,2014,2013,9
2644145,2016,2013,9
2644155,2013,2013,9
2644165,2014,2013,9
2644175,2013,2013,9
2644185,2013,2013,9
2644196,2013,2013,9
2644206,2011,2013,9
2644216,2011,2013,9
2644226,2010,2013,7
2644237,2012,2013,7
2644247,2012,2013,7
2644257,2012,2013,7
2644267,2012,2013,7
2644277,2016,2013,7
2644288,2015,2013,7
2644298,2016,2013,7
2644308,2016,2013,7
2644318,2014,2013,7
2644328,2013,2013,7
2644339,2011,2013,7
2644349,2011,2013,7
2644359,2013,2013,7
2644369,2012,2013,7
2644379,2017,2013,7
2644390,2016,2013,7
2644400,2015,2013,7
2644410,2016,2013,8
2644420,2015,2013,8
2644430,2014,2013,8
2644441,2021,2013,8
2644451,2011,2013,8
2644461,2011,2013,8
2644471,2010,2013,8
2644482,2010,2013,8
2644492,2011,2013,8
2644502,2014,2013,8
2644512,2013,2013,8
2644522,2014,2013,8
2644533,2016,2013,8
2644543,2014,2013,8
2644553,2014,2013,8
2644563,2015,2013,8
2644573,2015,2013,8
2644584,2015,2013,8
2644594,2013,2013,8
SIM
2644614,769,755,22
2644624,764,755,23
2644635,751,755,23
2644645,758,755,23
2644655,759,755,23
2644665,748,755,23
2644675,758,755,23
2644686,754,755,23
2644696,755,755,23
2644706,761,755,23
2644716,748,755,23
2644726,758,755,23
2644737,758,755,23
2644747,752,755,23
2644757,761,755,23
2644767,750,755,23
2644777,758,755,23
2644788,760,755,23
2644798,749,755,23
2644808,759,755,23
2644818,752,755,23
2644828,755,755,23
2644839,760,755,23
2644849,749,755,23
2644859,759,755,23
2644869,755,755,23
2644880,753,755,23
2644890,762,755,23
2644900,749,755,23
2644910,759,755,23
2644920,759,755,23
2644931,751,755,23
2644941,760,755,23
2644951,751,755,23
2644961,757,755,23
2644971,760,755,22
2644982,748,755,23
2644992,759,755,23
2645002,752,755,23
2645012,754,755,23
2645022,760,755,22
2645033,748,755,23
2645043,758,755,23
2645053,756,755,23
2645063,751,755,23
2645073,760,755,22
2645084,749,755,23
2645094,758,755,23
2645104,760,755,22
2645114,748,755,23
2645124,760,755,23
2645135,752,755,23
2645145,757,755,22
2645155,761,755,22
2645165,748,755,22
2645176,761,755,23
2645186,754,755,23
2645196,751,755,22
2645206,760,755,22
2645216,748,755,23
2645227,757,755,23
2645237,758,755,23
2645247,751,755,22
2645257,761,755,22
2645267,750,755,23
2645278,756,755,22
2645288,760,755,22
2645298,749,755,22
2645308,761,755,22
2645318,753,755,22
2645329,755,755,22
2645339,761,755,22
2645349,750,755,22
2645359,760,755,22
2645370,757,755,22
2645380,752,755,22
2645390,761,755,22
2645400,750,755,22
2645410,760,755,22
2645421,758,755,22
2645431,748,755,22
2645441,761,755,22
2645451,750,755,23
2645461,756,755,22
2645472,758,755,22
2645482,748,755,22
2645492,759,755,22
2645502,753,755,22
2645512,753,755,22
2645523,760,755,22
2645533,748,755,22
2645543,760,755,22
2645553,758,755,22
2645563,752,755,22
2645574,762,755,22
2645584,749,755,23
2645594,757,755,22
2645604,760,755,22
2645614,749,755,22
2645625,761,755,23
2645635,750,755,23
2645645,757,755,23
2645655,760,755,22
2645666,748,755,23
2645676,761,755,23
2645686,755,755,23
2645696,752,755,23
2645706,760,755,23
2645717,748,755,23
2645727,758,755,23
2645737,759,755,23
2645747,749,755,23
2645757,760,755,23
2645768,749,755,23
2645778,756,755,23
2645788,760,755,23
2645798,748,755,23
2645808,761,755,23
2645819,753,755,23
2645829,755,755,23
RIM
2645849,724,728,15
2645859,733,728,15
2645870,731,728,15
2645880,728,728,15
2645890,734,728,15
2645900,726,728,15
2645910,731,728,15
2645921,734,728,15
2645931,725,728,15
2645941,734,728,15
2645951,727,728,15
2645961,730,728,15
2645972,734,728,15
2645982,722,728,15
2645992,731,728,15
2646002,727,728,15
2646012,724,728,15
2646023,730,728,15
2646033,722,728,15
2646043,729,728,15
2646053,729,728,15
2646063,724,728,15
2646074,730,728,15
2646084,723,728,15
2646094,728,728,15
2646104,728,728,15
2646114,720,728,15
2646125,731,728,15
2646135,723,728,16
2646145,726,728,15
2646155,729,728,15
2646165,720,728,16
2646176,729,728,16
2646186,726,728,16
2646196,724,728,15
2646206,731,728,15
2646216,721,728,16
2646227,729,728,15
2646237,732,728,15
2646247,725,728,15
2646257,733,728,15
2646267,725,728,15
2646278,729,728,15
2646288,734,728,15
2646298,724,728,15
2646308,733,728,15
2646318,727,728,15
2646329,725,728,15
2646339,729,728,15
2646349,720,728,16
2646359,729,728,15
2646369,728,728,15
2646380,727,728,15
2646390,733,728,15
2646400,726,728,15
2646410,732,728,14
2646421,734,728,15
2646431,726,728,14
2646441,732,728,15
2646451,727,728,15
2646461,731,728,15
2646472,734,728,14
2646482,724,728,14
2646492,734,728,15
2646502,730,728,15
2646512,730,728,15
2646523,735,728,15
2646533,725,728,15
2646543,733,728,15
2646553,733,728,15
2646563,728,728,15
2646574,734,728,15
2646584,726,728,15
2646594,732,728,15
2646604,734,728,15
2646614,725,728,15
2646625,735,728,15
2646635,728,728,15
2646645,731,728,15
2646655,734,728,15
2646665,723,728,15
2646676,732,728,15
2646686,726,728,15
2646696,725,728,15
2646706,731,728,15
2646716,722,728,15
2646727,729,728,15
2646737,730,728,15
2646747,724,728,15
2646757,731,728,15
2646767,723,728,15
2646778,726,728,15
2646788,730,728,15
2646798,720,728,16
2646808,729,728,15
2646818,724,728,16
2646829,725,728,15
2646839,731,728,15
2646849,721,728,16
2646859,730,728,16
2646869,727,728,15
2646880,724,728,16
2646890,730,728,15
2646900,722,728,16
2646910,728,728,15
2646920,730,728,15
2646931,721,728,16
2646941,729,728,16
2646951,725,728,16
2646961,730,728,15
2646971,733,728,16
2646982,724,728,16
2646992,733,728,16
2647002,730,728,16
2647012,728,728,15
2647022,734,728,16
2647033,720,728,16
2647043,728,728,16
2647053,728,728,16
2647063,724,728,16
OSM
2647084,1998,2013,8
2647094,2012,2013,8
2647104,2015,2013,8
2647114,2015,2013,8
2647125,2015,2013,8
2647135,2014,2013,8
2647145,2013,2013,8
2647155,2021,2013,8
2647165,2012,2013,8
2647176,2011,2013,8
2647186,2011,2013,9
2647196,2011,2013,9
2647206,2014,2013,9
2647216,2012,2013,8
2647227,2012,2013,8
2647237,2011,2013,8
2647247,2010,2013,8
2647257,2011,2013,9
2647268,2013,2013,9
2647278,2012,2013,9
2647288,2012,2013,9
2647298,2014,2013,8
2647308,2015,2013,8
2647319,2015,2013,8
2647329,2015,2013,8
2647339,2015,2013,8
2647349,2015,2013,8
2647359,2013,2013,8
2647370,2012,2013,8
2647380,2011,2013,7
2647390,2011,2013,7
2647400,2011,2013,7
2647410,2011,2013,7
2647421,2015,2013,7
2647431,2014,2013,7
2647441,2015,2013,7
2647451,2013,2013,7
2647462,2021,2013,8
2647472,2012,2013,8
2647482,2011,2013,8
2647492,2010,2013,8
2647502,2013,2013,8
2647513,2013,2013,8
2647523,2012,2013,8
2647533,2014,2013,8
2647543,2015,2013,8
2647553,2015,2013,8
2647564,2015,2013,7
2647574,2015,2013,7
2647584,2014,2013,7
2647594,2014,2013,7
2647604,2013,2013,7
2647615,2011,2013,7
2647625,2012,2013,7
2647635,2011,2013,7
2647645,2010,2013,7
2647655,2013,2013,6
2647666,2015,2013,6
2647676,2014,2013,6
2647686,2015,2013,6
2647696,2014,2013,6
2647707,2018,2013,6
2647717,2010,2013,6
2647727,2009,2013,6
2647737,2013,2013,6
2647747,2011,2013,6
2647758,2013,2013,6
2647768,2014,2013,6
2647778,2015,2013,6
2647788,2014,2013,6
2647798,2015,2013,6
2647809,2016,2013,6
2647819,2015,2013,6
2647829,2016,2013,6
2647839,2015,2013,6
2647849,2014,2013,6
2647860,2012,2013,6
2647870,2010,2013,6
2647880,2012,2013,6
2647890,2012,2013,6
2647900,2012,2013,6
2647911,2015,2013,6
2647921,2015,2013,6
2647931,2012,2013,6
2647941,2013,2013,6
2647952,2015,2013,6
2647962,2012,2013,6
2647972,2011,2013,6
2647982,2011,2013,6
2647992,2013,2013,6
2648003,2014,2013,6
2648013,2012,2013,6
2648023,2016,2013,6
2648033,2015,2013,6
2648043,2013,2013,6
2648054,2015,2013,6
2648064,2015,2013,6
2648074,2015,2013,6
2648084,2014,2013,6
2648094,2013,2013,6
2648105,2013,2013,6
2648115,2012,2013,6
2648125,2013,2013,6
2648135,2010,2013,6
2648145,2011,2013,6
2648156,2014,2013,6
2648166,2015,2013,6
2648176,2014,2013,6
2648186,2014,2013,5
2648197,2014,2013,5
2648207,2013,2013,5
2648217,2009,2013,6
2648227,2010,2013,6
2648237,2012,2013,6
2648248,2012,2013,6
2648258,2014,2013,6
2648268,2012,2013,6
2648278,2014,2013,6
2648288,2015,2013,6
2648299,2015,2013,6
SIM
2648319,771,755,24
2648329,756,755,23
2648339,760,755,23
2648350,748,755,23
2648360,760,755,23
2648370,759,755,23
2648380,752,755,23
2648390,762,755,24
2648401,751,755,24
2648411,757,755,23
2648421,759,755,23
2648431,747,755,24
2648441,759,755,24
2648452,750,755,24
2648462,754,755,24
2648472,759,755,23
2648482,747,755,24
2648492,758,755,24
2648503,754,755,24
2648513,751,755,24
2648523,759,755,24
2648533,747,755,24
2648543,756,755,24
2648554,760,755,24
2648564,750,755,24
2648574,761,755,24
2648584,750,755,24
2648594,757,755,24
2648605,760,755,24
2648615,748,755,24
2648625,759,755,24
2648635,751,755,24
2648646,752,755,24
2648656,761,755,24
2648666,749,755,24
2648676,758,755,24
2648686,756,755,24
2648697,750,755,24
2648707,760,755,24
2648717,748,755,25
2648727,754,755,24
2648737,760,755,24
2648748,746,755,25
2648758,757,755,25
2648768,750,755,25
2648778,755,755,25
2648788,758,755,24
2648799,749,755,25
2648809,758,755,25
2648819,754,755,24
2648829,751,755,24
2648839,760,755,24
2648850,746,755,25
2648860,755,755,25
2648870,756,755,24
2648880,749,754,25
2648890,758,755,24
2648901,748,754,25
2648911,755,754,25
2648921,759,755,24
2648931,749,754,25
2648942,759,754,25
2648952,751,754,25
2648962,753,754,25
2648972,759,754,25
2648982,746,754,25
2648993,756,754,25
2649003,753,754,25
2649013,749,754,25
2649023,756,754,25
2649033,746,754,25
2649044,754,754,25
2649054,757,754,25
2649064,747,754,25
2649074,757,754,25
2649084,749,754,25
2649095,754,754,25
2649105,759,754,25
2649115,746,754,25
2649125,756,754,25
2649135,751,754,25
2649146,750,754,24
2649156,758,754,24
2649166,746,754,25
2649176,757,754,25
2649187,757,754,25
2649197,748,754,25
2649207,758,754,25
2649217,747,754,25
2649227,754,754,25
2649238,756,754,25
2649248,745,754,25
2649258,759,754,25
2649268,749,754,25
2649278,752,754,25
2649289,757,754,25
2649299,744,754,25
2649309,756,754,25
2649319,752,754,25
2649329,748,754,25
2649340,757,754,25
2649350,747,754,25
2649360,755,753,26
2649370,756,754,25
2649380,747,753,25
2649391,757,753,26
2649401,747,753,26
2649411,753,753,25
2649421,759,753,26
2649431,745,753,26
2649442,755,753,26
2649452,749,753,26
2649462,751,753,25
2649472,758,753,25
2649483,744,753,26
2649493,755,753,25
2649503,754,753,25
2649513,748,753,25
2649523,757,753,25
2649534,746,753,25
RIM
2649554,730,728,16
2649564,721,728,16
2649574,729,728,16
2649584,722,727,17
2649595,721,727,17
2649605,725,727,17
2649615,715,727,18
2649625,724,727,18
2649636,720,727,18
2649646,723,727,18
2649656,728,727,18
2649666,718,727,19
2649676,725,727,18
2649687,725,727,18
2649697,719,727,18
2649707,728,727,18
2649717,718,727,19
2649727,723,727,19
2649738,727,727,19
2649748,718,727,20
2649758,726,727,19
2649768,721,727,20
2649778,723,727,20
2649789,728,727,20
2649799,718,726,21
2649809,723,726,21
2649819,723,726,21
2649829,719,726,21
2649840,724,726,21
2649850,716,726,22
2649860,723,726,22
2649870,724,726,22
2649880,716,726,23
2649891,723,726,23
2649901,717,726,23
2649911,721,726,23
2649921,723,726,23
2649931,715,726,24
2649942,728,726,24
2649952,722,726,24
2649962,722,726,24
2649972,727,726,24
2649982,718,726,24
2649993,726,726,24
2650003,725,726,24
2650013,720,726,23
2650023,727,726,23
2650033,719,725,25
2650044,721,725,25
2650054,724,725,25
2650064,715,725,25
2650074,724,725,25
2650085,717,725,26
2650095,723,725,25
2650105,726,725,25
2650115,717,725,25
2650125,725,725,25
2650136,722,725,25
2650146,720,725,25
2650156,727,725,25
2650166,718,725,25
2650176,723,725,24
2650187,724,725,24
2650197,719,724,25
2650207,725,724,24
2650217,717,724,24
2650227,722,724,23
2650238,725,724,23
2650248,716,724,23
2650258,721,724,23
2650268,716,724,23
2650278,717,724,23
2650289,720,724,23
2650299,709,723,25
2650309,717,723,24
2650319,713,723,25
2650329,707,723,26
2650340,715,723,26
2650350,704,723,29
2650360,713,722,30
2650370,716,722,30
2650380,708,722,31
2650391,717,722,31
2650401,711,722,32
2650411,716,722,31
2650421,721,722,31
2650431,706,722,33
2650442,719,722,33
2650452,713,722,33
2650462,713,721,34
2650472,720,721,34
2650482,710,721,35
2650493,717,721,34
2650503,717,721,34
2650513,712,721,34
2650523,717,721,35
2650534,708,721,36
2650544,712,721,36
2650554,715,721,36
2650564,703,720,39
2650574,714,720,38
2650585,709,720,39
2650595,714,720,39
2650605,719,720,39
2650615,709,720,39
2650625,718,720,38
2650636,717,720,39
2650646,713,719,39
2650656,720,719,39
2650666,712,719,38
2650676,716,719,37
2650687,719,719,37
2650697,711,719,36
2650707,719,719,34
2650717,712,719,34
2650727,717,719,32
2650738,723,719,33
2650748,711,718,33
2650758,719,718,32
2650768,715,718,32
OSM
2650789,1996,2013,6
2650799,2008,2013,6
2650809,2010,2013,6
2650819,2011,2012,7
2650830,2019,2013,7
2650840,2014,2013,7
2650850,2012,2013,7
2650860,2021,2013,7
2650870,2014,2013,7
2650881,2013,2013,7
2650891,2016,2013,7
2650901,2014,2013,7
2650911,2014,2013,7
2650921,2013,2013,7
2650932,2011,2013,7
2650942,2011,2013,7
2650952,2010,2013,7
2650962,2012,2013,7
2650973,2011,2013,7
2650983,2014,2013,7
2650993,2014,2013,7
2651003,2017,2013,7
2651013,2012,2013,7
2651024,2012,2013,7
2651034,2010,2013,7
2651044,2009,2013,7
2651054,2013,2013,7
2651064,2012,2012,8
2651075,2022,2013,7
2651085,2015,2013,7
2651095,2013,2013,7
2651105,2014,2013,7
2651115,2015,2013,7
2651126,2017,2013,8
2651136,2013,2013,7
2651146,2013,2013,7
2651156,2016,2013,8
2651166,2013,2013,7
2651177,2011,2013,7
2651187,2013,2013,7
2651197,2014,2013,7
2651207,2013,2013,7
2651218,2015,2013,7
2651228,2013,2013,7
2651238,2014,2013,7
2651248,2013,2013,7
2651258,2012,2013,7
2651269,2010,2013,7
2651279,2010,2013,7
2651289,2011,2013,7
2651299,2013,2013,7
2651309,2014,2013,7
2651320,2014,2013,7
2651330,2014,2013,7
2651340,2016,2013,7
2651350,2015,2013,7
2651360,2014,2013,7
2651371,2014,2013,7
2651381,2013,2013,7
2651391,2015,2013,7
2651401,2012,2013,7
2651411,2012,2013,7
2651422,2011,2013,7
2651432,2011,2013,7
2651442,2014,2013,7
2651452,2012,2013,7
2651463,2016,2013,7
2651473,2015,2013,7
2651483,2012,2013,7
2651493,2015,2013,7
2651503,2011,2013,7
2651514,2011,2013,7
2651524,2012,2013,7
2651534,2011,2013,7
2651544,2013,2013,7
2651554,2012,2012,8
2651565,2017,2013,7
2651575,2015,2013,7
2651585,2014,2013,7
2651595,2014,2013,7
2651605,2016,2013,7
2651616,2015,2013,7
2651626,2012,2013,7
2651636,2012,2013,7
2651646,2016,2013,7
2651656,2012,2013,7
2651667,2012,2013,7
2651677,2018,2013,7
2651687,2014,2013,7
2651697,2012,2013,7
2651708,2015,2013,7
2651718,2012,2013,7
2651728,2013,2013,7
2651738,2014,2013,7
2651748,2011,2013,7
2651759,2011,2013,7
2651769,2010,2013,7
2651779,2012,2013,7
2651789,2012,2013,7
2651799,2014,2013,7
2651810,2014,2013,7
2651820,2015,2013,7
2651830,2014,2013,7
2651840,2016,2013,7
2651850,2015,2013,7
2651861,2013,2013,7
2651871,2021,2013,7
2651881,2013,2013,7
2651891,2012,2013,7
2651901,2012,2013,7
2651912,2013,2013,7
2651922,2013,2013,7
2651932,2013,2013,7
2651942,2026,2013,9
2651953,2016,2013,9
2651963,2015,2013,9
2651973,2015,2013,9
2651983,2016,2013,9
2651993,2013,2013,9
2652004,2012,2013,9
SIM
2652024,768,753,25
2652034,743,753,25
2652044,747,753,25
2652055,750,753,25
2652065,737,753,27
2652075,747,753,27
2652085,742,752,29
2652095,742,752,29
2652106,750,752,29
2652116,736,752,31
2652126,749,752,30
2652136,748,752,30
2652146,740,752,31
2652157,749,752,31
2652167,738,752,33
2652177,746,752,33
2652187,748,752,33
2652197,737,751,35
2652208,748,751,35
2652218,739,751,36
2652228,742,751,36
2652238,749,751,36
2652249,737,751,38
2652259,748,751,37
2652269,745,751,37
2652279,740,751,38
2652289,749,751,38
2652300,737,751,39
2652310,746,750,39
2652320,747,750,39
2652330,737,750,40
2652340,749,750,40
2652351,738,750,41
2652361,746,750,40
2652371,749,750,40
2652381,736,750,41
2652391,750,750,41
2652402,743,750,41
2652412,742,750,41
2652422,750,750,41
2652432,737,749,43
2652442,747,749,42
2652453,745,749,42
2652463,740,749,42
2652473,751,749,42
2652483,736,749,44
2652494,745,749,43
2652504,747,749,43
2652514,736,749,44
2652524,749,749,44
2652534,740,749,44
2652545,745,748,44
2652555,748,748,44
2652565,736,748,45
2652575,748,748,44
2652585,742,748,45
2652596,740,748,44
2652606,748,748,44
2652616,736,748,45
2652626,746,748,44
2652636,746,748,44
2652647,738,748,44
2652657,751,748,44
2652667,739,747,45
2652677,747,747,44
2652687,750,747,44
2652698,736,747,44
2652708,749,747,44
2652718,740,747,45
2652728,742,747,44
2652738,749,747,44
2652749,735,747,45
2652759,747,747,44
2652769,744,747,44
2652779,739,747,44
2652790,749,747,44
2652800,735,746,45
2652810,746,746,44
2652820,748,746,44
2652830,738,746,44
2652841,749,746,44
2652851,739,746,44
2652861,745,746,43
2652871,748,746,43
2652881,735,746,43
2652892,749,746,42
2652902,743,746,42
2652912,741,746,41
2652922,748,746,41
2652932,737,745,42
2652943,748,745,41
2652953,745,745,41
2652963,739,745,40
2652973,750,745,40
2652983,738,745,40
2652994,746,745,38
2653004,747,745,38
2653014,736,745,38
2653024,748,745,38
2653034,739,745,38
2653045,743,745,37
2653055,747,745,37
2653065,735,744,38
2653075,748,744,37
2653086,743,744,37
2653096,740,744,35
2653106,750,744,35
2653116,740,744,35
2653126,746,744,33
2653137,748,744,33
2653147,738,744,33
2653157,750,744,33
2653167,738,744,32
2653177,743,744,31
2653188,748,744,31
2653198,735,744,31
2653208,747,743,31
2653218,740,743,31
2653228,742,743,29
2653239,748,743,29
RIM
2653259,710,718,32
2653269,708,718,32
2653279,704,718,33
2653290,712,718,33
2653300,705,718,34
2653310,712,717,35
2653320,715,717,35
2653330,706,717,36
2653341,713,717,36
2653351,704,717,37
2653361,706,717,37
2653371,711,717,37
2653381,701,717,39
2653392,711,717,39
2653402,706,716,41
2653412,705,716,40
2653422,711,716,41
2653432,702,716,42
2653443,709,716,41
2653453,709,716,42
2653463,702,716,42
2653473,711,716,42
2653483,701,715,45
2653494,710,715,43
2653504,713,715,43
2653514,704,715,44
2653524,713,715,43
2653534,706,715,44
2653545,709,715,43
2653555,714,715,43
2653565,703,714,45
2653575,714,714,44
2653586,709,714,44
2653596,707,714,44
2653606,715,714,44
2653616,705,714,44
2653626,711,714,44
2653637,713,714,44
2653647,703,714,43
2653657,712,714,43
2653667,702,713,44
2653677,707,713,43
2653688,710,713,43
2653698,699,713,43
2653708,711,713,42
2653718,704,713,42
2653728,705,713,41
2653739,710,713,41
2653749,703,712,42
2653759,713,712,41
2653769,710,712,41
2653779,705,712,40
2653790,714,712,40
2653800,703,712,39
2653810,709,712,38
2653820,711,712,38
2653830,701,712,37
2653841,712,711,37
2653851,704,711,37
2653861,707,711,35
2653871,712,711,35
2653881,700,711,34
2653892,711,711,33
2653902,706,711,33
2653912,704,710,32
2653922,712,710,32
2653932,701,710,31
2653943,711,710,30
2653953,711,710,29
2653963,705,710,28
2653973,714,710,28
2653983,704,710,28
2653994,711,710,27
2654004,714,710,28
2654014,703,710,28
2654024,715,710,28
2654035,707,710,28
2654045,710,710,27
2654055,715,710,27
2654065,703,710,28
2654075,713,710,27
2654086,711,710,27
2654096,705,710,27
2654106,712,710,27
2654116,701,709,29
2654126,709,709,27
2654137,710,709,27
2654147,703,709,27
2654157,710,709,27
2654167,702,709,27
2654177,706,709,26
2654188,710,709,26
2654198,703,709,26
2654208,714,709,25
2654218,707,709,25
2654228,707,709,25
2654239,713,709,25
2654249,704,709,25
2654259,713,709,25
2654269,712,709,25
2654279,705,709,25
2654290,711,709,25
2654300,701,709,25
2654310,708,709,24
2654320,712,709,24
2654330,701,708,25
2654341,710,708,24
2654351,702,708,24
2654361,706,708,23
2654371,711,708,23
2654381,700,708,23
2654392,710,708,22
2654402,706,708,22
2654412,704,708,21
2654422,711,708,21
2654432,701,708,21
2654443,711,708,19
2654453,712,708,19
2654463,705,707,19
2654473,714,707,19
OSM
2654494,1994,2013,9
2654504,2009,2013,9
2654514,2009,2013,9
2654524,2013,2013,9
2654535,2013,2013,9
2654545,2013,2013,9
2654555,2012,2013,9
2654565,2015,2013,8
2654575,2013,2013,8
2654586,2009,2013,9
2654596,2011,2013,9
2654606,2013,2013,9
2654616,2013,2013,9
2654627,2012,2013,9
2654637,2014,2013,9
2654647,2013,2013,8
2654657,2015,2013,8
2654667,2015,2013,8
2654678,2015,2013,8
2654688,2014,2013,8
2654698,2015,2013,8
2654708,2013,2013,8
2654718,2012,2013,8
2654729,2010,2013,8
2654739,2014,2013,8
2654749,2012,2013,8
2654759,2013,2013,8
2654769,2016,2013,8
2654780,2014,2013,8
2654790,2011,2013,8
2654800,2012,2013,8
2654810,2012,2013,8
2654820,2012,2013,8
2654831,2012,2013,7
2654841,2013,2013,7
2654851,2027,2013,9
2654861,2014,2013,9
2654872,2017,2013,9
2654882,2015,2013,9
2654892,2014,2013,9
2654902,2014,2013,9
2654912,2013,2013,9
2654923,2018,2013,9
2654933,2011,2013,9
2654943,2009,2013,10
2654953,2010,2013,10
2654963,2012,2013,10
2654974,2014,2013,10
2654984,2017,2013,10
2654994,2012,2013,10
2655004,2011,2013,10
2655014,2012,2013,10
2655025,2014,2013,10
2655035,2012,2013,10
2655045,2014,2013,10
2655055,2016,2013,10
2655066,2013,2013,10
2655076,2012,2013,10
2655086,2011,2013,10
2655096,2012,2013,10
2655106,2018,2013,10
2655117,2014,2013,10
2655127,2013,2013,10
2655137,2016,2013,10
2655147,2011,2013,10
2655157,2012,2013,10
2655168,2013,2013,10
2655178,2013,2013,10
2655188,2015,2013,10
2655198,2012,2013,10
2655209,2016,2013,10
2655219,2015,2013,10
2655229,2012,2013,10
2655239,2013,2013,10
2655249,2011,2013,10
2655260,2013,2013,10
2655270,2013,2013,10
2655280,2015,2013,10
2655290,2016,2013,10
2655300,2015,2013,10
2655311,2014,2013,10
2655321,2014,2013,10
2655331,2010,2013,10
2655341,2012,2013,10
2655351,2012,2013,10
2655362,2014,2013,10
2655372,2014,2013,10
2655382,2016,2013,9
2655392,2016,2013,10
2655403,2018,2013,10
2655413,2013,2013,10
2655423,2012,2013,10
2655433,2012,2013,10
2655443,2024,2013,11
2655454,2015,2013,11
2655464,2014,2013,11
2655474,2014,2013,11
2655484,2014,2013,11
2655494,2011,2013,11
2655505,2011,2013,11
2655515,2013,2013,11
2655525,2012,2013,11
2655535,2016,2013,11
2655546,2016,2013,11
2655556,2016,2013,11
2655566,2013,2013,11
2655576,2012,2013,10
2655586,2015,2013,10
2655597,2011,2013,10
2655607,2015,2013,10
2655617,2013,2013,10
2655627,2017,2013,10
2655637,2015,2013,10
2655648,2015,2013,9
2655658,2015,2013,9
2655668,2013,2013,9
2655678,2011,2013,9
2655688,2016,2013,9
2655699,2011,2013,9
2655709,2010,2013,9
SIM
2655729,760,743,26
2655739,752,743,27
2655750,739,743,27
2655760,748,743,27
2655770,749,743,27
2655780,738,743,27
2655790,750,743,27
2655801,739,743,27
2655811,744,743,27
2655821,749,743,27
2655831,735,743,27
2655841,747,743,27
2655852,741,743,27
2655862,743,743,27
2655872,749,743,27
2655882,737,743,27
2655893,747,743,27
2655903,746,743,27
2655913,740,743,27
2655923,750,743,27
2655933,738,743,27
2655944,745,743,27
2655954,747,743,27
2655964,736,743,27
2655974,748,743,27
2655984,739,743,27
2655995,743,743,27
2656005,749,743,27
2656015,736,743,27
2656025,748,743,27
2656035,744,743,27
2656046,741,743,27
2656056,749,743,27
2656066,737,743,27
2656076,746,743,27
2656087,746,743,26
2656097,736,743,26
2656107,749,743,27
2656117,745,743,27
2656127,745,743,26
2656138,748,743,26
2656148,735,743,27
2656158,748,743,27
2656168,740,743,27
2656178,741,743,26
2656189,747,743,26
2656199,735,743,27
2656209,747,743,27
2656219,745,743,26
2656230,738,743,26
2656240,749,743,26
2656250,739,743,26
2656260,746,743,26
2656270,749,743,26
2656281,737,743,26
2656291,750,743,27
2656301,740,743,27
2656311,743,743,26
2656321,750,743,26
2656332,735,743,27
2656342,747,743,27
2656352,741,743,27
2656362,740,743,26
2656372,748,743,26
2656383,737,743,27
2656393,748,743,26
2656403,747,743,26
2656413,741,743,26
2656423,750,743,26
2656434,739,743,26
2656444,744,743,26
2656454,749,743,26
2656464,735,743,26
2656474,748,743,26
2656485,740,743,26
2656495,745,743,26
2656505,749,743,26
2656515,736,743,26
2656526,746,743,26
2656536,746,743,26
2656546,740,743,26
2656556,750,743,26
2656566,739,743,26
2656577,747,743,26
2656587,748,743,26
2656597,739,743,25
2656607,751,743,26
2656617,739,743,26
2656628,744,743,26
2656638,749,743,26
2656648,736,743,26
2656658,746,743,26
2656668,742,743,26
2656679,744,743,26
2656689,749,743,26
2656699,737,743,26
2656709,747,743,26
2656719,747,743,26
2656730,741,743,26
2656740,749,743,26
2656750,740,743,26
2656760,746,743,26
2656770,749,743,25
2656781,736,743,26
2656791,747,743,26
2656801,741,743,26
2656811,742,743,25
2656822,747,743,25
2656832,735,743,26
2656842,748,743,26
2656852,744,743,26
2656862,740,743,25
2656873,748,743,25
2656883,737,743,26
2656893,747,743,26
2656903,748,743,25
2656913,738,743,25
2656924,751,743,26
2656934,739,743,26
2656944,744,743,26
RIM
2656964,705,707,19
2656974,714,707,19
2656985,706,707,19
2656995,704,707,19
2657005,712,707,19
2657015,701,707,19
2657026,710,707,19
2657036,707,707,19
2657046,703,707,19
2657056,711,707,19
2657066,701,707,19
2657077,709,707,19
2657087,710,707,19
2657097,701,707,19
2657107,712,707,19
2657117,700,707,20
2657128,705,707,20
2657138,710,707,19
2657148,699,707,20
2657158,708,707,20
2657168,705,707,20
2657179,704,707,20
2657189,710,707,19
2657199,701,707,20
2657209,709,707,19
2657219,708,707,19
2657230,703,707,19
2657240,711,707,19
2657250,701,707,20
2657260,709,707,19
2657270,713,707,19
2657281,703,707,19
2657291,714,707,19
2657301,707,707,19
2657311,709,707,19
2657321,714,707,19
2657332,703,707,19
2657342,713,707,19
2657352,710,707,19
2657362,707,707,19
2657372,716,707,19
2657383,706,707,19
2657393,712,707,20
2657403,712,707,19
2657413,706,707,19
2657423,715,707,20
2657434,705,707,20
2657444,708,707,20
2657454,713,707,20
2657464,701,707,20
2657474,710,707,20
2657485,705,707,20
2657495,708,707,19
2657505,713,707,19
2657515,704,707,20
2657525,713,707,20
2657536,710,707,19
2657546,706,707,19
2657556,714,707,20
2657566,704,707,20
2657577,711,707,20
2657587,712,707,19
2657597,702,707,19
2657607,711,707,20
2657617,703,707,20
2657628,707,707,19
2657638,710,707,19
2657648,700,707,20
2657658,710,707,19
2657668,706,707,19
2657679,704,707,19
2657689,712,707,19
2657699,702,707,19
2657709,708,707,19
2657719,707,707,19
2657730,702,707,18
2657740,711,707,19
2657750,701,707,19
2657760,707,707,18
2657770,710,707,18
2657781,700,707,18
2657791,710,707,18
2657801,703,707,18
2657811,706,707,18
2657821,710,707,18
2657832,700,707,18
2657842,713,707,19
2657852,708,707,18
2657862,707,707,18
2657872,713,707,18
2657883,704,707,18
2657893,711,707,19
2657903,712,707,19
2657913,705,707,18
2657923,714,707,19
2657934,706,707,19
2657944,711,707,19
2657954,715,707,19
2657964,704,707,19
2657974,713,707,19
2657985,707,707,19
2657995,710,707,19
2658005,715,707,19
2658015,704,707,19
2658025,713,707,19
2658036,710,707,19
2658046,703,707,19
2658056,712,707,19
2658066,701,707,19
2658076,708,707,19
2658087,710,707,19
2658097,704,707,19
2658107,714,707,19
2658117,708,707,19
2658127,709,707,19
2658138,714,707,19
2658148,700,707,19
2658158,710,707,19
2658168,706,707,19
2658179,705,707,19
OSM
2658200,2002,2013,7
2658210,2011,2013,7
2658220,2014,2013,7
2658230,2015,2013,7
2658241,2016,2013,7
2658251,2013,2013,7
2658261,2014,2013,7
2658271,2013,2013,7
2658281,2011,2013,7
2658292,2011,2013,7
2658302,2011,2013,7
2658312,2012,2013,7
2658322,2013,2013,7
2658332,2013,2013,7
2658343,2016,2013,7
2658353,2013,2013,7
2658363,2012,2013,7
2658373,2010,2013,7
2658384,2011,2013,7
2658394,2011,2013,7
2658404,2012,2013,7
2658414,2014,2013,7
2658424,2015,2013,7
2658435,2015,2013,7
2658445,2014,2013,7
2658455,2014,2013,7
2658465,2015,2013,7
2658475,2015,2013,7
2658486,2015,2013,7
2658496,2013,2013,7
2658506,2015,2013,7
2658516,2012,2013,7
2658526,2012,2013,7
2658537,2010,2013,7
2658547,2014,2013,7
2658557,2014,2013,5
2658567,2012,2013,5
2658577,2015,2013,5
2658588,2016,2013,5
2658598,2012,2013,5
2658608,2014,2013,5
2658618,2015,2013,5
2658629,2018,2013,5
2658639,2014,2013,5
2658649,2016,2013,5
2658659,2015,2013,5
2658669,2017,2013,5
2658680,2014,2013,5
2658690,2015,2013,5
2658700,2013,2013,5
2658710,2018,2013,5
2658720,2014,2013,5
2658731,2011,2013,5
2658741,2013,2013,5
2658751,2013,2013,5
2658761,2014,2013,5
2658771,2013,2013,5
2658782,2015,2013,5
2658792,2012,2013,5
2658802,2015,2013,5
2658812,2011,2013,5
2658823,2012,2013,5
2658833,2011,2013,5
2658843,2011,2013,5
2658853,2013,2013,5
2658863,2014,2013,5
2658874,2012,2013,5
2658884,2015,2013,5
2658894,2015,2013,5
2658904,2015,2013,5
2658914,2015,2013,5
2658925,2016,2013,5
2658935,2015,2013,5
2658945,2013,2013,5
2658955,2014,2013,5
2658965,2015,2013,5
2658976,2013,2013,5
2658986,2012,2013,5
2658996,2015,2013,5
2659006,2014,2013,5
2659016,2012,2013,5
2659027,2017,2013,5
2659037,2010,2013,5
2659047,2011,2013,5
2659057,2012,2013,5
2659068,2012,2013,5
2659078,2013,2013,5
2659088,2015,2013,5
2659098,2014,2013,5
2659108,2015,2013,5
2659119,2016,2013,5
2659129,2015,2013,5
2659139,2014,2013,5
2659149,2014,2013,4
2659159,2014,2013,4
2659170,2014,2013,4
2659180,2010,2013,4
2659190,2012,2013,4
2659200,2012,2013,4
2659210,2011,2013,4
2659221,2014,2013,4
2659231,2018,2013,4
2659241,2014,2013,4
2659251,2014,2013,4
2659262,2017,2013,4
2659272,2011,2013,4
2659282,2010,2013,4
2659292,2012,2013,4
2659302,2014,2013,4
2659313,2013,2013,4
2659323,2014,2013,4
2659333,2021,2013,5
2659343,2015,2013,5
2659353,2014,2013,5
2659364,2015,2013,5
2659374,2016,2013,5
2659384,2015,2013,5
2659394,2014,2013,5
2659404,2014,2013,5
2659415,2014,2013,5
SIM
2659435,761,743,26
2659445,744,743,25
2659455,749,743,25
2659466,736,743,26
2659476,746,743,25
2659486,744,743,25
2659496,737,743,25
2659506,748,743,25
2659517,736,743,26
2659527,742,743,25
2659537,747,743,25
2659547,734,743,25
2659557,746,743,26
2659568,739,743,26
2659578,742,743,25
2659588,747,743,25
2659598,734,743,26
2659608,746,743,26
2659619,743,743,26
2659629,740,743,25
2659639,748,743,25
2659649,735,743,26
2659659,744,743,26
2659670,746,743,25
2659680,738,743,25
2659690,749,743,26
2659700,738,743,26
2659711,742,743,25
2659721,747,743,25
2659731,735,743,26
2659741,747,743,26
2659751,740,743,26
2659762,740,743,25
2659772,746,743,25
2659782,734,743,26
2659792,746,743,26
2659802,742,743,25
2659813,738,743,25
2659823,748,743,26
2659833,737,743,26
2659843,745,743,26
2659853,747,743,25
2659864,736,743,25
2659874,748,743,26
2659884,738,743,26
2659894,742,743,26
2659905,747,743,25
2659915,736,743,25
2659925,747,743,26
2659935,742,743,25
2659945,739,743,25
2659956,748,743,25
2659966,736,743,26
2659976,745,743,25
2659986,745,743,25
2659996,737,743,25
2660007,748,743,25
2660017,736,743,25
2660027,743,743,25
2660037,747,743,25
2660047,735,743,25
2660058,745,743,25
2660068,738,743,25
2660078,741,743,25
2660088,747,743,25
2660098,734,742,26
2660109,747,742,26
2660119,744,743,25
2660129,739,742,26
2660139,748,743,25
2660149,736,742,26
2660160,745,742,26
2660170,746,742,26
2660180,736,742,26
2660190,748,742,26
2660200,738,742,26
2660211,742,742,26
2660221,758,743,26
2660231,736,742,28
2660241,747,742,28
2660252,741,742,28
2660262,743,742,27
2660272,748,742,27
2660282,736,742,28
2660292,745,742,27
2660303,744,742,27
2660313,737,742,27
2660323,748,742,27
2660333,736,742,27
2660343,744,742,27
2660354,747,742,27
2660364,734,742,27
2660374,746,742,27
2660384,738,742,27
2660394,741,742,27
2660405,747,742,27
2660415,734,742,27
2660425,747,742,27
2660435,745,742,27
2660445,740,742,27
2660456,749,742,27
2660466,735,742,28
2660476,745,742,27
2660486,744,742,27
2660497,736,742,27
2660507,748,742,28
2660517,737,742,28
2660527,742,742,28
2660537,747,742,27
2660548,733,742,28
2660558,747,742,28
2660568,739,742,28
2660578,740,742,28
2660588,747,742,28
2660599,733,742,28
2660609,745,742,28
2660619,743,742,28
2660629,737,742,27
2660639,748,742,28
2660650,737,742,28
RIM
2660670,711,707,19
2660680,700,707,19
2660690,710,707,19
2660701,703,707,19
2660711,707,707,19
2660721,710,707,19
2660731,700,707,19
2660741,709,707,19
2660752,709,707,19
2660762,705,707,19
2660772,714,707,19
2660782,703,707,19
2660792,712,707,19
2660803,711,707,19
2660813,706,707,19
2660823,714,707,19
2660833,705,707,19
2660843,711,707,19
2660854,714,708,18
2660864,703,707,19
2660874,714,708,18
2660884,707,708,18
2660894,709,708,18
2660905,715,708,18
2660915,704,708,18
2660925,711,708,18
2660935,708,708,18
2660945,704,708,18
2660956,712,708,18
2660966,701,708,18
2660976,709,708,18
2660986,709,708,18
2660996,701,708,18
2661007,711,708,18
2661017,704,708,18
2661027,711,708,18
2661037,712,708,18
2661047,702,708,18
2661058,713,708,18
2661068,705,708,18
2661078,706,707,19
2661088,711,707,19
2661099,701,707,19
2661109,709,707,19
2661119,707,707,19
2661129,702,707,18
2661139,712,707,18
2661150,700,707,19
2661160,707,707,19
2661170,710,707,18
2661180,701,707,19
2661190,711,707,19
2661201,703,707,19
2661211,705,707,18
2661221,710,707,18
2661231,702,707,18
2661241,714,707,19
2661252,709,707,19
2661262,707,707,18
2661272,714,707,19
2661282,703,707,19
2661292,711,707,19
2661303,711,707,19
2661313,706,707,18
2661323,714,707,19
2661333,705,707,19
2661343,710,707,19
2661354,713,707,19
2661364,704,707,19
2661374,716,707,19
2661384,707,707,19
2661394,709,707,19
2661405,715,707,19
2661415,704,707,19
2661425,711,707,20
2661435,707,708,18
2661445,704,707,19
2661456,712,708,18
2661466,700,708,19
2661476,709,707,20
2661486,710,708,18
2661496,701,708,18
2661507,710,708,18
2661517,701,708,19
2661527,709,708,19
2661537,714,708,18
2661547,702,708,18
2661558,713,708,19
2661568,707,708,19
2661578,707,708,18
2661588,711,708,18
2661599,700,707,20
2661609,709,707,20
2661619,711,708,19
2661629,706,707,19
2661639,714,708,19
2661650,704,707,20
2661660,710,707,19
2661670,713,707,19
2661680,704,707,19
2661690,714,707,20
2661701,707,707,20
2661711,706,707,19
2661721,712,707,19
2661731,699,707,19
2661741,709,707,19
2661752,708,707,19
2661762,707,707,19
2661772,714,707,19
2661782,703,707,19
2661792,710,707,19
2661803,711,707,19
2661813,702,707,19
2661823,712,707,19
2661833,700,707,20
2661844,707,707,19
2661854,710,707,19
2661864,704,707,19
2661874,714,707,19
2661884,707,707,19
OSM
2661906,2000,2013,5
2661916,2010,2013,5
2661926,2015,2013,5
2661936,2015,2013,5
2661947,2016,2013,5
2661957,2013,2013,5
2661967,2013,2013,5
2661977,2014,2013,5
2661987,2012,2013,5
2661998,2010,2013,5
2662008,2012,2013,5
2662018,2013,2013,5
2662028,2014,2013,5
2662038,2013,2013,5
2662049,2013,2013,5
2662059,2014,2013,5
2662069,2016,2013,5
2662079,2015,2013,5
2662090,2014,2013,5
2662100,2020,2013,5
2662110,2014,2013,5
2662120,2013,2013,5
2662130,2015,2013,5
2662141,2020,2013,6
2662151,2015,2013,6
2662161,2013,2013,6
2662171,2015,2013,6
2662181,2014,2013,6
2662192,2014,2013,6
2662202,2013,2013,6
2662212,2014,2013,6
2662222,2015,2013,6
2662232,2012,2013,6
2662243,2012,2013,6
2662253,2012,2013,6
2662263,2013,2013,6
2662273,2013,2013,6
2662283,2013,2013,6
2662294,2015,2013,6
2662304,2016,2013,6
2662314,2015,2013,6
2662324,2014,2013,6
2662335,2014,2013,5
2662345,2021,2013,6
2662355,2011,2013,6
2662365,2010,2013,6
2662375,2011,2013,6
2662386,2013,2013,6
2662396,2013,2013,6
2662406,2016,2013,6
2662416,2013,2013,6
2662426,2014,2013,6
2662437,2012,2013,6
2662447,2012,2013,6
2662457,2010,2013,6
2662467,2012,2013,6
2662477,2011,2013,6
2662488,2013,2013,6
2662498,2013,2013,6
2662508,2016,2013,6
2662518,2014,2013,6
2662528,2016,2013,6
2662539,2015,2013,6
2662549,2014,2013,6
2662559,2014,2013,6
2662569,2013,2013,6
2662580,2014,2013,6
2662590,2011,2013,6
2662600,2012,2013,6
2662610,2011,2013,6
2662620,2014,2013,6
2662631,2016,2013,6
2662641,2014,2013,6
2662651,2012,2013,6
2662661,2012,2013,6
2662671,2011,2013,6
2662682,2011,2013,6
2662692,2015,2013,6
2662702,2013,2013,6
2662712,2013,2013,6
2662722,2017,2013,6
2662733,2014,2013,6
2662743,2015,2013,6
2662753,2017,2013,6
2662763,2014,2013,6
2662774,2015,2013,6
2662784,2025,2013,7
2662794,2011,2013,7
2662804,2012,2013,7
2662814,2013,2013,7
2662825,2014,2013,7
2662835,2025,2013,8
2662845,2013,2013,8
2662855,2012,2013,8
2662865,2012,2013,8
2662876,2011,2013,8
2662886,2020,2013,8
2662896,2013,2013,8
2662906,2014,2013,8
2662916,2016,2013,9
2662927,2015,2013,9
2662937,2016,2013,8
2662947,2015,2013,8
2662957,2014,2013,8
2662968,2015,2013,8
2662978,2026,2013,10
2662988,2012,2013,10
2662998,2013,2014,9
2663008,2013,2013,10
2663019,2026,2014,10
2663029,2013,2014,10
2663039,2012,2014,9
2663049,2014,2014,9
2663059,2013,2014,9
2663070,2018,2014,10
2663080,2014,2014,10
2663090,2015,2014,10
2663100,2024,2014,10
2663111,2013,2014,10
2663121,2012,2014,10
SIM
2663141,777,742,35
2663151,756,742,36
2663161,756,742,38
2663172,761,742,40
2663182,749,742,41
2663192,759,742,43
2663202,759,743,44
2663213,751,743,44
2663223,761,743,47
2663233,751,743,47
2663243,758,743,49
2663253,761,743,51
2663264,749,743,51
2663274,760,743,53
2663284,753,744,53
2663294,756,744,54
2663304,762,744,56
2663315,748,744,56
2663325,762,744,59
2663335,756,744,60
2663345,754,744,61
2663355,761,744,62
2663366,750,744,63
2663376,760,745,64
2663386,761,745,65
2663396,751,745,66
2663406,761,745,67
2663417,749,745,67
2663427,756,745,68
2663437,761,745,70
2663447,748,745,70
2663458,759,746,70
2663468,753,746,70
2663478,756,746,71
2663488,762,746,72
2663498,748,746,72
2663509,759,746,73
2663519,756,746,73
2663529,750,746,74
2663539,761,746,75
2663549,749,747,74
2663560,758,747,75
2663570,760,747,75
2663580,750,747,75
2663590,761,747,76
2663600,751,747,76
2663611,758,747,77
2663621,762,747,78
2663631,748,747,78
2663641,760,748,78
2663651,753,748,78
2663662,754,748,78
2663672,760,748,78
2663682,747,748,78
2663692,758,748,79
2663702,758,748,79
2663713,751,748,79
2663723,763,748,79
2663733,751,749,78
2663743,758,749,79
2663754,762,749,79
2663764,750,749,78
2663774,760,749,78
2663784,753,749,78
2663794,756,749,78
2663805,761,749,78
2663815,748,749,78
2663825,760,750,77
2663835,757,750,77
2663845,754,750,77
2663856,762,750,76
2663866,751,750,76
2663876,758,750,77
2663886,761,750,76
2663896,751,750,76
2663907,760,751,74
2663917,751,751,74
2663927,756,751,73
2663937,759,751,72
2663948,748,751,72
2663958,760,751,72
2663968,754,751,71
2663978,756,751,72
2663988,762,751,71
2663999,751,751,70
2664009,761,752,70
2664019,757,752,68
2664029,751,752,68
2664039,761,752,66
2664050,752,752,66
2664060,760,752,66
2664070,762,752,64
2664080,750,752,64
2664090,762,753,62
2664101,754,753,61
2664111,757,753,61
2664121,762,753,58
2664131,750,753,58
2664141,759,753,58
2664152,756,753,57
2664162,755,753,56
2664172,762,754,53
2664182,750,754,53
2664193,760,754,52
2664203,761,754,50
2664213,751,754,50
2664223,761,754,48
2664233,750,754,47
2664244,757,754,46
2664254,761,755,42
2664264,749,755,42
2664274,763,755,40
2664284,755,755,38
2664295,757,755,38
2664305,763,755,34
2664315,750,755,34
2664325,760,755,33
2664335,757,756,29
2664346,753,756,28
2664356,762,756,25
RIM
2664376,727,707,23
2664386,729,708,25
2664397,721,708,26
2664407,729,708,30
2664417,726,708,32
2664427,730,708,36
2664437,733,709,40
2664448,720,709,41
2664458,729,709,44
2664468,726,709,46
2664478,724,709,48
2664488,730,709,51
2664499,720,709,52
2664509,728,710,54
2664519,727,710,56
2664529,722,710,57
2664539,728,710,60
2664550,721,710,61
2664560,726,710,63
2664570,729,710,65
2664580,719,710,66
2664590,729,711,68
2664601,722,711,69
2664611,727,711,71
2664621,733,711,74
2664631,722,711,75
2664642,731,711,78
2664652,727,712,79
2664662,722,712,80
2664672,728,712,81
2664682,720,712,81
2664693,725,712,83
2664703,728,712,84
2664713,724,712,85
2664723,731,713,86
2664733,725,713,87
2664744,728,713,89
2664754,732,713,91
2664764,722,713,92
2664774,732,713,94
2664784,727,714,94
2664795,728,714,96
2664805,734,714,98
2664815,724,714,99
2664825,732,714,101
2664835,728,715,100
2664846,723,715,100
2664856,730,715,100
2664866,721,715,100
2664876,726,715,101
2664886,728,715,101
2664897,720,716,100
2664907,730,716,100
2664917,726,716,100
2664927,729,716,101
2664938,733,716,102
2664948,723,716,102
2664958,729,717,102
2664968,726,717,102
2664978,723,717,102
2664989,729,717,102
2664999,721,717,102
2665009,731,717,103
2665019,731,717,104
2665029,726,718,103
2665040,732,718,103
2665050,726,718,103
2665060,727,718,104
2665070,729,718,103
2665080,720,718,103
2665091,727,718,103
2665101,723,719,101
2665111,725,719,101
2665121,730,719,100
2665131,722,719,100
2665142,730,719,100
2665152,729,719,99
2665162,725,719,99
2665172,732,720,96
2665183,723,720,95
2665193,731,720,95
2665203,731,720,93
2665213,724,720,92
2665223,733,721,89
2665234,725,721,88
2665244,728,721,88
2665254,730,721,86
2665264,721,721,85
2665274,729,721,84
2665285,725,722,82
2665295,724,722,81
2665305,729,722,77
2665315,720,722,76
2665325,726,722,75
2665336,727,722,73
2665346,722,722,72
2665356,731,723,69
2665366,725,723,68
2665376,729,723,67
2665387,732,723,65
2665397,724,723,64
2665407,730,723,62
2665417,724,723,60
2665427,727,724,58
2665438,729,724,53
2665448,721,724,51
2665458,728,724,49
2665468,725,724,47
2665478,724,724,46
2665489,728,725,41
2665499,720,725,40
2665509,726,725,38
2665519,728,725,34
2665529,722,725,32
2665540,728,725,27
2665550,722,725,24
2665560,726,726,21
2665570,731,726,18
2665581,723,726,17
2665591,731,726,14
OSM
2665612,1995,2014,12
2665622,2011,2014,12
2665632,2012,2014,12
2665642,2016,2014,12
2665653,2016,2014,12
2665663,2018,2014,12
2665673,2014,2014,12
2665683,2012,2014,12
2665693,2010,2014,12
2665704,2012,2014,12
2665714,2013,2014,12
2665724,2012,2014,12
2665734,2015,2014,12
2665745,2016,2014,12
2665755,2015,2014,12
2665765,2012,2014,12
2665775,2015,2014,12
2665785,2011,2014,12
2665796,2012,2014,12
2665806,2014,2013,13
2665816,2011,2013,13
2665826,2013,2013,13
2665836,2012,2013,13
2665847,2010,2013,12
2665857,2013,2013,12
2665867,2014,2013,12
2665877,2016,2013,12
2665888,2017,2013,13
2665898,2015,2013,13
2665908,2013,2013,13
2665918,2020,2013,13
2665928,2012,2013,13
2665939,2010,2013,13
2665949,2011,2013,13
2665959,2015,2013,13
2665969,2014,2013,13
2665979,2013,2013,13
2665990,2012,2013,13
2666000,2011,2013,13
2666010,2012,2013,13
2666020,2014,2013,13
2666031,2016,2013,13
2666041,2015,2013,13
2666051,2014,2013,13
2666061,2015,2013,13
2666071,2014,2013,12
2666082,2013,2013,12
2666092,2012,2013,12
2666102,2013,2013,12
2666112,2013,2013,12
2666122,2015,2013,12
2666133,2015,2013,12
2666143,2018,2013,13
2666153,2012,2013,13
2666163,2011,2013,13
2666173,2012,2013,13
2666184,2011,2013,13
2666194,2013,2013,13
2666204,2019,2013,13
2666214,2014,2013,13
2666225,2016,2013,13
2666235,2015,2013,13
2666245,2012,2013,13
2666255,2015,2013,13
2666265,2011,2013,13
2666276,2013,2013,13
2666286,2012,2013,13
2666296,2015,2013,13
2666306,2015,2013,13
2666316,2013,2013,13
2666327,2010,2013,13
2666337,2011,2013,13
2666347,2010,2013,13
2666357,2013,2013,13
2666368,2014,2013,13
2666378,2014,2013,13
2666388,2015,2013,13
2666398,2015,2013,13
2666408,2016,2013,13
2666419,2013,2013,13
2666429,2013,2013,13
2666439,2012,2013,13
2666449,2013,2013,13
2666459,2016,2013,13
2666470,2014,2013,13
2666480,2015,2013,13
2666490,2015,2013,12
2666500,2012,2013,12
2666510,2014,2013,12
2666521,2012,2013,12
2666531,2026,2013,13
2666541,2014,2013,12
2666551,2016,2013,12
2666562,2015,2013,12
2666572,2016,2013,12
2666582,2014,2013,12
2666592,2013,2013,12
2666602,2013,2013,12
2666613,2012,2013,12
2666623,2011,2013,11
2666633,2013,2013,11
2666643,2016,2013,11
2666653,2015,2013,11
2666664,2011,2013,11
2666674,2014,2013,11
2666684,2011,2013,10
2666694,2012,2013,10
2666705,2013,2013,10
2666715,2014,2013,10
2666725,2013,2013,9
2666735,2015,2013,9
2666745,2015,2013,9
2666756,2015,2013,9
2666766,2014,2013,9
2666776,2012,2013,9
2666786,2012,2013,9
2666796,2010,2013,9
2666807,2013,2013,8
2666817,2011,2013,8
2666827,2015,2013,8
SIM
2666847,769,756,23
2666858,764,756,24
2666868,756,756,24
2666878,755,756,24
2666888,762,756,23
2666898,750,756,24
2666909,760,756,24
2666919,758,756,24
2666929,753,756,23
2666939,764,756,24
2666949,750,756,24
2666960,759,756,24
2666970,762,756,24
2666980,751,756,24
2666990,762,756,24
2667001,752,756,24
2667011,758,756,24
2667021,761,756,24
2667031,748,756,24
2667041,760,756,24
2667052,757,756,24
2667062,755,756,24
2667072,763,756,24
2667082,749,756,24
2667092,760,756,24
2667103,761,756,24
2667113,752,756,24
2667123,763,756,24
2667133,752,756,24
2667143,758,756,24
2667154,762,756,24
2667164,750,756,24
2667174,759,756,24
2667184,754,756,24
2667194,757,756,24
2667205,762,756,23
2667215,750,756,24
2667225,760,756,24
2667235,758,756,24
2667246,752,756,23
2667256,761,756,23
2667266,749,756,24
2667276,760,756,24
2667286,761,756,24
2667297,751,756,24
2667307,763,756,24
2667317,753,756,24
2667327,758,756,24
2667337,762,756,23
2667348,749,756,24
2667358,761,756,24
2667368,756,756,24
2667378,755,756,24
2667388,761,756,23
2667399,749,756,23
2667409,760,756,24
2667419,759,756,23
2667429,751,756,23
2667439,761,756,23
2667450,751,756,23
2667460,758,756,23
2667470,761,756,23
2667480,749,756,23
2667491,762,756,24
2667501,754,756,24
2667511,756,756,23
2667521,761,756,23
2667531,749,756,23
2667542,760,756,23
2667552,758,756,23
2667562,754,756,23
2667572,763,756,23
2667582,750,756,24
2667593,760,756,24
2667603,762,756,24
2667613,751,756,24
2667623,763,756,24
2667633,752,756,24
2667644,756,756,24
2667654,762,756,24
2667664,750,756,24
2667674,762,756,24
2667684,756,756,24
2667695,755,756,24
2667705,763,756,24
2667715,750,756,24
2667725,760,756,24
2667736,758,756,24
2667746,752,756,24
2667756,764,756,24
2667766,751,756,25
2667776,760,756,24
2667787,762,757,23
2667797,752,756,24
2667807,762,756,24
2667817,753,756,25
2667827,759,756,24
2667838,762,757,23
2667848,749,756,25
2667858,761,756,25
2667868,758,757,24
2667878,753,756,25
2667889,762,757,24
2667899,750,756,25
2667909,760,756,25
2667919,759,757,24
2667929,751,756,25
2667940,760,757,23
2667950,752,756,25
2667960,758,756,24
2667970,763,757,23
2667980,751,756,24
2667991,760,757,23
2668001,754,756,24
2668011,757,756,24
2668021,762,757,23
2668032,748,756,24
2668042,761,756,25
2668052,757,756,24
2668062,753,756,24
RIM
2668082,722,726,14
2668093,727,726,14
2668103,729,726,14
2668113,724,726,14
2668123,733,726,14
2668134,726,726,14
2668144,727,726,13
2668154,730,726,13
2668164,720,726,14
2668174,728,726,14
2668185,725,726,14
2668195,724,726,13
2668205,729,726,13
2668215,721,726,13
2668225,728,726,13
2668236,728,726,13
2668246,722,726,13
2668256,730,726,13
2668266,722,726,13
2668276,726,726,13
2668287,729,726,13
2668297,719,726,13
2668307,728,726,13
2668317,722,726,13
2668327,726,726,13
2668338,728,726,13
2668348,719,726,13
2668358,728,726,13
2668368,726,726,13
2668378,723,726,13
2668389,729,726,13
2668399,721,726,13
2668409,726,726,13
2668419,728,726,13
2668429,721,726,13
2668440,729,726,13
2668450,721,726,13
2668460,726,726,13
2668470,729,726,13
2668480,720,726,13
2668491,729,726,13
2668501,724,726,13
2668511,724,726,12
2668521,728,726,12
2668531,720,726,12
2668542,729,726,12
2668552,725,726,12
2668562,721,726,12
2668572,729,726,12
2668582,721,726,13
2668593,727,726,13
2668603,729,726,12
2668613,720,726,12
2668623,729,726,13
2668633,722,726,13
2668644,727,726,12
2668654,729,726,12
2668664,720,725,13
2668674,727,725,13
2668684,725,726,12
2668695,726,725,13
2668705,729,726,12
2668715,719,725,13
2668725,728,725,13
2668735,727,725,13
2668746,723,725,13
2668756,729,725,13
2668766,720,725,13
2668776,727,725,13
2668786,729,725,13
2668797,722,725,13
2668807,729,725,13
2668817,722,725,13
2668827,726,725,13
2668837,729,725,13
2668848,721,725,13
2668858,728,725,13
2668868,725,725,13
2668878,723,725,12
2668888,729,725,12
2668899,721,725,12
2668909,727,725,12
2668919,728,725,12
2668929,721,725,12
2668939,729,725,12
2668950,722,725,12
2668960,729,725,12
2668970,732,725,12
2668980,723,725,12
2668990,731,725,12
2669001,726,725,12
2669011,729,725,12
2669021,732,725,12
2669031,723,725,12
2669041,731,725,13
2669052,729,725,13
2669062,726,725,13
2669072,732,725,13
2669082,724,725,13
2669092,732,725,13
2669103,731,725,13
2669113,725,725,13
2669123,732,725,13
2669133,725,725,13
2669143,730,725,13
2669154,730,725,13
2669164,721,725,13
2669174,729,725,14
2669184,725,725,14
2669194,726,725,14
2669205,730,726,12
2669215,720,725,14
2669225,731,726,13
2669235,730,726,13
2669245,725,726,13
2669256,734,726,13
2669266,725,726,13
2669276,731,726,13
2669286,734,726,14
2669297,724,726,14
OSM
2669318,1998,2013,7
2669328,2010,2013,7
2669338,2015,2013,7
2669348,2014,2013,7
2669359,2016,2013,7
2669369,2014,2013,7
2669379,2013,2013,7
2669389,2013,2013,7
2669399,2011,2013,7
2669410,2010,2013,7
2669420,2019,2013,7
2669430,2015,2013,7
2669440,2014,2013,7
2669451,2013,2013,7
2669461,2014,2013,7
2669471,2011,2013,7
2669481,2010,2013,7
2669491,2012,2013,7
2669502,2011,2013,7
2669512,2013,2013,7
2669522,2012,2013,7
2669532,2020,2013,7
2669542,2016,2013,7
2669553,2014,2013,7
2669563,2015,2013,7
2669573,2015,2013,7
2669583,2015,2013,7
2669593,2015,2013,7
2669604,2012,2013,7
2669614,2015,2013,7
2669624,2011,2013,7
2669634,2012,2013,7
2669644,2012,2013,7
2669655,2014,2013,7
2669665,2013,2013,7
2669675,2013,2013,7
2669685,2012,2013,7
2669696,2015,2013,7
2669706,2012,2013,7
2669716,2010,2013,7
2669726,2011,2013,7
2669736,2012,2013,7
2669747,2013,2013,7
2669757,2013,2013,7
2669767,2014,2013,7
2669777,2013,2013,7
2669787,2015,2013,7
2669798,2012,2013,7
2669808,2015,2013,7
2669818,2014,2013,7
2669828,2014,2013,7
2669838,2014,2013,7
2669849,2013,2013,6
2669859,2015,2013,7
2669869,2010,2013,7
2669879,2012,2013,7
2669889,2011,2013,7
2669900,2011,2013,7
2669910,2013,2013,6
2669920,2013,2013,6
2669930,2012,2013,6
2669941,2018,2013,6
2669951,2012,2013,6
2669961,2012,2013,6
2669971,2010,2013,6
2669981,2012,2013,6
2669992,2013,2013,6
2670002,2014,2013,6
2670012,2012,2013,6
2670022,2015,2013,6
2670032,2014,2013,6
2670043,2014,2013,6
2670053,2015,2013,6
2670063,2014,2013,6
2670073,2014,2013,6
2670083,2013,2013,6
2670094,2013,2013,6
2670104,2013,2013,6
2670114,2011,2013,6
2670124,2012,2013,6
2670134,2012,2013,6
2670145,2019,2013,6
2670155,2015,2013,6
2670165,2013,2013,6
2670175,2012,2013,6
2670186,2011,2013,6
2670196,2012,2013,6
2670206,2012,2013,6
2670216,2012,2013,6
2670226,2014,2013,6
2670237,2013,2013,5
2670247,2013,2013,5
2670257,2015,2013,5
2670267,2016,2013,5
2670277,2016,2013,5
2670288,2015,2013,5
2670298,2014,2013,5
2670308,2014,2013,5
2670318,2014,2013,5
2670328,2016,2013,5
2670339,2024,2013,6
2670349,2012,2013,6
2670359,2014,2013,6
2670369,2014,2013,6
2670380,2015,2013,6
2670390,2015,2013,6
2670400,2011,2013,6
2670410,2014,2013,6
2670421,2014,2013,6
2670431,2011,2013,6
2670441,2012,2013,6
2670451,2016,2013,6
2670461,2013,2013,6
2670472,2013,2013,6
2670482,2015,2013,6
2670492,2016,2013,6
2670502,2015,2013,6
2670512,2013,2013,6
2670523,2017,2013,6
2670533,2014,2013,6
SIM
2670553,780,757,27
2670563,751,756,27
2670574,760,756,27
2670584,753,756,28
2670594,757,756,27
2670604,762,756,27
2670614,750,756,27
2670625,761,756,28
2670635,757,756,27
2670645,754,756,27
2670655,763,756,27
2670665,751,756,27
2670676,761,756,27
2670686,762,756,27
2670696,750,756,27
2670706,762,756,27
2670716,751,756,28
2670727,758,756,27
2670737,762,757,26
2670747,749,756,27
2670757,761,756,28
2670767,754,756,28
2670778,756,756,27
2670788,763,757,26
2670798,750,756,27
2670808,760,756,27
2670818,759,756,27
2670829,753,756,27
2670839,762,756,27
2670849,749,756,27
2670859,758,756,27
2670870,761,756,27
2670880,750,756,27
2670890,762,756,28
2670900,753,756,28
2670910,758,756,27
2670921,762,756,27
2670931,751,756,28
2670941,762,756,28
2670951,758,756,28
2670961,755,756,27
2670972,763,757,26
2670982,750,756,28
2670992,759,756,28
2671002,760,757,26
2671012,751,756,27
2671023,762,757,26
2671033,751,756,28
2671043,758,756,27
2671053,762,757,26
2671063,749,756,27
2671074,761,756,28
2671084,754,756,28
2671094,757,756,27
2671104,763,757,26
2671115,750,756,28
2671125,761,756,28
2671135,758,757,27
2671145,754,756,27
2671155,762,757,26
2671166,751,757,27
2671176,760,756,28
2671186,762,757,26
2671196,751,757,26
2671206,762,757,27
2671217,752,757,27
2671227,758,757,27
2671237,763,757,26
2671247,748,757,27
2671257,760,757,27
2671268,754,757,27
2671278,754,756,28
2671288,761,757,27
2671298,748,756,28
2671308,758,756,28
2671319,759,757,27
2671329,752,756,27
2671339,762,756,28
2671349,751,756,28
2671359,759,756,28
2671370,760,757,26
2671380,750,756,27
2671390,762,756,28
2671400,753,756,28
2671411,755,756,27
2671421,761,756,27
2671431,749,756,28
2671441,761,756,28
2671451,758,756,28
2671462,753,756,27
2671472,762,756,27
2671482,750,756,27
2671492,760,756,27
2671502,762,756,27
2671513,753,756,27
2671523,763,756,28
2671533,751,756,28
2671543,758,756,27
2671553,761,756,27
2671564,748,756,28
2671574,761,756,28
2671584,753,756,28
2671594,756,756,27
2671604,761,756,27
2671615,749,756,28
2671625,760,756,28
2671635,759,756,28
2671645,753,756,27
2671655,764,756,28
2671666,751,756,28
2671676,760,756,28
2671686,761,756,28
2671696,749,756,28
2671707,761,756,28
2671717,752,756,28
2671727,758,756,28
2671737,762,756,28
2671747,750,756,28
2671758,761,756,28
2671768,756,756,28
RIM
2671788,730,726,14
2671798,721,726,14
2671809,730,726,14
2671819,731,726,14
2671829,725,726,14
2671839,730,726,14
2671849,722,726,14
2671860,726,726,14
2671870,729,726,14
2671880,721,726,14
2671890,729,726,14
2671900,724,726,14
2671911,726,726,14
2671921,730,726,14
2671931,720,726,14
2671941,727,726,14
2671951,726,726,14
2671962,721,726,14
2671972,729,726,14
2671982,721,726,14
2671992,727,726,14
2672002,730,726,14
2672013,721,726,14
2672023,728,726,14
2672033,722,726,14
2672043,727,726,14
2672053,729,726,13
2672064,724,726,13
2672074,733,726,14
2672084,728,726,14
2672094,727,726,14
2672104,733,726,14
2672115,724,726,14
2672125,732,726,14
2672135,731,726,14
2672145,727,726,14
2672155,733,726,14
2672166,725,726,14
2672176,730,726,14
2672186,733,726,15
2672196,725,726,15
2672206,733,726,15
2672217,725,726,15
2672227,728,726,15
2672237,729,726,15
2672247,720,726,15
2672257,729,726,15
2672268,725,726,15
2672278,723,726,15
2672288,733,726,15
2672298,724,726,15
2672309,729,726,15
2672319,731,726,15
2672329,725,726,15
2672339,730,726,15
2672349,723,726,15
2672360,727,726,15
2672370,729,726,15
2672380,719,726,15
2672390,729,726,15
2672400,724,726,15
2672411,733,726,15
2672421,734,727,14
2672431,723,727,14
2672441,731,727,15
2672452,730,727,15
2672462,726,727,15
2672472,733,727,14
2672482,721,727,15
2672492,727,727,15
2672503,729,727,15
2672513,721,727,15
2672523,730,727,15
2672533,723,727,15
2672543,726,727,15
2672554,730,727,15
2672564,718,727,15
2672574,727,727,15
2672584,725,727,15
2672594,723,727,15
2672605,728,727,15
2672615,720,727,15
2672625,727,727,15
2672635,728,727,15
2672645,722,727,15
2672656,729,727,15
2672666,721,727,15
2672676,727,727,15
2672686,729,727,15
2672696,720,727,15
2672707,733,727,15
2672717,727,727,15
2672727,728,727,15
2672737,731,727,15
2672747,723,727,15
2672758,732,727,15
2672768,729,727,15
2672778,729,727,15
2672788,734,727,16
2672798,725,727,15
2672809,731,727,15
2672819,732,727,16
2672829,726,727,15
2672839,732,727,16
2672849,727,727,16
2672860,727,727,15
2672870,730,727,15
2672880,720,727,16
2672890,729,727,16
2672900,724,727,16
2672911,725,727,16
2672921,728,727,15
2672931,720,727,15
2672941,728,727,15
2672952,727,727,15
2672962,725,726,16
2672972,733,727,15
2672982,724,727,15
2672992,730,726,16
2673003,733,727,15
OSM
2673024,2000,2013,6
2673034,2010,2013,6
2673044,2014,2013,6
2673054,2014,2013,6
2673065,2014,2013,6
2673075,2012,2013,6
2673085,2012,2013,6
2673095,2012,2013,6
2673105,2013,2013,6
2673116,2010,2013,6
2673126,2011,2013,5
2673136,2014,2013,5
2673146,2011,2013,5
2673156,2013,2013,5
2673167,2014,2013,5
2673177,2014,2013,5
2673187,2017,2013,5
2673197,2017,2013,5
2673208,2012,2013,5
2673218,2016,2013,6
2673228,2012,2013,6
2673238,2027,2013,7
2673248,2013,2013,7
2673259,2012,2013,7
2673269,2028,2013,8
2673279,2015,2013,8
2673289,2015,2013,8
2673299,2015,2013,8
2673310,2016,2013,9
2673320,2015,2013,9
2673330,2014,2013,9
2673340,2012,2013,9
2673350,2022,2013,9
2673361,2012,2013,9
2673371,2009,2013,9
2673381,2011,2013,9
2673391,2012,2013,9
2673401,2012,2013,9
2673412,2016,2013,9
2673422,2016,2013,9
2673432,2014,2013,9
2673442,2015,2013,9
2673452,2015,2013,9
2673463,2014,2013,9
2673473,2016,2013,10
2673483,2013,2013,10
2673493,2010,2013,10
2673504,2013,2013,10
2673514,2020,2013,10
2673524,2012,2013,10
2673534,2014,2013,10
2673544,2013,2013,10
2673555,2014,2013,10
2673565,2012,2013,10
2673575,2011,2013,10
2673585,2014,2013,10
2673595,2012,2013,10
2673606,2015,2013,10
2673616,2015,2013,10
2673626,2028,2013,12
2673636,2014,2013,12
2673647,2015,2013,12
2673657,2012,2013,12
2673667,2010,2013,12
2673677,2014,2013,12
2673687,2015,2013,12
2673698,2015,2013,12
2673708,2014,2013,12
2673718,2014,2014,11
2673728,2013,2013,12
2673738,2013,2013,12
2673749,2010,2013,12
2673759,2012,2013,12
2673769,2013,2013,12
2673779,2015,2013,12
2673789,2015,2013,12
2673800,2016,2013,12
2673810,2013,2013,12
2673820,2013,2013,12
2673830,2011,2013,12
2673841,2011,2013,12
2673851,2013,2013,11
2673861,2014,2013,11
2673871,2018,2013,12
2673881,2013,2013,12
2673892,2013,2013,12
2673902,2011,2013,12
2673912,2012,2013,12
2673922,2014,2013,12
2673932,2012,2013,12
2673943,2014,2013,12
2673953,2015,2013,12
2673963,2014,2013,12
2673973,2014,2013,12
2673984,2011,2013,12
2673994,2012,2013,12
2674004,2024,2013,13
2674014,2012,2013,13
2674024,2011,2013,13
2674035,2011,2013,13
2674045,2012,2013,12
2674055,2013,2013,11
2674065,2016,2013,12
2674075,2015,2013,12
2674086,2015,2013,12
2674096,2014,2013,12
2674106,2014,2013,12
2674116,2012,2013,12
2674127,2013,2013,12
2674137,2014,2013,12
2674147,2013,2013,11
2674157,2013,2013,11
2674167,2014,2013,11
2674178,2012,2013,11
2674188,2024,2013,12
2674198,2013,2013,12
2674208,2013,2013,12
2674218,2013,2013,12
2674229,2015,2013,12
2674239,2015,2013,12
SIM
2674259,776,756,27
2674269,764,756,27
2674280,749,756,27
2674290,762,756,27
2674300,754,756,27
2674310,758,756,27
2674320,763,757,26
2674331,751,756,27
2674341,761,756,27
2674351,758,756,27
2674361,755,756,27
2674372,762,757,26
2674382,750,756,27
2674392,757,756,27
2674402,761,756,27
2674412,751,756,27
2674423,762,756,27
2674433,752,756,27
2674443,758,756,27
2674453,763,757,26
2674463,750,756,27
2674474,762,756,27
2674484,754,756,27
2674494,755,756,27
2674504,762,757,26
2674514,750,756,27
2674525,759,756,27
2674535,758,756,27
2674545,751,756,27
2674555,762,756,27
2674565,750,756,27
2674576,758,756,27
2674586,762,756,27
2674596,749,756,27
2674606,760,756,27
2674616,752,756,27
2674627,758,756,27
2674637,764,756,27
2674647,749,756,27
2674657,760,756,27
2674668,756,756,27
2674678,754,756,27
2674688,762,756,27
2674698,751,756,27
2674708,760,756,27
2674719,760,756,27
2674729,752,756,27
2674739,764,756,27
2674749,752,756,27
2674759,759,756,27
2674770,763,756,27
2674780,749,756,27
2674790,760,756,27
2674800,754,756,27
2674810,757,756,27
2674821,761,756,27
2674831,748,756,27
2674841,759,756,27
2674851,758,756,27
2674861,753,756,27
2674872,762,756,27
2674882,750,756,27
2674892,759,756,27
2674902,762,756,27
2674913,752,756,27
2674923,762,756,27
2674933,753,756,27
2674943,757,756,27
2674953,763,756,27
2674964,750,756,27
2674974,760,756,27
2674984,755,756,27
2674994,754,756,27
2675004,764,756,27
2675015,750,756,27
2675025,760,756,27
2675035,760,756,27
2675045,754,756,27
2675055,763,757,26
2675066,752,756,27
2675076,760,756,27
2675086,762,757,26
2675096,749,756,27
2675106,761,757,26
2675117,752,756,27
2675127,758,756,27
2675137,761,757,26
2675147,749,756,27
2675157,761,756,27
2675168,757,757,26
2675178,754,756,27
2675188,762,757,26
2675198,752,756,27
2675208,759,756,27
2675219,762,757,26
2675229,751,756,27
2675239,763,757,26
2675249,752,756,27
2675260,757,756,27
2675270,762,757,26
2675280,748,756,27
2675290,760,757,26
2675300,754,756,27
2675311,755,756,27
2675321,761,757,26
2675331,751,756,27
2675341,760,756,27
2675351,760,757,26
2675362,752,756,26
2675372,762,757,25
2675382,751,756,27
2675392,758,756,26
2675402,761,757,25
2675413,750,756,26
2675423,760,757,25
2675433,752,756,26
2675443,756,756,26
2675453,762,757,25
2675464,749,756,26
2675474,762,756,27
RIM
2675494,728,727,15
2675504,733,727,15
2675515,723,727,15
2675525,729,727,15
2675535,729,727,15
2675545,721,727,15
2675555,730,727,15
2675566,723,727,15
2675576,726,727,15
2675586,730,727,15
2675596,721,727,15
2675606,728,727,15
2675617,723,727,15
2675627,725,727,15
2675637,729,727,15
2675647,720,727,15
2675657,728,727,15
2675668,729,727,15
2675678,726,727,15
2675688,734,727,15
2675698,724,727,15
2675709,730,727,15
2675719,733,727,15
2675729,724,727,15
2675739,732,727,15
2675749,725,727,15
2675760,729,727,15
2675770,733,727,16
2675780,724,727,15
2675790,730,727,15
2675800,726,727,15
2675811,724,727,15
2675821,729,727,15
2675831,721,727,15
2675841,728,727,15
2675851,727,727,15
2675862,722,727,15
2675872,730,727,15
2675882,720,727,15
2675892,730,726,16
2675902,734,727,15
2675913,724,726,16
2675923,732,727,15
2675933,726,727,15
2675943,730,727,15
2675953,733,727,15
2675964,722,727,16
2675974,728,727,16
2675984,726,727,15
2675994,724,727,15
2676004,730,727,15
2676015,721,727,15
2676025,727,727,15
2676035,728,727,15
2676045,721,726,16
2676055,728,727,15
2676066,722,726,17
2676076,726,726,16
2676086,729,727,15
2676096,720,726,16
2676106,728,726,16
2676117,726,726,16
2676127,728,726,15
2676137,733,726,16
2676147,724,726,16
2676158,731,726,16
2676168,730,726,16
2676178,726,726,15
2676188,733,726,16
2676198,726,726,16
2676209,733,727,15
2676219,732,727,15
2676229,726,727,15
2676239,733,727,15
2676249,726,727,15
2676260,731,727,15
2676270,732,727,14
2676280,721,727,15
2676290,729,727,15
2676300,724,727,15
2676311,725,727,15
2676321,729,727,14
2676331,722,727,15
2676341,727,727,15
2676351,726,727,14
2676362,722,727,15
2676372,728,727,14
2676382,721,727,15
2676392,726,727,15
2676402,729,727,14
2676413,720,727,14
2676423,728,727,14
2676433,725,727,14
2676443,728,727,14
2676453,732,727,14
2676464,723,727,14
2676474,730,727,14
2676484,730,727,14
2676494,727,727,14
2676504,734,727,14
2676515,723,727,14
2676525,728,727,14
2676535,728,727,14
2676545,721,727,14
2676555,730,727,14
2676566,721,726,15
2676576,726,726,15
2676586,730,727,14
2676596,718,726,16
2676606,727,726,16
2676617,723,726,16
2676627,724,726,16
2676637,729,726,15
2676647,719,726,16
2676657,727,726,16
2676668,729,726,16
