Polling for available serial device...
Opening serial monitor for com port: "/dev/ttyACM0"
Serial monitor opened successfully:
1636893,737,739,32
1636903,737,739,28
1636913,743,739,24
1636923,738,739,21
1636933,738,738,20
1636944,736,738,17
1636954,737,738,15
1636964,737,738,13
1636974,735,738,11
1636984,736,738,8
1636995,735,737,7
1637005,737,737,5
1637015,737,737,3
1637025,736,737,2
1637035,737,737,2
1637046,736,737,2
1637056,737,737,2
1637066,739,737,2
1637076,737,737,2
1637086,738,737,2
1637097,738,737,2
1637107,736,737,2
1637117,737,737,2
1637127,736,737,2
1637137,736,737,2
1637148,736,737,2
1637158,736,737,2
1637168,738,737,2
1637178,736,737,2
1637188,738,737,2
1637199,737,737,2
1637209,736,737,2
1637219,737,737,2
1637229,736,737,2
1637239,736,737,2
1637250,737,737,2
1637260,735,737,2
1637270,738,737,2
1637280,737,737,2
1637290,736,737,2
1637301,737,737,2
1637311,735,737,2
1637321,737,737,2
1637331,736,737,2
1637341,736,737,2
1637352,737,737,2
1637362,735,737,2
1637372,740,737,2
1637382,739,737,2
1637392,740,737,2
1637403,738,737,2
1637413,736,737,2
1637423,737,737,2
1637433,742,737,2
1637443,739,737,2
1637454,737,737,2
1637464,736,737,2
1637474,737,737,2
1637484,738,737,2
1637494,740,737,2
1637505,737,737,2
1637515,737,737,2
1637525,737,737,2
1637535,741,737,2
1637545,740,737,2
1637556,737,737,2
1637566,737,737,2
1637576,736,737,2
1637586,741,737,2
SIM
1637607,807,791,6
1637617,796,791,6
1637627,787,791,6
1637637,792,791,6
1637647,790,791,6
1637658,793,791,6
1637668,796,791,6
1637678,789,791,6
1637688,793,791,6
1637698,793,791,6
1637709,790,791,6
1637719,795,791,7
1637729,791,791,6
1637739,792,791,6
1637749,794,791,7
1637760,789,791,7
1637770,795,791,7
1637780,791,791,7
1637790,793,791,7
1637800,794,791,7
1637811,789,791,7
1637821,793,791,7
1637831,791,791,7
1637841,790,791,7
1637851,793,791,7
1637862,788,791,7
1637872,791,791,7
1637882,793,791,7
1637892,789,791,7
1637902,792,791,7
1637913,789,791,7
1637923,792,791,7
1637933,793,791,7
1637943,787,791,7
1637953,792,791,7
1637964,790,791,7
1637974,792,791,7
1637984,793,791,7
1637994,789,791,7
1638005,793,791,7
1638015,792,791,7
1638025,791,791,7
1638035,795,791,7
1638045,791,791,7
1638056,792,791,7
1638066,794,791,7
1638076,790,791,7
1638086,795,791,7
1638096,792,791,7
1638107,793,791,7
1638117,795,791,7
1638127,790,791,7
1638137,795,791,7
1638147,793,791,7
1638158,792,791,7
1638168,796,791,7
1638178,790,791,7
1638188,796,791,7
1638198,794,791,7
1638209,790,791,7
1638219,796,791,7
1638229,791,791,7
1638239,794,791,7
1638249,795,792,6
1638260,791,792,6
1638270,795,792,6
1638280,791,792,6
1638290,794,792,6
1638300,796,792,7
1638311,792,792,6
1638321,795,792,7
1638331,793,792,6
1638341,793,792,6
1638351,796,792,7
1638362,790,792,7
1638372,794,792,7
1638382,795,792,7
1638392,791,792,7
1638402,795,792,7
1638413,790,792,7
1638423,793,792,7
1638433,795,792,7
1638443,791,792,7
1638453,795,792,7
1638464,793,792,7
1638474,793,792,7
1638484,794,792,7
1638494,790,792,6
1638504,796,792,7
1638515,793,792,7
1638525,792,792,7
1638535,796,792,7
1638545,791,792,7
1638555,794,792,7
1638566,796,792,7
1638576,790,792,7
1638586,795,792,7
1638596,791,792,7
1638606,795,792,7
1638617,795,792,7
1638627,790,792,7
1638637,794,792,7
1638647,792,792,7
1638657,790,792,7
1638668,795,792,7
1638678,790,792,7
1638688,796,792,7
1638698,794,792,7
1638708,793,792,7
1638719,796,792,7
1638729,790,792,7
1638739,793,792,7
1638749,795,792,7
1638759,790,792,7
1638770,795,792,7
1638780,791,792,7
1638790,793,792,7
1638800,794,792,7
1638810,790,792,7
1638821,794,792,7
RIM
1638841,749,736,6
1638851,742,736,6
1638861,737,736,6
1638871,739,736,6
1638882,740,737,5
1638892,736,737,5
1638902,741,737,5
1638912,736,737,5
1638922,740,737,5
1638933,741,737,5
1638943,736,737,5
1638953,740,737,5
1638963,739,737,5
1638973,738,737,5
1638984,740,737,5
1638994,736,737,5
1639004,740,737,5
1639014,739,737,5
1639024,737,737,5
1639035,737,737,5
1639045,733,737,5
1639055,735,737,5
1639065,737,737,5
1639075,734,737,5
1639086,738,737,5
1639096,734,737,5
1639106,736,737,5
1639116,737,737,5
1639126,733,737,6
1639137,737,737,5
1639147,735,737,5
1639157,735,737,5
1639167,738,737,5
1639177,733,737,5
1639188,736,737,5
1639198,736,737,5
1639208,734,736,6
1639218,737,736,6
1639228,733,736,6
1639239,737,736,6
1639249,737,736,6
1639259,733,736,6
1639269,737,736,6
1639279,735,736,6
1639290,735,736,6
1639300,737,736,6
1639310,732,736,6
1639320,737,736,6
1639330,736,736,6
1639341,735,736,6
1639351,737,736,6
1639361,733,736,6
1639371,736,736,6
1639381,737,736,6
1639392,734,736,6
1639402,737,736,6
1639412,733,736,6
1639422,737,736,6
1639432,737,736,6
1639443,733,736,6
1639453,736,736,6
1639463,735,736,6
1639473,736,736,6
1639483,737,736,6
1639494,734,736,6
1639504,737,736,6
1639514,736,736,6
1639524,735,736,6
1639534,737,736,6
1639545,734,736,6
1639555,737,736,6
1639565,737,736,6
1639575,734,736,6
1639585,737,736,6
1639596,734,736,6
1639606,736,736,6
1639616,737,736,6
1639626,733,736,6
1639636,736,736,6
1639647,735,736,6
1639657,736,736,6
1639667,738,736,6
1639677,733,736,6
1639687,736,736,6
1639698,736,736,6
1639708,735,736,6
1639718,737,736,6
1639728,734,736,6
1639738,736,736,5
1639749,737,736,5
1639759,732,736,6
1639769,737,736,6
1639779,734,736,6
1639789,736,736,6
1639800,737,736,5
1639810,733,736,6
1639820,737,736,5
1639830,736,736,5
1639840,735,736,5
1639851,738,736,5
1639861,733,736,6
1639871,737,736,5
1639881,737,736,5
1639891,734,736,5
1639902,737,736,5
1639912,734,736,5
1639922,737,736,5
1639932,737,736,5
1639942,733,736,5
1639953,737,736,5
1639963,734,736,5
1639973,735,736,5
1639983,737,736,5
1639993,732,736,5
1640004,737,736,5
1640014,735,736,5
1640024,735,736,5
1640034,738,736,5
1640044,733,736,5
1640055,736,736,5
OSM
1640076,732,737,2
1640086,733,737,2
1640096,734,737,2
1640106,738,737,2
1640117,733,737,2
1640127,733,737,3
1640137,733,737,3
1640147,733,737,3
1640157,734,737,3
1640168,735,736,4
1640178,733,736,4
1640188,734,736,4
1640198,735,736,4
1640208,734,736,4
1640219,735,736,4
1640229,733,736,4
1640239,735,736,4
1640249,735,736,4
1640259,734,736,4
1640270,735,736,4
1640280,734,736,4
1640290,734,736,4
1640300,735,736,4
1640310,733,736,4
1640321,735,736,4
1640331,734,736,4
1640341,733,736,4
1640351,734,736,4
1640361,734,736,4
1640372,735,736,4
1640382,736,736,4
1640392,733,736,4
1640402,736,736,4
1640412,734,736,4
1640423,734,736,4
1640433,735,736,4
1640443,733,736,4
1640453,734,736,4
1640463,734,736,4
1640474,734,736,4
1640484,735,736,4
1640494,733,736,4
1640504,735,736,4
1640514,735,736,4
1640525,734,736,4
1640535,735,736,4
1640545,733,736,4
1640555,734,736,4
1640565,735,736,4
1640576,732,735,5
1640586,735,735,5
1640596,734,735,5
1640606,735,735,5
1640616,736,735,4
1640627,733,735,4
1640637,735,735,4
1640647,734,735,4
1640657,732,735,4
1640667,733,735,4
1640678,733,735,4
1640688,734,735,4
1640698,735,735,4
1640708,734,735,4
1640718,736,735,4
1640729,734,735,4
1640739,734,735,4
1640749,735,735,4
1640759,734,735,4
1640769,736,735,4
1640780,735,735,4
1640790,734,735,4
1640800,736,735,4
1640810,734,735,4
1640820,736,735,4
1640831,735,735,4
1640841,735,735,4
1640851,736,735,4
1640861,734,735,4
1640871,736,735,4
1640882,735,735,4
1640892,733,735,4
1640902,736,735,4
1640912,735,735,4
1640922,735,735,4
1640933,735,735,4
1640943,733,735,4
1640953,735,735,3
1640963,735,735,3
1640973,736,735,3
1640984,735,735,3
1640994,734,735,3
1641004,736,735,3
1641014,736,735,3
1641024,736,735,3
1641035,736,735,3
1641045,734,735,3
1641055,735,735,3
1641065,737,735,3
1641075,735,735,3
1641086,736,735,3
1641096,734,735,3
1641106,736,735,3
1641116,737,735,3
1641126,734,735,3
1641137,735,734,3
1641147,735,734,3
1641157,735,734,3
1641167,736,734,3
1641177,733,734,3
1641188,735,734,3
1641198,735,734,2
1641208,733,734,2
1641218,735,734,2
1641228,734,734,2
1641239,733,734,2
1641249,735,734,2
1641259,733,734,2
1641269,735,734,1
1641279,734,734,1
1641290,733,734,1
SIM
1641310,806,792,6
1641320,796,792,6
1641330,791,792,6
1641340,791,792,6
1641351,796,792,6
1641361,790,792,6
1641371,794,792,6
1641381,794,792,6
1641392,791,792,6
1641402,796,792,6
1641412,791,792,6
1641422,794,792,6
1641432,793,792,6
1641443,791,792,6
1641453,793,792,6
1641463,790,792,6
1641473,792,792,6
1641483,795,792,6
1641494,789,792,6
1641504,794,792,6
1641514,791,792,6
1641524,791,792,6
1641534,794,792,6
1641545,789,792,6
1641555,794,792,6
1641565,793,792,6
1641575,791,792,6
1641585,794,792,6
1641596,790,792,6
1641606,792,792,6
1641616,795,792,6
1641626,790,792,6
1641636,795,792,6
1641647,791,792,6
1641657,792,792,6
1641667,794,792,6
1641677,789,792,6
1641687,794,792,6
1641698,794,792,6
1641708,790,792,6
1641718,795,792,6
1641728,791,792,6
1641738,793,792,6
1641749,794,793,5
1641759,791,792,6
1641769,795,793,5
1641779,791,793,5
1641789,805,793,6
1641800,806,793,8
1641810,790,793,8
1641820,794,793,8
1641830,793,793,8
1641840,792,793,8
1641851,795,793,8
1641861,790,793,8
1641871,794,793,8
1641881,794,793,8
1641891,791,793,8
1641902,793,793,8
1641912,789,793,8
1641922,793,793,8
1641932,794,793,8
1641942,790,793,8
1641953,794,793,8
1641963,791,793,8
1641973,793,793,8
1641983,795,793,8
1641993,789,793,8
1642004,794,793,8
1642014,791,793,8
1642024,791,793,8
1642034,794,793,8
1642044,791,793,8
1642055,793,792,9
1642065,794,793,8
1642075,791,792,9
1642085,794,792,9
1642095,791,792,9
1642106,793,792,9
1642116,795,793,8
1642126,790,792,9
1642136,794,792,9
1642146,791,792,9
1642157,793,792,8
1642167,794,792,8
1642177,789,792,9
1642187,795,792,9
1642197,793,792,9
1642208,790,792,8
1642218,795,792,9
1642228,790,792,9
1642238,794,792,8
1642248,795,792,9
1642259,790,792,9
1642269,794,792,8
1642279,790,792,8
1642289,793,792,8
1642299,793,792,8
1642310,789,792,8
1642320,794,792,8
1642330,791,792,8
1642340,792,792,8
1642350,797,792,8
1642361,789,792,9
1642371,794,792,8
1642381,794,792,8
1642391,791,792,8
1642401,794,792,8
1642412,790,792,8
1642422,793,792,8
1642432,795,792,8
1642442,790,792,8
1642452,795,792,8
1642463,790,792,8
1642473,793,792,8
1642483,795,792,8
1642493,788,792,8
1642503,794,792,8
1642514,792,792,8
1642524,791,792,8
RIM
1642544,750,736,5
1642554,744,736,5
1642564,742,736,6
1642575,737,736,6
1642585,741,736,6
1642595,736,736,6
1642605,739,736,6
1642615,740,736,6
1642626,737,736,6
1642636,742,736,6
1642646,739,736,6
1642656,739,736,6
1642667,742,736,6
1642677,737,736,6
1642687,740,736,6
1642697,740,736,6
1642707,738,736,6
1642718,742,736,6
1642728,738,736,6
1642738,741,736,6
1642748,741,736,7
1642758,737,736,7
1642769,742,736,7
1642779,737,736,7
1642789,741,736,7
1642799,742,736,7
1642809,736,736,7
1642820,741,736,7
1642830,738,736,7
1642840,740,736,8
1642850,742,736,8
1642860,736,736,8
1642871,741,736,8
1642881,739,736,8
1642891,737,736,8
1642901,741,736,8
1642911,737,736,8
1642922,740,736,8
1642932,741,736,8
1642942,736,736,8
1642952,741,736,9
1642962,737,736,9
1642973,739,737,8
1642983,741,737,8
1642993,736,737,8
1643003,740,737,8
1643013,738,737,8
1643024,739,737,8
1643034,741,737,8
1643044,736,737,8
1643054,740,737,8
1643064,740,737,8
1643075,738,737,8
1643085,740,737,8
1643095,737,737,8
1643105,740,737,8
1643115,741,737,8
1643126,737,737,8
1643136,741,737,8
1643146,738,737,8
1643156,741,737,8
1643166,741,737,8
1643177,737,737,8
1643187,739,737,8
1643197,739,737,8
1643207,737,737,8
1643217,740,737,8
1643228,737,737,8
1643238,740,737,8
1643248,741,737,8
1643258,738,737,8
1643268,741,737,8
1643279,737,737,8
1643289,739,737,8
1643299,741,737,8
1643309,735,737,8
1643319,740,737,8
1643330,739,738,7
1643340,739,738,7
1643350,743,738,7
1643360,736,738,7
1643370,742,738,8
1643381,740,738,7
1643391,737,738,7
1643401,741,738,7
1643411,736,738,7
1643421,740,738,7
1643432,742,738,7
1643442,737,738,7
1643452,741,738,7
1643462,737,738,7
1643472,739,738,7
1643483,743,738,7
1643493,736,738,7
1643503,741,738,7
1643513,739,738,7
1643523,739,738,7
1643534,743,738,7
1643544,736,738,7
1643554,740,738,7
1643564,741,738,7
1643574,738,738,7
1643585,743,738,7
1643595,736,738,7
1643605,739,738,7
1643615,741,738,7
1643625,736,738,7
1643636,742,738,7
1643646,737,739,6
1643656,738,739,6
1643666,742,739,6
1643676,735,739,6
1643687,740,739,6
1643697,739,739,6
1643707,737,739,6
1643717,740,739,5
1643727,736,739,5
1643738,740,739,5
1643748,740,739,5
1643758,736,739,5
OSM
1643779,722,734,2
1643789,722,734,3
1643799,723,734,4
1643810,728,734,5
1643820,737,734,5
1643830,722,734,6
1643840,722,733,8
1643850,722,733,9
1643861,721,733,10
1643871,723,733,11
1643881,724,733,12
1643891,723,733,12
1643901,724,733,13
1643912,723,733,14
1643922,725,733,14
1643932,722,733,15
1643942,721,733,17
1643952,724,732,18
1643963,726,732,18
1643973,723,732,19
1643983,722,732,20
1643993,722,732,21
1644003,725,732,21
1644014,721,732,22
1644024,721,732,23
1644034,721,732,24
1644044,720,732,25
1644054,722,731,27
1644065,723,731,27
1644075,721,731,28
1644085,724,731,28
1644095,722,731,29
1644105,724,731,29
1644116,723,731,29
1644126,722,731,30
1644136,723,731,30
1644146,722,731,31
1644156,721,730,33
1644167,723,730,33
1644177,722,730,33
1644187,725,730,33
1644197,725,730,34
1644207,724,730,34
1644218,725,730,34
1644228,723,730,34
1644238,724,730,34
1644248,724,730,34
1644258,722,730,35
1644269,724,730,35
1644279,722,729,36
1644289,725,729,36
1644299,727,729,36
1644309,725,729,36
1644320,726,729,35
1644330,726,729,35
1644340,727,729,35
1644350,727,729,35
1644360,723,729,35
1644371,725,729,35
1644381,727,729,35
1644391,726,729,35
1644401,728,729,34
1644411,728,729,34
1644422,727,728,35
1644432,729,728,34
1644442,726,728,34
1644452,727,728,34
1644462,726,728,34
1644473,727,728,33
1644483,728,728,33
1644493,725,728,32
1644503,728,728,32
1644513,728,728,32
1644524,727,728,31
1644534,729,728,31
1644544,728,728,30
1644554,728,728,30
1644564,729,728,29
1644575,727,728,29
1644585,730,728,29
1644595,727,727,29
1644605,728,727,29
1644615,727,727,28
1644626,724,727,28
1644636,727,727,27
1644646,726,727,27
1644656,727,727,26
1644666,727,727,26
1644677,725,727,25
1644687,726,727,25
1644697,727,727,24
1644707,725,727,23
1644717,728,727,23
1644728,725,727,22
1644738,726,726,22
1644748,726,726,22
1644758,727,726,21
1644768,732,726,20
1644779,727,726,20
1644789,728,726,19
1644799,728,726,18
1644809,726,726,18
1644819,728,726,17
1644830,727,726,16
1644840,726,726,15
1644850,730,726,15
1644860,728,726,14
1644870,731,726,14
1644881,730,726,13
1644891,729,726,13
1644901,732,726,12
1644911,729,725,13
1644921,730,725,12
1644932,731,725,12
1644942,733,725,12
1644952,734,725,12
1644962,729,725,11
1644972,730,725,11
1644983,729,725,10
1644993,727,725,10
SIM
1645013,811,792,10
1645023,795,792,10
1645034,796,792,10
1645044,790,792,10
1645054,795,792,10
1645064,793,792,10
1645074,791,792,10
1645085,794,792,10
1645095,791,792,10
1645105,792,792,10
1645115,797,792,10
1645125,790,792,10
1645136,794,792,10
1645146,790,792,10
1645156,792,792,10
1645166,794,792,10
1645177,788,792,10
1645187,793,792,10
1645197,791,792,10
1645207,790,792,10
1645217,795,792,10
1645228,791,792,10
1645238,793,792,10
1645248,794,792,10
1645258,790,792,10
1645268,795,792,10
1645279,790,792,10
1645289,793,792,10
1645299,796,792,10
1645309,788,792,10
1645319,794,792,10
1645330,791,792,10
1645340,790,792,10
1645350,793,792,10
1645360,787,792,10
1645370,793,792,10
1645381,793,792,10
1645391,790,792,10
1645401,795,792,10
1645411,790,792,10
1645422,794,792,10
1645432,796,792,10
1645442,788,792,10
1645452,794,792,10
1645462,790,792,10
1645473,792,792,10
1645483,794,792,10
1645493,787,792,9
1645503,794,792,8
1645513,793,792,8
1645524,792,792,8
1645534,796,792,8
1645544,789,792,8
1645554,793,792,8
1645564,794,792,8
1645575,790,792,8
1645585,795,792,8
1645595,789,792,8
1645605,794,792,8
1645615,795,792,8
1645626,788,792,8
1645636,795,792,8
1645646,792,792,8
1645656,792,792,8
1645666,796,792,8
1645677,789,792,8
1645687,794,792,8
1645697,792,792,8
1645707,790,792,8
1645717,796,792,8
1645728,789,792,8
1645738,793,792,8
1645748,795,792,8
1645758,789,792,8
1645768,795,792,8
1645779,790,792,8
1645789,794,792,8
1645799,794,792,8
1645809,787,792,9
1645819,794,792,9
1645830,791,792,9
1645840,791,792,8
1645850,794,792,9
1645860,788,792,9
1645870,794,792,9
1645881,793,792,9
1645891,791,792,8
1645901,796,792,9
1645911,790,792,9
1645921,793,792,9
1645932,794,792,9
1645942,789,792,9
1645952,794,792,9
1645962,790,792,9
1645972,792,792,9
1645983,794,792,9
1645993,788,792,9
1646003,795,792,9
1646013,793,792,9
1646023,791,792,9
1646034,795,792,9
1646044,789,792,9
1646054,794,792,9
1646064,794,792,9
1646074,790,792,9
1646085,795,792,9
1646095,789,792,9
1646105,793,792,9
1646115,796,792,9
1646125,789,792,9
1646136,795,792,9
1646146,790,792,9
1646156,792,792,9
1646166,796,792,9
1646176,789,792,9
1646187,796,792,9
1646197,792,792,9
1646207,790,792,9
1646217,795,792,9
1646227,789,792,9
RIM
1646248,748,739,5
1646258,736,739,5
1646268,739,739,4
1646278,735,739,5
1646289,738,739,5
1646299,737,739,5
1646309,731,739,5
1646319,737,739,5
1646329,735,739,5
1646340,734,738,6
1646350,737,738,6
1646360,733,738,6
1646370,736,738,6
1646380,737,738,6
1646391,734,738,6
1646401,740,738,6
1646411,736,738,6
1646421,738,738,6
1646431,740,738,6
1646442,736,738,6
1646452,740,738,6
1646462,736,738,6
1646472,737,738,6
1646482,739,738,6
1646493,734,738,6
1646503,738,738,6
1646513,737,738,6
1646523,736,738,6
1646533,739,738,6
1646544,735,738,6
1646554,738,738,6
1646564,739,738,6
1646574,735,738,6
1646584,740,738,6
1646595,735,738,6
1646605,738,738,6
1646615,740,738,6
1646625,734,738,6
1646635,739,738,6
1646646,737,738,6
1646656,737,738,6
1646666,740,738,6
1646676,735,738,6
1646686,739,738,6
1646697,738,738,6
1646707,737,738,6
1646717,739,738,6
1646727,735,738,6
1646737,737,738,6
1646748,741,738,6
1646758,735,738,6
1646768,739,738,6
1646778,735,738,6
1646788,738,738,6
1646799,740,738,6
1646809,735,738,6
1646819,739,738,6
1646829,736,738,6
1646839,736,738,6
1646850,739,738,6
1646860,735,738,6
1646870,739,738,6
1646880,738,738,6
1646890,735,738,6
1646901,739,738,6
1646911,736,738,6
1646921,738,738,6
1646931,739,738,6
1646941,734,738,6
1646952,739,737,7
1646962,736,737,7
1646972,738,737,7
1646982,739,737,7
1646992,734,737,7
1647003,738,737,7
1647013,738,737,7
1647023,737,737,7
1647033,739,737,7
1647043,735,737,7
1647054,738,737,6
1647064,740,737,6
1647074,735,737,6
1647084,739,737,6
1647094,735,737,6
1647105,737,737,6
1647115,740,737,6
1647125,735,737,6
1647135,738,737,6
1647145,737,737,6
1647156,737,737,6
1647166,741,737,6
1647176,734,737,6
1647186,738,737,6
1647196,738,737,6
1647207,736,737,6
1647217,739,737,6
1647227,735,737,6
1647237,738,737,5
1647247,738,737,5
1647258,735,737,5
1647268,740,737,5
1647278,735,737,5
1647288,738,737,5
1647298,740,737,5
1647309,734,737,5
1647319,739,737,5
1647329,736,737,5
1647339,736,737,5
1647349,739,737,5
1647360,734,737,5
1647370,738,737,5
1647380,739,737,5
1647390,736,737,5
1647400,739,737,5
1647411,735,737,5
1647421,738,737,5
1647431,740,737,5
1647441,734,737,5
1647451,739,737,5
1647462,735,737,5
OSM
1647483,738,725,11
1647493,735,725,12
1647503,739,726,12
1647513,738,726,13
1647524,737,726,13
1647534,737,726,14
1647544,734,726,15
1647554,737,726,16
1647564,736,726,16
1647575,736,726,17
1647585,737,726,18
1647595,735,727,18
1647605,736,727,18
1647615,736,727,19
1647626,734,727,19
1647636,736,727,20
1647646,736,727,20
1647656,734,727,20
1647666,735,727,21
1647677,733,727,21
1647687,737,727,22
1647697,736,728,21
1647707,735,728,21
1647717,739,728,22
1647728,735,728,22
1647738,737,728,22
1647748,738,728,22
1647758,736,728,23
1647768,738,728,23
1647779,737,729,23
1647789,738,729,23
1647799,738,729,23
1647809,736,729,24
1647819,737,729,24
1647830,737,729,24
1647840,736,729,24
1647850,736,729,24
1647860,735,729,24
1647871,737,730,23
1647881,736,730,23
1647891,735,730,23
1647901,736,730,23
1647911,736,730,23
1647922,736,730,23
1647932,735,730,23
1647942,733,730,22
1647952,736,730,22
1647962,734,730,22
1647973,735,731,21
1647983,738,731,21
1647993,740,731,21
1648003,738,731,21
1648013,738,731,21
1648024,736,731,21
1648034,739,731,22
1648044,736,731,22
1648054,738,731,22
1648064,740,731,22
1648075,738,732,21
1648085,736,732,21
1648095,736,732,21
1648105,735,732,21
1648115,738,732,21
1648126,736,732,21
1648136,738,732,21
1648146,736,732,21
1648156,737,732,21
1648166,739,732,21
1648177,736,732,21
1648187,737,732,21
1648197,738,733,20
1648207,737,733,20
1648217,740,733,20
1648228,737,733,20
1648238,739,733,20
1648248,739,733,20
1648258,736,733,20
1648268,740,733,20
1648279,737,733,20
1648289,737,733,20
1648299,739,733,20
1648309,736,733,20
1648320,738,734,19
1648330,737,734,18
1648340,736,734,18
1648350,737,734,17
1648360,737,734,17
1648371,737,734,16
1648381,737,734,16
1648391,734,734,15
1648401,736,734,15
1648411,736,734,14
1648422,737,734,14
1648432,738,735,13
1648442,743,735,12
1648452,738,735,12
1648462,738,735,11
1648473,737,735,11
1648483,739,735,11
1648493,738,735,11
1648503,738,735,10
1648513,739,735,10
1648524,737,735,9
1648534,738,735,9
1648544,737,736,7
1648554,738,736,7
1648564,739,736,6
1648575,735,736,6
1648585,737,736,6
1648595,736,736,6
1648605,737,736,5
1648615,738,736,5
1648626,736,736,5
1648636,739,736,5
1648646,737,736,5
1648656,736,736,4
1648666,739,736,4
1648677,735,736,4
1648687,738,736,3
1648697,738,736,3
SIM
1648717,812,792,9
1648728,791,792,9
1648738,792,792,9
1648748,794,792,9
1648758,789,792,9
1648768,795,792,9
1648779,790,792,9
1648789,792,792,9
1648799,796,792,9
1648809,789,792,9
1648819,794,792,9
1648830,793,792,9
1648840,791,792,9
1648850,795,792,9
1648860,788,792,9
1648870,793,792,9
1648881,795,792,9
1648891,789,792,9
1648901,794,792,9
1648911,789,792,9
1648921,791,792,9
1648932,793,792,9
1648942,788,792,9
1648952,794,792,9
1648962,790,792,9
1648972,790,792,9
1648983,794,792,9
1648993,787,792,10
1649003,793,792,9
1649013,794,792,9
1649023,789,792,9
1649034,795,792,9
1649044,789,792,9
1649054,793,792,9
1649064,795,792,9
1649074,789,792,9
1649085,794,792,9
1649095,792,792,9
1649105,793,792,9
1649115,796,792,9
1649125,788,792,10
1649136,795,792,9
1649146,793,792,9
1649156,791,792,9
1649166,795,792,9
1649176,789,792,9
1649187,794,792,9
1649197,795,792,9
1649207,789,792,9
1649217,795,792,9
1649227,790,792,9
1649238,794,792,9
1649248,794,792,9
1649258,788,792,9
1649268,793,792,9
1649279,791,792,9
1649289,791,792,9
1649299,793,792,9
1649309,787,792,9
1649319,793,792,9
1649330,792,792,9
1649340,788,792,9
1649350,794,792,9
1649360,787,792,10
1649370,792,792,9
1649381,793,792,9
1649391,788,792,9
1649401,792,792,9
1649411,788,792,10
1649421,792,792,9
1649432,793,792,9
1649442,787,792,10
1649452,794,792,9
1649462,791,792,9
1649472,791,792,9
1649483,794,792,9
1649493,789,792,9
1649503,795,792,9
1649513,794,792,9
1649523,790,792,9
1649534,794,792,9
1649544,791,792,9
1649554,792,792,9
1649564,795,792,9
1649574,788,792,9
1649585,795,792,9
1649595,791,792,9
1649605,792,792,9
1649615,794,792,9
1649625,788,792,9
1649636,795,792,9
1649646,792,792,9
1649656,791,792,9
1649666,795,792,9
1649676,788,792,9
1649687,794,792,9
1649697,794,792,9
1649707,790,792,9
1649717,796,792,9
1649727,791,792,9
1649738,794,792,9
1649748,796,792,9
1649758,788,792,10
1649768,795,792,10
1649778,791,792,10
1649789,791,792,10
1649799,794,792,9
1649809,788,792,10
1649819,794,792,10
1649830,793,792,9
1649840,789,792,9
1649850,794,792,9
1649860,788,792,10
1649870,793,792,9
1649881,794,792,9
1649891,787,792,9
1649901,793,792,9
1649911,788,792,10
1649921,792,791,10
1649932,793,792,9
RIM
1649952,746,737,4
1649962,737,737,4
1649972,734,737,4
1649982,737,737,4
1649993,733,737,4
1650003,737,737,4
1650013,737,737,4
1650023,734,737,4
1650033,738,737,4
1650044,733,737,4
1650054,736,737,4
1650064,738,737,4
1650074,732,737,4
1650084,737,737,4
1650095,735,737,4
1650105,735,737,4
1650115,737,737,4
1650125,732,737,4
1650135,737,737,4
1650146,736,737,4
1650156,734,737,4
1650166,738,737,4
1650176,734,737,4
1650186,736,737,4
1650197,738,737,4
1650207,733,736,5
1650217,738,737,4
1650227,735,736,5
1650237,737,736,5
1650248,737,736,5
1650258,732,736,5
1650268,737,736,5
1650278,736,736,5
1650288,735,736,5
1650299,738,736,5
1650309,732,736,5
1650319,736,736,5
1650329,736,736,5
1650339,734,736,5
1650350,737,736,5
1650360,733,736,5
1650370,735,736,5
1650380,738,736,5
1650390,732,736,5
1650401,737,736,5
1650411,734,736,5
1650421,735,736,5
1650431,738,736,5
1650441,732,736,5
1650452,737,736,5
1650462,735,736,5
1650472,735,736,5
1650482,738,736,5
1650492,733,736,5
1650503,736,736,5
1650513,736,736,5
1650523,733,736,5
1650533,738,736,5
1650543,733,736,5
1650554,735,736,5
1650564,737,736,5
1650574,733,736,5
1650584,737,736,5
1650594,734,736,5
1650605,735,736,5
1650615,737,736,5
1650625,732,736,5
1650635,737,736,5
1650645,736,736,5
1650656,734,736,5
1650666,738,736,5
1650676,733,736,5
1650686,736,736,5
1650696,736,736,5
1650707,733,736,5
1650717,737,736,5
1650727,734,736,5
1650737,736,736,5
1650747,738,736,5
1650758,732,736,5
1650768,736,736,5
1650778,735,736,5
1650788,735,736,5
1650798,737,736,5
1650809,732,736,5
1650819,737,735,6
1650829,736,735,6
1650839,733,735,6
1650849,738,735,6
1650860,733,735,6
1650870,736,735,5
1650880,738,735,6
1650890,733,735,5
1650900,738,735,5
1650911,733,735,5
1650921,735,735,5
1650931,738,735,5
1650941,733,735,5
1650951,737,735,5
1650962,735,735,5
1650972,734,735,5
1650982,738,735,5
1650992,733,735,5
1651002,736,735,5
1651013,736,735,5
1651023,733,735,5
1651033,738,735,5
1651043,733,735,5
1651053,736,735,5
1651064,738,735,5
1651074,732,735,5
1651084,737,735,5
1651094,734,735,5
1651104,736,735,5
1651115,737,735,5
1651125,732,735,5
1651135,737,735,5
1651145,736,735,5
1651155,734,735,4
1651166,737,735,4
OSM
1651187,739,736,3
1651197,740,736,3
1651207,738,736,3
1651217,741,736,3
1651228,739,736,3
1651238,739,737,2
1651248,740,737,2
1651258,742,737,2
1651268,740,737,3
1651279,739,737,3
1651289,738,737,3
1651299,740,737,3
1651309,739,737,3
1651319,739,737,3
1651330,741,737,3
1651340,738,737,3
1651350,740,737,3
1651360,739,737,3
1651370,740,737,3
1651381,741,737,3
1651391,739,737,3
1651401,739,737,3
1651411,739,737,3
1651421,739,737,3
1651432,740,737,3
1651442,738,737,3
1651452,740,737,3
1651462,741,737,3
1651472,741,737,3
1651483,740,737,3
1651493,738,737,3
1651503,740,737,3
1651513,742,737,4
1651523,740,737,4
1651534,743,737,4
1651544,738,737,4
1651554,739,737,4
1651564,742,737,4
1651574,741,738,3
1651585,740,738,3
1651595,740,738,3
1651605,738,738,3
1651615,742,738,3
1651625,740,738,3
1651636,740,738,3
1651646,740,738,3
1651656,738,738,3
1651666,740,738,3
1651676,739,738,3
1651687,739,738,3
1651697,741,738,3
1651707,737,738,3
1651717,742,738,3
1651727,740,738,3
1651738,742,738,3
1651748,740,738,3
1651758,737,738,3
1651768,741,738,3
1651778,741,738,3
1651789,742,738,3
1651799,741,738,3
1651809,738,738,3
1651819,740,738,3
1651829,740,738,3
1651840,738,738,3
1651850,741,738,3
1651860,740,738,3
1651870,741,738,3
1651880,742,738,4
1651891,738,738,4
1651901,740,738,4
1651911,738,738,4
1651921,741,738,4
1651931,740,738,4
1651942,742,738,4
1651952,740,738,4
1651962,739,738,4
1651972,739,738,4
1651982,740,739,3
1651993,737,739,3
1652003,740,739,3
1652013,739,739,3
1652023,740,739,3
1652033,742,739,3
1652044,741,739,3
1652054,740,739,3
1652064,741,739,3
1652074,738,739,3
1652084,740,739,3
1652095,739,739,2
1652105,739,739,2
1652115,740,739,2
1652125,739,739,2
1652135,742,739,2
1652146,740,739,2
1652156,739,739,2
1652166,740,739,2
1652176,741,739,2
1652186,742,739,2
1652197,741,739,2
1652207,737,739,2
1652217,743,739,2
1652227,739,739,2
1652237,739,739,2
1652248,743,739,3
1652258,737,739,3
1652268,740,739,3
1652278,739,739,2
1652288,738,739,2
1652299,743,739,2
1652309,737,739,2
1652319,740,739,2
1652329,740,739,2
1652339,739,739,2
1652350,741,739,2
1652360,738,739,2
1652370,739,739,2
1652380,740,739,2
1652390,742,739,2
1652401,744,739,2
SIM
1652421,809,792,9
1652431,796,792,9
1652441,787,792,9
1652451,793,791,10
1652462,792,792,9
1652472,791,791,10
1652482,794,792,9
1652492,788,791,10
1652503,794,791,10
1652513,795,792,9
1652523,791,791,10
1652533,796,792,9
1652543,789,792,9
1652554,794,791,10
1652564,795,792,9
1652574,789,792,9
1652584,794,792,9
1652594,791,792,9
1652605,792,792,9
1652615,795,792,9
1652625,789,792,9
1652635,794,792,9
1652645,794,792,9
1652656,790,792,9
1652666,796,792,9
1652676,790,792,9
1652686,793,792,9
1652696,795,792,9
1652707,790,792,9
1652717,796,792,9
1652727,789,792,9
1652737,793,792,9
1652747,795,792,9
1652758,788,792,9
1652768,795,792,9
1652778,791,792,9
1652788,791,792,9
1652798,795,792,9
1652809,789,792,9
1652819,794,792,9
1652829,793,792,9
1652839,789,792,9
1652849,794,792,9
1652860,789,792,9
1652870,794,792,9
1652880,794,792,9
1652890,789,792,9
1652900,796,792,9
1652911,790,792,9
1652921,792,792,9
1652931,795,792,9
1652941,788,792,9
1652951,794,792,9
1652962,793,792,9
1652972,791,792,9
1652982,795,792,9
1652992,788,792,9
1653002,793,792,9
1653013,795,792,9
1653023,789,792,9
1653033,795,792,9
1653043,789,792,9
1653053,792,792,9
1653064,796,792,9
1653074,790,792,9
1653084,795,792,9
1653094,791,792,9
1653104,791,792,9
1653115,795,792,9
1653125,790,792,9
1653135,795,792,9
1653145,792,792,9
1653155,790,792,9
1653166,797,792,9
1653176,788,792,9
1653186,794,792,9
1653196,795,792,9
1653206,790,792,9
1653217,795,792,9
1653227,789,792,9
1653237,793,792,9
1653247,795,792,9
1653257,789,792,9
1653268,795,792,9
1653278,791,792,9
1653288,791,792,9
1653298,795,792,9
1653308,788,792,9
1653319,796,792,9
1653329,794,792,9
1653339,789,792,9
1653349,795,792,9
1653359,790,792,9
1653370,794,792,9
1653380,796,792,9
1653390,790,792,9
1653400,795,792,9
1653410,790,792,9
1653421,793,792,9
1653431,795,792,9
1653441,789,792,9
1653451,795,792,9
1653461,793,792,9
1653472,791,792,9
1653482,796,792,9
1653492,789,792,9
1653502,795,792,9
1653512,795,792,9
1653523,790,792,9
1653533,795,792,9
1653543,790,792,9
1653553,794,792,9
1653563,795,792,9
1653574,790,792,9
1653584,795,792,9
1653594,791,792,9
1653604,792,792,9
1653614,795,792,9
1653625,788,792,9
1653635,794,792,9
RIM
1653655,745,735,4
1653665,738,735,4
1653675,733,735,4
1653686,736,735,4
1653696,737,735,4
1653706,733,735,4
1653716,737,735,4
1653726,733,735,4
1653737,734,735,4
1653747,738,735,4
1653757,731,735,4
1653767,736,735,4
1653777,734,735,4
1653788,734,735,4
1653798,736,735,4
1653808,732,735,4
1653818,737,735,4
1653828,737,735,4
1653839,733,735,4
1653849,737,735,4
1653859,733,735,4
1653869,736,735,4
1653879,737,735,4
1653890,732,735,4
1653900,736,735,4
1653910,734,735,4
1653920,735,735,4
1653930,738,735,4
1653941,734,735,4
1653951,740,735,4
1653961,739,735,5
1653971,736,735,5
1653981,739,735,5
1653992,736,735,5
1654002,736,735,5
1654012,737,735,5
1654022,733,735,5
1654033,738,735,5
1654043,733,735,5
1654053,736,735,5
1654063,737,735,5
1654073,731,735,5
1654084,736,735,5
1654094,735,735,5
1654104,736,735,5
1654114,737,735,5
1654124,732,735,5
1654135,736,735,5
1654145,736,735,5
1654155,733,735,5
1654165,737,735,5
1654175,732,735,5
1654186,735,735,5
1654196,737,735,5
1654206,733,735,5
1654216,737,735,5
1654226,734,735,5
1654237,735,735,5
1654247,736,735,5
1654257,732,735,5
1654267,736,735,5
1654277,734,735,5
1654288,734,735,5
1654298,737,735,5
1654308,732,735,5
1654318,737,735,5
1654328,737,735,5
1654339,733,735,5
1654349,736,735,5
1654359,733,735,5
1654369,736,735,5
1654379,737,735,5
1654390,731,735,5
1654400,736,735,5
1654410,734,735,5
1654420,735,735,5
1654430,737,735,5
1654441,732,735,5
1654451,736,735,5
1654461,735,735,5
1654471,734,735,5
1654481,737,735,5
1654492,732,735,5
1654502,736,735,5
1654512,736,735,5
1654522,733,735,5
1654532,738,735,5
1654543,733,735,5
1654553,735,735,5
1654563,738,735,5
1654573,732,735,5
1654583,737,735,5
1654594,734,735,5
1654604,734,735,5
1654614,737,735,5
1654624,732,735,5
1654634,737,735,5
1654645,736,735,5
1654655,733,735,5
1654665,737,735,5
1654675,733,735,5
1654685,735,735,5
1654696,737,735,5
1654706,732,735,5
1654716,736,735,5
1654726,733,735,5
1654736,736,735,5
1654747,737,735,5
1654757,731,735,5
1654767,737,735,5
1654777,734,735,5
1654787,735,735,5
1654798,736,735,5
1654808,732,735,5
1654818,737,735,5
1654828,736,735,5
1654838,734,735,4
1654849,737,735,5
1654859,733,735,5
1654869,736,735,5
OSM
1654890,737,739,2
1654900,742,739,3
1654910,736,739,3
1654920,737,739,3
1654931,739,739,3
1654941,737,739,3
1654951,740,739,3
1654961,739,739,3
1654971,738,739,3
1654982,740,739,3
1654992,738,739,3
1655002,739,739,3
1655012,740,739,3
1655022,738,739,3
1655033,740,739,3
1655043,739,739,3
1655053,738,739,3
1655063,740,739,3
1655073,738,739,3
1655084,740,739,3
1655094,739,739,3
1655104,739,739,3
1655114,739,739,3
1655124,737,739,3
1655135,739,739,3
1655145,740,739,3
1655155,737,739,3
1655165,740,739,3
1655175,737,739,3
1655186,739,739,3
1655196,740,739,3
1655206,737,739,3
1655216,739,739,3
1655226,737,739,3
1655237,739,739,2
1655247,740,739,2
1655257,736,739,2
1655267,739,739,2
1655277,738,739,2
1655288,740,739,2
1655298,740,739,2
1655308,737,739,2
1655318,738,739,2
1655328,739,739,2
1655339,738,739,2
1655349,741,739,2
1655359,737,739,2
1655369,738,739,2
1655379,740,739,2
1655390,738,739,2
1655400,740,739,2
1655410,737,739,2
1655420,738,739,2
1655430,740,739,2
1655441,738,739,2
1655451,740,739,2
1655461,739,739,2
1655471,739,739,2
1655481,740,739,2
1655492,737,739,2
1655502,740,739,2
1655512,739,739,2
1655522,738,739,2
1655532,739,739,2
1655543,739,739,2
1655553,739,739,2
1655563,739,739,2
1655573,738,739,2
1655583,740,739,2
1655594,740,739,2
1655604,739,739,2
1655614,740,739,2
1655624,738,739,2
1655634,739,739,2
1655645,740,739,2
1655655,738,739,2
1655665,739,739,2
1655675,739,739,2
1655685,739,739,2
1655696,741,739,2
1655706,737,739,2
1655716,739,739,2
1655726,738,739,2
1655736,738,739,2
1655747,740,739,2
1655757,738,739,2
1655767,739,739,2
1655777,739,739,2
1655787,739,739,2
1655798,741,739,2
1655808,738,739,2
1655818,739,739,2
1655828,740,739,2
1655838,738,739,2
1655849,740,739,2
1655859,738,739,2
1655869,739,739,2
1655879,740,739,2
1655889,737,738,3
1655900,740,738,3
1655910,739,739,2
1655920,739,738,2
1655930,740,738,2
1655940,738,738,2
1655951,739,738,2
1655961,739,738,2
1655971,738,738,2
1655981,740,738,2
1655991,737,738,2
1656002,740,738,2
1656012,740,738,2
1656022,738,738,2
1656032,739,738,2
1656042,738,738,2
1656053,739,738,2
1656063,740,738,2
1656073,737,738,2
1656083,740,738,2
1656093,738,738,2
1656104,739,738,1
SIM
1656124,806,792,8
1656134,796,792,8
1656144,793,792,8
1656154,790,792,8
1656165,796,792,8
1656175,788,792,8
1656185,792,792,8
1656195,794,792,8
1656206,788,792,8
1656216,795,792,8
1656226,789,792,8
1656236,792,792,8
1656246,794,792,8
1656257,788,792,8
1656267,793,792,8
1656277,792,792,8
1656287,789,792,8
1656297,794,792,8
1656308,789,792,8
1656318,792,792,8
1656328,793,792,8
1656338,789,792,8
1656348,793,792,8
1656359,788,792,8
1656369,792,792,8
1656379,793,792,8
1656389,787,792,8
1656399,793,792,8
1656410,788,792,8
1656420,792,792,8
1656430,793,792,8
1656440,787,792,8
1656450,793,792,8
1656461,792,792,8
1656471,789,792,8
1656481,794,792,8
1656491,787,792,8
1656501,792,792,8
1656512,793,792,8
1656522,788,792,8
1656532,793,792,8
1656542,787,792,8
1656552,791,792,8
1656563,794,792,8
1656573,786,792,9
1656583,794,792,9
1656593,790,792,9
1656603,791,792,8
1656614,793,792,8
1656624,787,792,9
1656634,794,792,9
1656644,791,792,8
1656654,789,792,8
1656665,794,792,8
1656675,788,792,9
1656685,793,792,9
1656695,795,792,8
1656705,788,792,9
1656716,795,792,9
1656726,789,792,9
1656736,793,792,9
1656746,796,792,9
1656756,787,792,9
1656767,795,792,9
1656777,791,792,9
1656787,791,791,10
1656797,796,792,9
1656807,788,792,9
1656818,793,791,10
1656828,794,792,9
1656838,789,791,10
1656848,796,792,9
1656858,789,792,9
1656869,793,791,10
1656879,796,792,9
1656889,789,791,10
1656899,794,791,10
1656909,791,791,10
1656920,792,791,10
1656930,794,792,9
1656940,787,791,10
1656950,793,791,10
1656960,792,791,10
1656971,790,791,10
1656981,793,791,10
1656991,787,791,10
1657001,792,791,10
1657011,793,791,10
1657022,789,791,9
1657032,796,791,10
1657042,791,791,9
1657052,792,791,9
1657063,795,791,9
1657073,787,791,10
1657083,795,791,9
1657093,791,791,9
1657103,790,791,9
1657114,793,791,9
1657124,788,791,9
1657134,794,791,9
1657144,793,791,9
1657154,789,791,9
1657165,794,791,9
1657175,789,791,9
1657185,794,791,9
1657195,794,791,9
1657205,788,791,9
1657216,795,791,9
1657226,790,791,9
1657236,793,791,9
1657246,794,791,9
1657256,787,791,9
1657267,794,791,9
1657277,792,791,9
1657287,790,791,9
1657297,794,791,9
1657307,789,791,9
1657318,793,791,9
1657328,794,791,9
1657338,790,791,9
RIM
1657358,745,735,5
1657369,739,735,5
1657379,737,735,5
1657389,732,735,5
1657399,737,735,5
1657409,734,735,5
1657420,735,735,5
1657430,737,735,5
1657440,732,735,5
1657450,737,735,5
1657460,734,735,4
1657471,733,735,4
1657481,736,735,4
1657491,733,735,5
1657501,735,735,5
1657511,737,735,4
1657522,732,735,5
1657532,738,735,5
1657542,732,735,5
1657552,734,735,5
1657562,736,735,5
1657573,731,735,5
1657583,736,735,5
1657593,734,735,5
1657603,734,735,5
1657613,736,735,5
1657624,731,735,5
1657634,736,735,5
1657644,737,735,5
1657654,733,735,4
1657664,737,735,4
1657675,731,735,5
1657685,735,734,5
1657695,739,735,5
1657705,734,734,5
1657715,738,735,5
1657726,735,735,5
1657736,737,735,4
1657746,740,735,5
1657756,735,735,5
1657766,740,735,5
1657777,737,735,5
1657787,736,735,5
1657797,738,735,5
1657807,734,735,5
1657817,737,735,5
1657828,738,735,5
1657838,732,735,5
1657848,738,735,5
1657858,733,735,5
1657868,735,735,5
1657879,737,735,5
1657889,732,735,5
1657899,737,735,5
1657909,734,735,5
1657919,734,735,5
1657930,737,735,5
1657940,732,735,5
1657950,736,735,5
1657960,735,735,5
1657970,733,735,5
1657981,736,735,5
1657991,733,735,5
1658001,735,735,5
1658011,737,735,5
1658021,733,735,5
1658032,736,735,5
1658042,733,735,5
1658052,736,735,5
1658062,736,735,5
1658072,731,735,5
1658083,736,735,5
1658093,736,735,5
1658103,735,735,5
1658113,737,735,5
1658123,733,735,5
1658134,737,735,5
1658144,736,735,5
1658154,733,735,5
1658164,737,735,5
1658174,732,735,5
1658185,735,735,5
1658195,737,735,5
1658205,732,735,5
1658215,737,735,5
1658225,734,735,5
1658236,735,735,5
1658246,736,735,5
1658256,732,735,5
1658266,737,735,5
1658276,736,735,5
1658287,734,735,5
1658297,737,735,5
1658307,732,735,5
1658317,736,735,5
1658327,736,735,5
1658338,732,735,5
1658348,737,735,5
1658358,733,735,5
1658368,735,735,5
1658378,737,735,5
1658389,731,735,5
1658399,737,735,5
1658409,734,735,5
1658419,735,735,5
1658429,738,735,5
1658440,732,735,5
1658450,737,735,5
1658460,736,735,5
1658470,733,735,5
1658480,737,735,5
1658491,733,735,5
1658501,736,735,5
1658511,738,735,5
1658521,731,735,5
1658531,737,735,5
1658542,733,735,5
1658552,735,735,5
1658562,737,735,5
1658572,732,735,5
OSM
1658593,741,738,2
1658603,738,738,1
1658613,740,738,1
1658623,738,738,1
1658634,739,738,1
1658644,740,738,1
1658654,737,738,1
1658664,740,738,1
1658674,739,738,1
1658685,739,738,1
1658695,740,738,1
1658705,737,738,1
1658715,740,738,1
1658725,739,738,1
1658736,739,738,1
1658746,741,738,1
1658756,737,738,2
1658766,738,738,1
1658776,740,738,2
1658787,739,738,1
1658797,741,738,2
1658807,737,738,2
1658817,739,738,2
1658827,740,738,2
1658838,738,738,2
1658848,740,738,2
1658858,737,738,2
1658868,738,738,2
1658878,740,738,2
1658889,737,738,2
1658899,740,738,2
1658909,738,738,2
1658919,738,738,2
1658929,741,738,2
1658940,738,738,2
1658950,739,738,2
1658960,739,738,2
1658970,739,738,2
1658980,740,738,2
1658991,738,738,2
1659001,739,738,2
1659011,739,738,2
1659021,737,738,2
1659031,739,738,2
1659042,740,738,2
1659052,739,738,1
1659062,740,738,2
1659072,738,738,2
1659082,740,738,2
1659093,739,738,2
1659103,739,738,2
1659113,739,738,2
1659123,737,738,2
1659133,739,738,1
1659144,740,738,2
1659154,739,738,1
1659164,740,738,2
1659174,738,738,2
1659184,740,738,2
1659195,740,738,2
1659205,738,738,2
1659215,739,738,2
1659225,738,738,2
1659235,740,738,2
1659246,739,738,2
1659256,738,738,2
1659266,740,738,2
1659276,739,738,2
1659286,739,738,2
1659297,740,738,2
1659307,738,738,2
1659317,738,738,1
1659327,739,738,1
1659337,738,738,1
1659348,740,738,1
1659358,739,738,1
1659368,739,738,1
1659378,739,738,1
1659388,738,738,1
1659399,740,738,1
1659409,739,738,1
1659419,738,738,1
1659429,740,738,1
1659439,738,738,1
1659450,740,738,1
1659460,740,738,2
1659470,738,738,1
1659480,739,738,1
1659490,737,738,1
1659501,739,738,1
1659511,740,738,1
1659521,736,738,1
1659531,740,738,1
1659541,738,738,1
1659552,739,738,1
1659562,740,738,1
1659572,737,738,1
1659582,739,738,1
1659592,739,738,1
1659603,739,738,1
1659613,740,738,1
1659623,737,738,1
1659633,739,738,1
1659643,740,738,1
1659654,738,738,1
1659664,741,738,2
1659674,738,738,2
1659684,738,738,2
1659694,739,738,2
1659705,738,738,1
1659715,741,738,2
1659725,739,738,2
1659735,740,738,2
1659745,741,738,2
1659756,737,738,2
1659766,740,738,2
1659776,741,738,2
1659786,739,738,2
1659796,741,738,2
1659807,739,738,2
SIM
1659827,810,791,10
1659837,792,791,10
1659847,795,791,10
1659858,789,791,10
1659868,793,791,10
1659878,794,791,10
1659888,788,791,10
1659898,795,791,10
1659909,791,791,10
1659919,792,791,10
1659929,794,791,10
1659939,788,791,10
1659949,793,791,10
1659960,790,791,10
1659970,789,791,10
1659980,793,791,10
1659990,788,791,10
1660001,792,791,10
1660011,795,791,10
1660021,788,791,10
1660031,795,791,10
1660041,789,791,10
1660052,792,791,10
1660062,795,791,10
1660072,789,791,10
1660082,792,791,10
1660092,792,791,10
1660103,790,791,10
1660113,794,791,10
1660123,789,791,10
1660133,793,791,10
1660143,794,791,10
1660154,789,791,10
1660164,795,791,10
1660174,789,791,10
1660184,792,791,10
1660194,794,791,10
1660205,787,791,10
1660215,796,791,10
1660225,789,791,10
1660235,790,791,10
1660245,794,791,10
1660256,788,791,10
1660266,793,791,10
1660276,792,791,10
1660286,791,791,10
1660297,794,791,10
1660307,788,791,10
1660317,793,791,10
1660327,795,791,10
1660337,788,791,10
1660348,794,791,10
1660358,788,791,10
1660368,791,791,10
1660378,794,791,10
1660388,788,791,10
1660399,794,791,10
1660409,792,791,10
1660419,791,791,10
1660429,794,791,10
1660439,788,791,10
1660450,793,791,10
1660460,794,791,10
1660470,789,791,10
1660480,794,791,10
1660490,789,791,10
1660501,790,791,9
1660511,791,791,9
1660521,787,791,9
1660531,792,791,9
1660541,789,791,9
1660552,790,791,9
1660562,793,791,9
1660572,787,791,9
1660582,793,791,9
1660592,791,791,9
1660603,789,791,9
1660613,796,791,9
1660623,791,791,9
1660633,793,791,9
1660643,795,791,9
1660654,787,791,9
1660664,794,791,9
1660674,789,791,9
1660684,791,791,9
1660695,794,791,9
1660705,788,791,9
1660715,793,791,9
1660725,791,791,9
1660735,792,791,9
1660746,794,791,9
1660756,788,791,9
1660766,793,791,9
1660776,792,791,9
1660786,789,791,9
1660797,795,791,9
1660807,789,791,9
1660817,793,791,9
1660827,795,791,9
1660837,788,791,9
1660848,795,791,9
1660858,790,791,9
1660868,792,791,9
1660878,795,791,9
1660888,788,791,9
1660899,794,791,9
1660909,792,791,9
1660919,791,791,9
1660929,795,791,9
1660939,789,791,9
1660950,792,791,9
1660960,793,791,9
1660970,789,791,9
1660980,795,791,9
1660990,790,791,9
1661001,792,791,9
1661011,795,791,9
1661021,790,791,9
1661031,794,791,9
1661041,791,791,9
RIM
1661062,746,735,5
1661072,733,735,5
1661082,737,735,5
1661092,735,735,5
1661102,733,735,5
1661113,737,735,5
1661123,732,735,5
1661133,736,735,5
1661143,737,735,5
1661153,732,735,5
1661164,737,735,5
1661174,733,735,5
1661184,735,735,5
1661194,738,735,5
1661204,731,735,5
1661215,736,735,5
1661225,734,735,5
1661235,734,735,5
1661245,737,735,5
1661255,731,735,5
1661266,735,735,5
1661276,736,735,5
1661286,733,735,5
1661296,737,735,5
1661306,732,735,5
1661317,735,735,5
1661327,737,735,5
1661337,732,735,5
1661347,736,735,5
1661357,732,735,5
1661368,734,735,5
1661378,737,735,5
1661388,731,735,5
1661398,736,735,5
1661408,734,735,5
1661419,733,735,5
1661429,737,735,5
1661439,732,735,5
1661449,735,734,6
1661459,736,734,6
1661470,732,734,6
1661480,737,734,6
1661490,732,734,6
1661500,736,734,6
1661510,736,734,6
1661521,731,734,6
1661531,736,734,5
1661541,734,734,5
1661551,734,734,5
1661561,735,734,5
1661572,732,734,5
1661582,736,734,5
1661592,736,734,5
1661602,732,734,5
1661612,736,734,5
1661623,731,734,5
1661633,736,734,5
1661643,736,734,5
1661653,732,734,5
1661663,737,734,5
1661674,733,734,5
1661684,735,734,5
1661694,740,734,6
1661704,734,734,6
1661714,738,734,6
1661725,737,734,6
1661735,737,734,6
1661745,739,734,6
1661755,734,734,6
1661765,738,734,6
1661776,738,734,6
1661786,736,734,6
1661796,739,735,5
1661806,734,735,5
1661816,737,735,5
1661827,739,735,5
1661837,734,735,5
1661847,738,735,5
1661857,735,735,5
1661867,736,735,5
1661878,740,735,6
1661888,734,735,6
1661898,738,735,6
1661908,737,735,6
1661918,736,735,6
1661929,739,735,6
1661939,735,735,6
1661949,737,735,6
1661959,739,735,6
1661969,735,735,6
1661980,739,735,6
1661990,736,735,6
1662000,736,735,6
1662010,739,735,6
1662020,733,735,6
1662031,739,735,6
1662041,737,735,6
1662051,737,735,6
1662061,739,735,6
1662071,734,735,6
1662082,739,735,6
1662092,737,735,6
1662102,737,735,6
1662112,739,735,6
1662122,734,735,6
1662133,738,735,6
1662143,739,735,6
1662153,735,735,6
1662163,739,735,6
1662173,734,735,6
1662184,737,735,6
1662194,739,735,6
1662204,734,735,6
1662214,738,735,6
1662224,736,735,6
1662235,737,735,6
1662245,739,735,6
1662255,734,735,6
1662265,738,735,6
1662275,737,735,6
OSM
1662297,739,738,2
1662307,737,738,2
1662317,738,738,2
1662327,740,738,2
1662338,739,738,2
1662348,739,738,2
1662358,738,738,2
1662368,738,738,2
1662378,740,738,2
1662389,737,738,2
1662399,739,738,2
1662409,740,738,2
1662419,739,738,2
1662429,740,738,2
1662440,739,738,2
1662450,739,738,2
1662460,741,738,2
1662470,737,738,2
1662480,739,738,2
1662491,739,738,2
1662501,740,738,2
1662511,741,738,2
1662521,738,738,2
1662531,739,738,2
1662542,741,738,2
1662552,739,738,2
1662562,740,739,1
1662572,737,738,2
1662582,739,738,2
1662593,741,739,1
1662603,739,739,1
1662613,740,739,1
1662623,738,739,1
1662633,740,739,1
1662644,740,739,1
1662654,738,739,1
1662664,740,739,1
1662674,738,739,1
1662684,739,739,1
1662695,741,739,1
1662705,738,739,1
1662715,740,739,1
1662725,740,739,1
1662735,738,739,1
1662746,740,739,1
1662756,738,739,1
1662766,739,739,1
1662776,740,739,1
1662786,737,739,1
1662797,741,739,1
1662807,740,739,1
1662817,739,739,1
1662827,740,739,1
1662837,737,739,1
1662848,740,739,1
1662858,739,739,1
1662868,739,739,1
1662878,740,739,1
1662888,737,739,1
1662899,740,739,1
1662909,740,739,1
1662919,738,739,1
1662929,740,739,1
1662939,737,739,1
1662950,740,739,1
1662960,741,739,1
1662970,738,739,1
1662980,740,739,1
1662990,738,739,1
1663001,740,739,1
1663011,740,739,1
1663021,737,739,1
1663031,740,739,1
1663041,741,739,1
1663052,740,739,1
1663062,741,739,1
1663072,738,739,1
1663082,739,739,1
1663092,740,739,1
1663103,739,739,1
1663113,740,739,1
1663123,738,739,1
1663133,739,739,1
1663143,740,739,1
1663154,738,739,1
1663164,740,739,1
1663174,739,739,1
1663184,739,739,1
1663194,740,739,1
1663205,737,739,1
1663215,740,739,1
1663225,739,739,1
1663235,738,739,1
1663245,741,739,1
1663256,738,739,1
1663266,740,739,1
1663276,741,739,1
1663286,739,739,1
1663296,740,739,1
1663307,738,739,1
1663317,739,739,1
1663327,741,739,1
1663337,738,739,1
1663347,740,739,1
1663358,739,739,1
1663368,738,739,1
1663378,740,739,1
1663388,738,739,1
1663398,740,739,1
1663409,741,739,1
1663419,739,739,1
1663429,740,739,1
1663439,738,739,1
1663449,738,739,1
1663460,741,739,1
1663470,737,739,1
1663480,740,739,1
1663490,738,739,1
1663500,739,739,1
1663511,740,739,1
SIM
1663531,810,791,9
1663541,793,791,9
1663551,790,791,9
1663561,794,791,9
1663572,789,791,9
1663582,793,791,9
1663592,793,791,9
1663602,790,791,9
1663612,795,791,9
1663623,790,791,9
1663633,794,791,9
1663643,794,791,9
1663653,789,791,9
1663664,794,791,9
1663674,791,791,9
1663684,792,791,9
1663694,794,791,9
1663704,788,791,9
1663715,793,791,9
1663725,792,791,9
1663735,790,791,9
1663745,795,791,9
1663755,790,791,9
1663766,793,791,9
1663776,795,791,9
1663786,790,791,9
1663796,796,791,9
1663806,789,791,9
1663817,793,791,9
1663827,795,791,9
1663837,789,791,9
1663847,794,791,9
1663857,791,791,9
1663868,791,791,9
1663878,796,791,9
1663888,788,791,9
1663898,794,791,9
1663908,793,791,9
1663919,789,791,9
1663929,794,791,9
1663939,788,791,9
1663949,792,791,9
1663959,795,791,9
1663970,789,791,9
1663980,793,791,9
1663990,789,791,9
1664000,792,791,9
1664010,793,791,9
1664021,787,791,9
1664031,794,791,9
1664041,791,791,9
1664051,791,791,9
1664061,795,791,9
1664072,788,791,9
1664082,793,791,9
1664092,794,791,9
1664102,788,791,9
1664112,794,791,9
1664123,788,791,9
1664133,795,791,9
1664143,794,791,9
1664153,788,791,9
1664163,793,791,9
1664174,790,791,9
1664184,791,791,9
1664194,793,791,9
1664204,788,791,9
1664214,794,791,9
1664225,791,791,9
1664235,791,791,9
1664245,794,791,9
1664255,789,791,9
1664265,793,791,9
1664276,795,792,8
1664286,788,791,9
1664296,795,792,8
1664306,788,791,9
1664316,792,791,9
1664327,795,791,9
1664337,787,791,9
1664347,795,791,9
1664357,789,791,9
1664367,790,791,9
1664378,795,791,9
1664388,788,791,9
1664398,793,791,9
1664408,793,791,9
1664418,789,791,9
1664429,793,791,9
1664439,787,791,9
1664449,792,791,9
1664459,794,791,9
1664469,788,791,9
1664480,795,791,10
1664490,791,791,10
1664500,791,791,9
1664510,793,791,9
1664520,786,791,10
1664531,794,791,10
1664541,792,791,9
1664551,789,791,9
1664561,793,791,9
1664571,787,791,9
1664582,792,791,9
1664592,793,791,9
1664602,787,791,9
1664612,793,791,9
1664622,788,791,9
1664633,791,791,9
1664643,793,791,9
1664653,787,791,9
1664663,794,791,10
1664673,789,791,10
1664684,792,791,9
1664694,794,791,9
1664704,787,791,10
1664714,794,791,10
1664724,792,791,10
1664735,790,791,9
1664745,796,791,10
RIM
1664765,746,735,6
1664775,739,735,6
1664786,733,735,6
1664796,738,735,7
1664806,733,735,7
1664816,735,735,7
1664826,738,735,7
1664837,732,735,7
1664847,737,735,7
1664857,734,735,7
1664867,734,735,7
1664877,737,735,7
1664888,733,735,7
1664898,736,735,6
1664908,737,735,6
1664918,733,735,6
1664928,737,735,6
1664939,733,735,6
1664949,735,735,6
1664959,738,735,6
1664969,732,735,6
1664979,736,735,6
1664990,733,735,6
1665000,735,735,6
1665010,738,735,6
1665020,732,735,6
1665030,737,735,6
1665041,735,735,6
1665051,734,735,6
1665061,737,735,6
1665071,732,735,6
1665081,736,735,6
1665092,736,735,6
1665102,733,735,6
1665112,737,735,6
1665122,733,735,6
1665132,735,735,6
1665143,737,735,6
1665153,732,735,6
1665163,737,735,6
1665173,734,735,6
1665183,735,735,6
1665194,737,735,6
1665204,731,735,6
1665214,737,735,6
1665224,735,735,6
1665234,733,735,6
1665245,737,735,6
1665255,732,735,6
1665265,736,735,6
1665275,737,736,5
1665285,733,735,6
1665296,737,735,6
1665306,733,736,5
1665316,735,735,6
1665326,737,736,5
1665336,731,736,5
1665347,736,736,5
1665357,734,736,5
1665367,734,735,6
1665377,737,736,5
1665387,731,735,6
1665398,735,735,6
1665408,736,735,6
1665418,733,735,6
1665428,736,735,6
1665438,732,735,6
1665449,735,735,6
1665459,738,735,6
1665469,733,735,6
1665479,737,735,6
1665489,733,735,6
1665500,734,735,6
1665510,737,735,6
1665520,732,735,6
1665530,737,735,6
1665540,735,735,6
1665551,734,735,6
1665561,737,735,6
1665571,732,735,6
1665581,736,735,6
1665591,736,735,6
1665602,732,735,6
1665612,736,735,6
1665622,732,735,6
1665632,736,735,6
1665642,737,735,6
1665653,732,735,6
1665663,736,735,6
1665673,734,735,6
1665683,735,735,5
1665693,737,735,5
1665704,731,735,6
1665714,736,735,5
1665724,736,735,5
1665734,733,735,5
1665744,736,735,5
1665755,731,735,5
1665765,736,735,5
1665775,737,735,5
1665785,733,735,5
1665795,736,735,5
1665806,732,735,5
1665816,735,735,5
1665826,737,735,5
1665836,731,735,5
1665846,736,735,5
1665857,735,735,5
1665867,734,735,5
1665877,738,735,5
1665887,732,735,5
1665897,735,735,5
1665908,736,735,5
1665918,733,735,5
1665928,737,735,5
1665938,733,734,6
1665948,736,734,6
1665959,736,734,6
1665969,731,734,6
1665979,737,734,6
OSM
1666000,743,739,1
1666010,743,739,1
1666020,739,739,1
1666030,741,739,1
1666041,739,739,1
1666051,738,739,1
1666061,741,739,1
1666071,739,739,1
1666081,741,739,1
1666092,743,739,1
1666102,738,739,1
1666112,742,739,1
1666122,738,739,1
1666132,742,739,1
1666143,742,739,2
1666153,738,739,2
1666163,741,739,2
1666173,739,739,1
1666183,741,739,2
1666194,741,739,2
1666204,739,739,2
1666214,741,739,2
1666224,740,739,2
1666234,739,739,2
1666245,741,739,2
1666255,739,739,2
1666265,741,739,2
1666275,741,739,2
1666285,741,739,2
1666296,741,739,2
1666306,739,739,2
1666316,740,739,2
1666326,741,739,2
1666336,739,739,2
1666347,741,739,2
1666357,740,739,2
1666367,740,739,2
1666377,741,739,2
1666387,738,739,2
1666398,741,739,2
1666408,741,739,2
1666418,739,739,2
1666428,741,739,2
1666438,738,739,2
1666449,741,739,2
1666459,742,739,2
1666469,739,739,2
1666479,740,739,2
1666489,739,739,2
1666500,740,739,2
1666510,741,739,2
1666520,738,739,2
1666530,741,739,2
1666540,739,739,2
1666551,739,739,2
1666561,742,739,2
1666571,739,739,2
1666581,740,739,2
1666591,740,739,2
1666602,740,739,2
1666612,741,739,2
1666622,740,739,2
1666632,740,739,2
1666642,742,739,2
1666653,741,739,2
1666663,740,739,2
1666673,740,739,2
1666683,740,739,2
1666693,743,739,2
1666704,741,739,2
1666714,740,739,2
1666724,741,739,2
1666734,739,739,2
1666744,743,739,2
1666755,741,739,2
1666765,740,739,2
1666775,741,739,2
1666785,739,739,2
1666795,743,739,2
1666806,742,739,2
1666816,740,739,2
1666826,741,739,2
1666836,739,739,2
1666846,742,740,1
1666857,742,740,1
1666867,740,740,1
1666877,741,740,1
1666887,739,740,1
1666897,742,740,1
1666908,743,740,1
1666918,739,740,1
1666928,741,740,1
1666938,739,740,1
1666948,742,740,1
1666959,743,740,2
1666969,738,740,2
1666979,741,740,2
1666989,740,740,2
1666999,742,740,2
1667010,744,740,2
1667020,738,740,2
1667030,741,740,2
1667040,740,740,2
1667050,741,740,2
1667061,743,740,2
1667071,739,740,2
1667081,741,740,2
1667091,741,740,2
1667101,740,740,2
1667112,743,740,2
1667122,739,740,2
1667132,740,740,2
1667142,741,740,2
1667152,740,740,2
1667163,743,740,2
1667173,739,740,2
1667183,740,740,2
1667193,741,740,2
1667203,740,740,2
1667214,743,740,2
SIM
1667234,805,791,8
1667244,797,791,9
1667254,788,791,9
1667264,792,791,9
1667275,794,791,9
1667285,789,791,9
1667295,794,791,9
1667305,789,791,9
1667316,793,791,9
1667326,794,791,9
1667336,788,791,9
1667346,793,791,9
1667356,791,791,9
1667367,791,791,8
1667377,794,791,9
1667387,788,791,9
1667397,793,791,9
1667407,792,791,9
1667418,789,791,9
1667428,795,791,9
1667438,788,791,9
1667448,792,791,9
1667458,794,791,9
1667469,788,791,9
1667479,794,791,9
1667489,789,791,9
1667499,791,791,8
1667509,794,791,8
1667520,788,791,9
1667530,792,791,8
1667540,791,791,8
1667550,790,791,8
1667560,792,791,8
1667571,787,791,8
1667581,791,791,8
1667591,793,791,8
1667601,788,791,8
1667611,793,791,8
1667622,789,791,8
1667632,790,791,8
1667642,794,791,8
1667652,786,791,8
1667662,794,791,8
1667673,789,791,8
1667683,789,791,8
1667693,793,791,8
1667703,787,791,8
1667713,791,791,8
1667724,790,791,8
1667734,791,791,8
1667744,794,791,8
1667754,787,791,8
1667764,792,791,8
1667775,794,791,8
1667785,787,791,8
1667795,792,791,8
1667805,788,791,8
1667815,790,791,8
1667826,794,791,8
1667836,787,791,8
1667846,794,791,8
1667856,791,791,8
1667866,790,791,8
1667877,794,791,8
1667887,787,791,8
1667897,793,791,8
1667907,793,791,8
1667917,788,791,8
1667928,794,791,8
1667938,789,791,8
1667948,793,791,8
1667958,794,791,8
1667968,787,791,8
1667979,793,791,8
1667989,790,791,8
1667999,791,791,8
1668009,794,791,8
1668019,787,791,8
1668030,794,791,8
1668040,792,791,8
1668050,789,791,8
1668060,795,791,8
1668070,788,791,8
1668081,792,791,8
1668091,793,791,8
1668101,789,791,8
1668111,794,791,8
1668121,788,791,8
1668132,791,791,8
1668142,794,791,8
1668152,789,791,8
1668162,793,791,8
1668172,792,791,8
1668183,790,791,8
1668193,795,791,8
1668203,788,791,8
1668213,793,791,8
1668223,792,791,8
1668234,789,791,8
1668244,794,791,8
1668254,790,791,8
1668264,793,791,8
1668274,795,791,8
1668285,787,791,8
1668295,794,791,8
1668305,789,791,8
1668315,791,791,8
1668325,793,791,8
1668336,788,791,8
1668346,794,791,8
1668356,792,791,8
1668366,790,791,8
1668376,795,791,8
1668387,788,791,8
1668397,793,791,8
1668407,793,791,8
1668417,789,791,8
1668427,795,791,8
1668438,788,791,8
1668448,792,791,8
RIM
1668468,743,734,5
1668478,738,734,5
1668489,733,734,5
1668499,735,734,5
1668509,737,734,5
1668519,734,734,5
1668529,739,734,5
1668540,737,734,5
1668550,736,734,5
1668560,739,734,5
1668570,733,734,5
1668580,737,734,5
1668591,736,734,5
1668601,732,734,5
1668611,736,734,5
1668621,732,734,5
1668631,734,734,5
1668642,737,734,5
1668652,731,734,5
1668662,736,734,5
1668672,734,734,5
1668682,734,734,5
1668693,736,734,5
1668703,732,734,5
1668713,736,734,5
1668723,735,734,5
1668733,733,734,5
1668744,736,734,5
1668754,732,734,5
1668764,735,734,5
1668774,736,734,5
1668784,732,734,5
1668795,736,734,5
1668805,733,734,5
1668815,734,734,5
1668825,736,734,5
1668835,731,734,5
1668846,736,734,5
1668856,734,734,5
1668866,733,734,5
1668876,736,734,5
1668886,732,734,5
1668897,736,734,5
1668907,735,734,5
1668917,733,734,5
1668927,737,734,5
1668937,732,734,5
1668948,735,734,5
1668958,736,734,5
1668968,731,734,5
1668978,736,734,5
1668988,734,734,5
1668999,735,734,5
1669009,736,734,5
1669019,732,734,5
1669029,736,734,5
1669039,735,734,5
1669050,733,734,5
1669060,736,734,5
1669070,732,734,5
1669080,736,734,5
1669090,737,734,5
1669101,732,734,5
1669111,736,734,5
1669121,733,734,5
1669131,735,734,5
1669141,737,734,5
1669152,731,734,5
1669162,736,734,5
1669172,734,734,5
1669182,734,734,5
1669192,736,734,5
1669203,731,734,5
1669213,736,734,5
1669223,735,734,5
1669233,732,734,5
1669243,737,734,5
1669254,732,734,5
1669264,735,734,5
1669274,737,734,5
1669284,731,734,5
1669294,737,734,5
1669305,732,734,5
1669315,735,734,5
1669325,736,734,5
1669335,731,734,5
1669345,736,734,5
1669356,734,734,5
1669366,734,734,5
1669376,736,734,5
1669386,732,734,5
1669396,735,734,5
1669407,736,734,5
1669417,732,734,5
1669427,736,734,5
1669437,733,734,5
1669447,735,734,5
1669458,737,734,5
1669468,731,734,5
1669478,736,734,5
1669488,734,734,5
1669498,735,734,5
1669509,737,734,5
1669519,732,734,5
1669529,736,734,5
1669539,735,734,5
1669549,733,734,4
1669560,738,734,5
1669570,732,734,5
1669580,735,734,5
1669590,737,734,5
1669600,732,734,5
1669611,736,734,5
1669621,732,734,5
1669631,735,734,5
1669641,736,734,5
1669651,731,734,5
1669662,736,734,5
1669672,734,734,5
1669682,734,734,4
OSM
1669703,736,740,2
1669713,738,740,2
1669723,740,740,2
1669733,739,740,2
1669744,740,740,2
1669754,739,740,2
1669764,740,740,2
1669774,741,740,2
1669784,738,740,2
1669795,741,740,2
1669805,739,740,2
1669815,742,740,2
1669825,741,740,2
1669835,738,740,2
1669846,741,740,2
1669856,740,740,2
1669866,740,740,2
1669876,741,740,2
1669886,738,740,2
1669897,740,740,2
1669907,740,740,2
1669917,741,740,2
1669927,740,740,2
1669937,738,740,2
1669948,740,740,2
1669958,741,740,2
1669968,739,740,2
1669978,740,740,2
1669988,739,740,2
1669999,739,740,2
1670009,741,740,2
1670019,739,740,2
1670029,740,740,2
1670039,739,740,2
1670050,739,740,2
1670060,741,740,2
1670070,739,740,2
1670080,741,740,2
1670090,741,740,2
1670101,738,740,2
1670111,741,740,2
1670121,741,740,2
1670131,740,740,2
1670141,741,740,2
1670152,738,740,2
1670162,741,740,2
1670172,740,740,2
1670182,739,740,2
1670192,741,740,2
1670203,738,740,2
1670213,741,740,2
1670223,741,740,2
1670233,738,740,2
1670243,740,740,2
1670254,742,740,2
1670264,740,740,2
1670274,742,740,2
1670284,740,740,2
1670294,741,740,2
1670305,739,740,2
1670315,739,740,2
1670325,741,740,2
1670335,738,740,2
1670345,740,740,2
1670356,740,740,2
1670366,739,740,2
1670376,741,740,2
1670386,738,740,2
1670396,740,740,2
1670407,741,740,2
1670417,739,740,2
1670427,742,740,2
1670437,738,740,2
1670447,739,740,2
1670458,741,740,2
1670468,739,740,2
1670478,741,740,2
1670488,740,740,2
1670498,739,740,2
1670509,741,740,1
1670519,738,740,2
1670529,743,740,2
1670539,741,740,2
1670549,739,740,2
1670560,741,740,2
1670570,739,740,2
1670580,740,740,2
1670590,741,740,2
1670600,739,740,2
1670611,741,740,1
1670621,739,740,1
1670631,739,740,1
1670641,741,740,1
1670651,738,740,1
1670662,741,740,1
1670672,739,740,1
1670682,740,740,1
1670692,741,740,1
1670702,738,740,1
1670713,740,739,2
1670723,740,740,1
1670733,739,739,2
1670743,740,739,2
1670753,738,739,2
1670764,739,739,2
1670774,741,739,2
1670784,739,739,2
1670794,741,739,2
1670804,739,739,2
1670815,739,739,2
1670825,741,739,2
1670835,738,739,2
1670845,740,739,2
1670855,739,739,2
1670866,739,739,2
1670876,741,739,2
1670886,739,739,2
1670896,741,739,2
1670906,740,739,2
1670917,739,739,2
SIM
1670937,805,791,8
1670947,794,791,7
1670957,794,791,7
1670968,788,791,8
1670978,794,791,8
1670988,790,791,8
1670998,792,791,7
1671008,795,791,8
1671019,788,791,8
1671029,793,791,8
1671039,794,791,8
1671049,789,791,8
1671059,794,791,8
1671070,787,791,8
1671080,793,791,8
1671090,793,791,8
1671100,788,791,8
1671110,794,791,8
1671121,788,791,8
1671131,791,791,8
1671141,794,791,8
1671151,787,791,8
1671161,794,791,8
1671172,789,791,8
1671182,789,791,8
1671192,793,791,8
1671202,787,791,8
1671212,792,791,8
1671223,791,791,8
1671233,789,791,8
1671243,794,791,8
1671253,788,791,8
1671263,792,791,8
1671274,794,791,8
1671284,789,791,8
1671294,794,791,8
1671304,789,791,8
1671314,792,791,8
1671325,795,791,8
1671335,788,791,8
1671345,794,791,8
1671355,791,791,8
1671365,791,791,8
1671376,795,791,8
1671386,789,791,8
1671396,796,791,8
1671406,794,791,8
1671416,790,791,8
1671427,796,791,8
1671437,790,791,8
1671447,792,791,8
1671457,795,791,8
1671467,789,791,8
1671478,795,791,8
1671488,789,791,8
1671498,791,791,8
1671508,793,791,8
1671518,787,791,8
1671529,794,791,8
1671539,792,791,8
1671549,788,791,8
1671559,794,791,8
1671570,787,791,8
1671580,792,791,8
1671590,794,791,8
1671600,788,791,8
1671610,794,791,8
1671621,788,791,8
1671631,791,791,8
1671641,792,791,8
1671651,788,791,8
1671661,793,791,8
1671672,790,791,8
1671682,790,791,8
1671692,792,791,8
1671702,787,791,8
1671712,792,791,8
1671723,791,791,8
1671733,789,791,8
1671743,794,791,8
1671753,788,791,8
1671763,792,791,8
1671774,794,791,8
1671784,787,791,8
1671794,794,791,8
1671804,788,791,8
1671814,792,791,8
1671825,794,791,8
1671835,788,791,8
1671845,794,791,8
1671855,792,791,8
1671865,791,791,8
1671876,795,791,8
1671886,789,791,8
1671896,793,791,8
1671906,794,791,8
1671916,790,791,8
1671927,795,791,8
1671937,789,791,8
1671947,792,791,8
1671957,793,791,8
1671967,787,791,8
1671978,793,791,8
1671988,790,791,8
1671998,790,791,8
1672008,794,791,8
1672018,787,791,8
1672029,793,791,8
1672039,792,791,8
1672049,789,791,8
1672059,794,791,8
1672069,788,791,8
1672080,793,791,8
1672090,795,791,8
1672100,789,791,8
1672110,794,791,8
1672120,789,791,8
1672131,793,791,8
1672141,794,791,8
1672151,787,791,8
RIM
1672171,748,734,5
1672182,739,734,6
1672192,740,734,6
1672202,735,734,6
1672212,741,734,6
1672222,740,734,6
1672233,737,734,6
1672243,741,734,7
1672253,736,734,7
1672263,737,734,6
1672273,738,734,7
1672284,732,734,7
1672294,738,734,7
1672304,734,734,7
1672314,735,734,7
1672324,738,734,7
1672335,732,734,7
1672345,737,734,7
1672355,734,734,7
1672365,734,734,7
1672375,737,734,7
1672386,731,734,7
1672396,736,734,7
1672406,735,734,7
1672416,732,734,7
1672426,735,734,7
1672437,733,734,7
1672447,734,734,7
1672457,737,734,7
1672467,736,734,7
1672477,740,734,7
1672488,737,734,7
1672498,737,734,7
1672508,740,735,6
1672518,734,735,6
1672528,739,735,6
1672539,739,735,6
1672549,736,735,6
1672559,740,735,7
1672569,735,735,7
1672579,738,735,7
1672590,740,735,7
1672600,735,735,7
1672610,739,735,7
1672620,735,735,7
1672630,737,735,7
1672641,739,735,7
1672651,732,735,7
1672661,737,735,7
1672671,735,735,7
1672682,734,735,7
1672692,737,735,7
1672702,732,735,7
1672712,736,735,7
1672722,736,735,7
1672733,733,735,7
1672743,737,735,7
1672753,732,735,7
1672763,736,735,7
1672773,737,735,7
1672784,731,735,7
1672794,736,735,7
1672804,733,735,7
1672814,736,735,7
1672824,737,735,7
1672835,730,735,7
1672845,736,735,7
1672855,735,735,7
1672865,734,735,7
1672875,737,735,7
1672886,731,735,7
1672896,736,735,7
1672906,737,735,7
1672916,733,735,7
1672926,736,735,7
1672937,731,735,7
1672947,735,735,7
1672957,737,735,7
1672967,732,735,7
1672977,736,735,7
1672988,733,735,7
1672998,735,735,7
1673008,737,735,7
1673018,732,735,7
1673028,736,735,7
1673039,734,735,7
1673049,733,735,7
1673059,737,735,7
1673069,732,735,7
1673079,735,735,7
1673090,736,735,7
1673100,732,735,7
1673110,737,735,7
1673120,733,735,7
1673130,736,735,7
1673141,737,735,7
1673151,732,735,7
1673161,737,735,7
1673171,734,735,7
1673181,734,735,7
1673192,737,735,7
1673202,732,735,7
1673212,736,735,7
1673222,735,735,7
1673232,733,735,7
1673243,736,735,7
1673253,732,735,7
1673263,735,735,7
1673273,737,735,7
1673283,732,735,7
1673294,736,735,7
1673304,733,735,7
1673314,735,735,7
1673324,737,735,7
1673334,731,735,7
1673345,736,735,7
1673355,735,735,7
1673365,734,735,7
1673375,736,735,7
1673385,732,735,7
OSM
1673406,739,739,2
1673416,739,739,2
1673427,741,739,2
1673437,738,739,2
1673447,740,739,2
1673457,742,739,2
1673467,738,739,2
1673478,741,739,2
1673488,740,739,2
1673498,738,739,2
1673508,742,739,2
1673518,738,739,2
1673528,741,739,2
1673539,740,739,2
1673549,740,739,2
1673559,743,739,2
1673569,739,739,2
1673579,740,739,2
1673590,741,739,2
1673600,740,739,2
1673610,743,739,2
1673620,739,739,2
1673630,740,739,2
1673641,741,739,2
1673651,738,739,2
1673661,740,739,2
1673671,741,739,2
1673682,740,739,2
1673692,742,739,2
1673702,739,739,2
1673712,741,739,2
1673722,745,739,2
1673733,740,739,2
1673743,742,740,1
1673753,739,740,1
1673763,740,739,2
1673773,740,740,1
1673784,738,739,2
1673794,740,739,2
1673804,739,739,2
1673814,741,739,2
1673824,741,739,2
1673835,738,739,2
1673845,741,739,2
1673855,740,739,2
1673865,740,739,2
1673875,741,739,2
1673885,739,739,2
1673896,740,739,2
1673906,740,739,2
1673916,741,739,2
1673926,741,739,2
1673936,740,740,1
1673947,740,740,1
1673957,742,740,1
1673967,742,740,1
1673977,741,740,1
1673987,739,740,1
1673998,740,739,2
1674008,741,740,1
1674018,740,740,1
1674028,741,740,1
1674038,740,740,1
1674049,739,740,1
1674059,741,740,1
1674069,740,740,1
1674079,740,740,1
1674089,741,740,1
1674100,740,740,1
1674110,740,740,1
1674120,741,740,1
1674130,740,740,1
1674140,741,740,1
1674151,738,740,1
1674161,741,740,1
1674171,742,740,1
1674181,739,740,1
1674191,742,740,1
1674202,738,740,1
1674212,740,740,1
1674222,742,740,1
1674232,739,740,1
1674242,742,740,1
1674253,739,740,1
1674263,740,740,1
1674273,743,740,1
1674283,738,740,1
1674293,741,740,1
1674304,739,740,1
1674314,739,740,1
1674324,743,740,1
1674334,739,740,1
1674344,741,740,1
1674355,740,740,1
1674365,740,740,1
1674375,742,740,1
1674385,738,740,1
1674395,741,740,1
1674406,740,740,1
1674416,738,740,1
1674426,743,740,1
1674436,739,740,1
1674446,741,740,1
1674457,741,740,1
1674467,739,740,1
1674477,743,740,1
1674487,740,740,1
1674497,740,740,1
1674508,741,740,1
1674518,738,740,1
1674528,742,740,1
1674538,741,740,1
1674548,740,740,1
1674559,741,740,1
1674569,738,740,1
1674579,742,740,1
1674589,741,740,1
1674599,742,740,2
1674610,741,740,2
1674620,739,740,2
SIM
1674640,810,791,9
1674650,789,791,9
1674661,794,791,9
1674671,790,791,9
1674681,790,791,9
1674691,794,791,9
1674702,787,791,10
1674712,793,791,9
1674722,791,791,9
1674732,789,791,9
1674742,794,791,9
1674753,788,791,9
1674763,792,791,9
1674773,793,791,9
1674783,787,791,9
1674793,795,791,9
1674804,789,791,9
1674814,793,791,9
1674824,794,791,9
1674834,786,791,10
1674844,794,791,10
1674855,791,791,9
1674865,789,791,9
1674875,793,791,9
1674885,786,791,10
1674895,792,791,10
1674906,795,791,10
1674916,788,791,10
1674926,796,791,10
1674936,788,791,10
1674946,792,791,10
1674957,795,791,10
1674967,788,791,10
1674977,795,791,10
1674987,791,791,10
1674997,793,791,10
1675008,795,791,10
1675018,788,791,10
1675028,793,791,10
1675038,792,791,10
1675048,788,791,10
1675059,793,791,10
1675069,787,791,10
1675079,793,791,10
1675089,795,791,10
1675099,788,791,10
1675110,794,791,10
1675120,789,791,10
1675130,792,791,10
1675140,793,791,10
1675151,787,791,10
1675161,793,791,10
1675171,790,791,10
1675181,789,791,10
1675191,793,791,10
1675202,788,791,10
1675212,793,791,10
1675222,792,791,10
1675232,790,791,10
1675242,794,791,10
1675253,789,791,10
1675263,794,791,10
1675273,794,791,10
1675283,789,791,10
1675293,795,791,10
1675304,791,791,10
1675314,792,791,9
1675324,795,791,10
1675334,787,791,10
1675344,793,791,10
1675355,790,791,10
1675365,789,791,10
1675375,794,791,10
1675385,789,791,10
1675395,794,791,10
1675406,794,791,10
1675416,790,791,10
1675426,796,791,10
1675436,788,791,10
1675447,792,791,10
1675457,794,791,10
1675467,788,791,10
1675477,793,791,10
1675487,790,791,10
1675498,791,791,10
1675508,794,791,10
1675518,786,791,10
1675528,793,791,10
1675538,792,791,10
1675549,789,791,10
1675559,795,791,10
1675569,788,791,10
1675579,794,791,10
1675589,795,791,10
1675600,790,791,10
1675610,795,791,10
1675620,789,791,10
1675630,792,791,10
1675640,794,791,10
1675651,788,791,10
1675661,795,791,10
1675671,790,791,10
1675681,789,791,10
1675691,794,791,10
1675702,788,791,10
1675712,793,791,10
1675722,793,791,10
1675732,790,791,10
1675743,794,791,10
1675753,788,791,10
1675763,791,791,10
1675773,794,791,10
1675783,787,791,10
1675794,792,791,10
1675804,791,791,10
1675814,792,791,10
1675824,795,791,10
1675834,789,791,10
1675845,793,791,10
1675855,792,791,10
RIM
1675875,744,735,6
1675885,733,735,6
1675895,736,735,6
1675906,735,735,6
1675916,732,735,6
1675926,736,735,6
1675936,735,735,6
1675947,738,735,5
1675957,740,735,6
1675967,734,735,6
1675977,738,735,6
1675987,737,735,6
1675998,737,735,5
1676008,739,735,6
1676018,733,735,6
1676028,738,735,6
1676038,738,735,6
1676049,734,735,6
1676059,739,735,6
1676069,734,735,6
1676079,737,735,6
1676089,739,735,6
1676100,734,735,6
1676110,739,735,6
1676120,736,735,6
1676130,737,735,6
1676140,739,735,6
1676151,734,735,6
1676161,738,735,6
1676171,737,735,6
1676181,735,735,6
1676191,739,735,6
1676202,733,735,6
1676212,738,735,6
1676222,738,735,6
1676232,734,735,6
1676242,738,735,6
1676253,735,735,6
1676263,737,735,5
1676273,739,735,6
1676283,734,735,6
1676293,738,735,5
1676304,735,735,5
1676314,737,735,5
1676324,739,735,5
1676334,733,735,5
1676344,739,735,5
1676355,738,735,5
1676365,735,735,5
1676375,739,735,6
1676385,733,735,6
1676395,737,735,6
1676406,738,735,6
1676416,735,735,6
1676426,739,735,6
1676436,734,735,6
1676446,737,735,6
1676457,739,735,6
1676467,733,735,6
1676477,738,735,6
1676487,735,735,6
1676497,736,735,6
1676508,738,735,6
1676518,734,735,6
1676528,738,735,6
1676538,737,735,6
1676548,735,735,6
1676559,738,735,6
1676569,734,735,6
1676579,737,735,6
1676589,739,735,6
1676599,734,735,6
1676610,738,735,6
1676620,736,735,6
1676630,737,735,6
1676640,739,735,6
1676650,734,735,6
1676661,738,735,6
1676671,736,735,6
1676681,737,735,6
1676691,739,735,6
1676701,734,735,6
1676712,737,735,6
1676722,738,735,6
1676732,734,735,6
1676742,738,736,5
1676752,734,736,5
1676763,737,736,5
1676773,739,736,5
1676783,734,736,5
1676793,738,736,5
1676803,736,736,5
1676814,737,736,5
1676824,738,736,5
1676834,734,736,5
1676844,738,736,5
1676854,737,736,5
1676865,735,736,5
1676875,738,736,5
1676885,734,736,5
1676895,737,736,5
1676905,738,736,4
1676916,735,736,4
1676926,738,736,4
1676936,735,736,4
1676946,737,736,4
1676956,738,736,4
1676967,734,736,4
1676977,739,736,4
1676987,736,736,4
1676997,736,736,4
1677007,739,736,4
1677018,733,736,4
1677028,738,736,4
1677038,737,736,4
1677048,736,736,4
1677058,738,736,4
1677069,735,736,4
1677079,739,736,4
1677089,739,736,4
OSM
1677110,737,740,2
1677120,737,740,2
1677130,739,740,2
1677141,739,740,2
1677151,738,740,2
1677161,743,740,2
1677171,739,740,2
1677181,740,740,2
1677192,739,740,2
1677202,736,740,2
1677212,739,740,2
1677222,739,740,2
1677232,737,740,2
1677243,740,740,2
1677253,738,740,2
1677263,738,740,2
1677273,739,740,2
1677283,738,740,2
1677294,739,740,2
1677304,738,740,2
1677314,738,740,2
1677324,740,740,2
1677334,738,740,2
1677345,739,739,3
1677355,739,740,2
1677365,738,739,3
1677375,741,739,3
1677385,738,739,3
1677396,739,739,3
1677406,739,739,3
1677416,737,739,3
1677426,741,739,2
1677436,739,739,2
1677447,740,739,2
1677457,740,739,2
1677467,737,739,2
1677477,739,739,2
1677487,739,739,2
1677498,738,739,2
1677508,740,739,2
1677518,739,739,2
1677528,741,739,2
1677538,740,739,2
1677549,739,739,2
1677559,739,739,2
1677569,738,739,2
1677579,739,739,2
1677589,740,739,2
1677600,738,739,2
1677610,739,739,2
1677620,739,739,2
1677630,739,739,2
1677640,740,739,2
1677651,737,739,2
1677661,740,739,2
1677671,739,739,2
1677681,738,739,2
1677691,740,739,2
1677702,737,739,2
1677712,740,739,2
1677722,741,739,2
1677732,739,739,2
1677742,740,739,2
1677753,738,739,2
1677763,739,739,2
1677773,739,739,2
1677783,737,739,2
1677793,739,739,2
1677804,738,739,2
1677814,739,739,2
1677824,740,739,2
1677834,738,739,2
1677844,740,739,2
1677855,740,739,2
1677865,738,739,2
1677875,741,739,2
1677885,738,739,2
1677895,739,739,2
1677906,739,739,2
1677916,738,739,2
1677926,740,739,2
1677936,739,739,2
1677946,739,739,2
1677957,741,739,2
1677967,737,739,2
1677977,739,739,2
1677987,738,739,2
1677997,738,739,2
1678008,740,739,2
1678018,738,739,2
1678028,741,739,2
1678038,741,739,2
1678048,739,739,2
1678059,740,739,2
1678069,738,739,2
1678079,740,739,1
1678089,745,739,2
1678099,740,739,2
1678110,741,739,2
1678120,739,739,2
1678130,743,739,2
1678140,741,739,2
1678150,739,739,2
1678161,740,739,2
1678171,740,739,2
1678181,742,739,2
1678191,741,739,2
1678201,739,739,2
1678212,740,739,2
1678222,741,739,2
1678232,742,739,2
1678242,742,739,2
1678252,739,739,2
1678263,743,739,2
1678273,744,739,2
1678283,739,739,2
1678293,741,739,2
1678303,740,739,2
1678314,741,739,2
1678324,741,739,2
SIM
1678344,810,791,10
1678354,795,791,10
1678365,791,791,10
1678375,796,791,10
1678385,788,791,10
1678395,795,791,10
1678405,794,791,10
1678416,788,791,10
1678426,793,791,10
1678436,788,791,10
1678446,792,791,10
1678456,793,791,10
1678467,787,791,10
1678477,793,791,10
1678487,789,791,10
1678497,791,791,10
1678507,794,791,10
1678518,788,791,10
1678528,793,791,10
1678538,792,791,10
1678548,790,791,10
1678558,795,791,10
1678569,789,791,10
1678579,794,791,10
1678589,795,791,10
1678599,788,791,10
1678609,794,791,10
1678620,789,791,10
1678630,791,791,10
1678640,793,791,10
1678650,786,791,10
1678661,793,791,10
1678671,791,791,10
1678681,790,791,10
1678691,794,791,10
1678701,787,791,10
1678712,793,791,10
1678722,793,791,10
1678732,787,791,10
1678742,793,791,10
1678752,787,791,10
1678763,791,791,10
1678773,793,791,10
1678783,787,791,10
1678793,794,791,10
1678803,792,791,10
1678814,791,791,9
1678824,794,791,10
1678834,787,791,10
1678844,793,791,10
1678854,792,791,10
1678865,791,791,9
1678875,796,791,10
1678885,789,791,10
1678896,791,791,10
1678906,793,791,10
1678916,788,791,10
1678926,792,791,10
1678936,788,791,10
1678947,791,791,10
1678957,793,791,10
1678967,788,791,10
1678977,794,791,10
1678987,791,791,10
1678998,790,791,9
1679008,795,791,10
1679018,788,791,10
1679028,794,791,10
1679038,794,791,10
1679049,790,791,10
1679059,794,791,10
1679069,787,791,10
1679079,791,791,10
1679089,793,791,10
1679100,788,791,10
1679110,792,791,10
1679120,789,791,10
1679130,792,791,9
1679141,795,791,9
1679151,788,791,10
1679161,793,791,9
1679171,793,791,9
1679181,789,791,9
1679192,794,791,10
1679202,787,791,10
1679212,792,791,10
1679222,793,791,9
1679232,787,791,10
1679243,794,791,10
1679253,788,791,10
1679263,791,791,9
1679273,795,791,10
1679283,788,791,10
1679294,793,791,9
1679304,790,791,9
1679314,791,791,9
1679324,794,791,9
1679334,788,791,9
1679345,793,791,9
1679355,793,791,9
1679365,789,791,9
1679375,795,791,9
1679385,790,791,9
1679396,792,791,9
1679406,794,791,9
1679416,788,791,9
1679426,794,791,9
1679436,790,791,9
1679447,792,791,9
1679457,794,791,9
1679467,788,791,9
1679477,794,791,9
1679487,792,791,9
1679498,791,791,9
1679508,795,791,9
1679518,788,791,9
1679528,793,791,9
1679538,792,791,9
1679549,788,791,9
1679559,794,791,9
RIM
1679579,747,736,5
1679589,739,736,5
1679600,732,736,5
1679610,736,736,5
1679620,734,736,5
1679630,736,736,5
1679640,737,736,5
1679651,732,736,5
1679661,736,736,5
1679671,736,736,5
1679681,734,736,5
1679691,738,736,5
1679702,733,736,5
1679712,736,736,5
1679722,738,736,5
1679732,732,736,5
1679742,737,736,5
1679753,733,736,5
1679763,735,736,5
1679773,736,736,5
1679783,731,736,5
1679793,737,736,5
1679804,734,736,5
1679814,735,736,5
1679824,736,736,5
1679834,731,736,5
1679844,736,736,5
1679855,737,736,5
1679865,732,736,5
1679875,736,736,5
1679885,733,736,5
1679895,736,736,5
1679906,737,736,5
1679916,731,736,5
1679926,738,736,5
1679936,734,736,5
1679946,735,736,5
1679957,737,736,5
1679967,731,736,5
1679977,735,736,5
1679987,734,736,5
1679997,734,736,5
1680008,737,736,5
1680018,732,736,5
1680028,735,736,5
1680038,735,736,5
1680048,733,736,5
1680059,737,735,6
1680069,732,735,6
1680079,734,735,6
1680089,736,735,6
1680099,732,735,6
1680110,737,735,6
1680120,734,735,6
1680130,733,735,6
1680140,736,735,6
1680150,732,735,6
1680161,736,735,6
1680171,735,735,6
1680181,732,735,6
1680191,736,735,6
1680201,732,735,6
1680212,736,735,6
1680222,738,735,6
1680232,732,735,6
1680242,736,735,6
1680252,734,735,6
1680263,735,735,6
1680273,736,735,6
1680283,730,735,6
1680293,735,735,6
1680303,734,735,6
1680314,735,735,6
1680324,736,735,6
1680334,732,735,6
1680344,736,735,6
1680354,736,735,6
1680365,734,735,6
1680375,737,735,6
1680385,732,735,6
1680395,736,735,5
1680405,738,735,6
1680416,732,735,6
1680426,736,735,6
1680436,733,735,6
1680446,735,735,5
1680456,737,735,5
1680467,732,735,6
1680477,735,735,5
1680487,734,735,5
1680497,733,735,5
1680507,737,735,5
1680518,732,735,5
1680528,735,735,5
1680538,736,735,5
1680548,731,735,5
1680558,736,735,5
1680569,733,735,5
1680579,734,735,5
1680589,736,735,5
1680599,731,735,5
1680609,736,735,5
1680620,734,735,5
1680630,734,735,5
1680640,737,735,5
1680650,732,734,6
1680660,736,734,6
1680671,735,734,6
1680681,732,734,6
1680691,736,734,6
1680701,732,734,6
1680711,736,734,6
1680722,737,734,6
1680732,732,734,6
1680742,736,734,6
1680752,732,734,6
1680762,735,734,6
1680773,737,734,6
1680783,731,734,6
1680793,736,734,5
OSM
1680814,738,739,2
1680824,743,739,2
1680834,737,739,2
1680844,739,739,2
1680855,740,739,2
1680865,738,739,2
1680875,747,739,2
1680885,741,739,2
1680895,740,739,2
1680906,741,739,2
1680916,741,739,2
1680926,743,739,3
1680936,739,739,3
1680946,740,739,3
1680957,741,739,3
1680967,741,739,3
1680977,743,739,3
1680987,741,739,3
1680997,740,739,3
1681008,741,739,3
1681018,741,739,3
1681028,742,739,3
1681038,742,739,3
1681048,739,739,3
1681059,741,739,3
1681069,741,739,3
1681079,742,739,3
1681089,742,739,3
1681099,739,739,3
1681110,740,739,3
1681120,742,739,3
1681130,741,739,3
1681140,741,739,3
1681150,738,739,3
1681161,741,739,3
1681171,743,739,3
1681181,742,740,2
1681191,742,740,2
1681201,739,740,2
1681212,740,740,2
1681222,743,740,2
1681232,740,740,2
1681242,742,740,2
1681252,740,740,2
1681263,740,740,2
1681273,743,740,3
1681283,741,740,3
1681293,743,740,3
1681303,740,740,3
1681314,739,740,3
1681324,743,740,3
1681334,741,740,3
1681344,741,740,3
1681354,741,740,3
1681365,739,740,3
1681375,743,740,3
1681385,741,740,3
1681395,742,740,3
1681405,740,740,3
1681416,739,740,3
1681426,741,740,3
1681436,741,740,3
1681446,741,740,3
1681456,741,740,3
1681467,739,740,3
1681477,744,740,3
1681487,742,740,3
1681497,742,740,3
1681507,741,740,3
1681518,738,740,3
1681528,743,740,3
1681538,743,740,3
1681548,741,740,3
1681558,741,740,3
1681569,739,740,3
1681579,742,740,3
1681589,743,740,3
1681599,741,740,3
1681609,741,740,3
1681620,739,740,3
1681630,741,740,3
1681640,744,740,3
1681650,740,740,3
1681660,741,740,3
1681671,740,740,3
1681681,742,740,3
1681691,742,740,3
1681701,741,740,3
1681711,740,740,3
1681722,739,740,3
1681732,741,740,3
1681742,742,740,3
1681752,741,740,3
1681762,740,740,3
1681773,740,740,3
1681783,741,740,3
1681793,743,740,3
1681803,741,740,3
1681813,740,740,3
1681824,740,740,3
1681834,741,740,3
1681844,743,740,3
1681854,742,740,3
1681864,739,740,3
1681875,742,740,3
1681885,740,740,3
1681895,742,740,3
1681905,743,741,2
1681915,739,740,3
1681926,740,740,3
1681936,740,740,3
1681946,742,740,3
1681956,743,741,2
1681966,738,740,3
1681977,740,740,3
1681987,742,740,3
1681997,742,740,3
1682007,743,740,3
1682017,738,740,3
1682028,740,740,3
SIM
1682048,809,791,9
1682058,798,791,9
1682068,790,791,9
1682079,795,791,9
1682089,796,791,9
1682099,790,791,9
1682109,794,791,9
1682119,791,791,9
1682130,791,791,9
1682140,794,791,9
1682150,788,791,9
1682160,793,791,9
1682170,794,791,9
1682181,792,791,9
1682191,797,791,9
1682201,790,791,9
1682211,794,791,9
1682221,794,791,9
1682232,790,791,9
1682242,796,791,10
1682252,790,791,10
1682262,794,791,10
1682272,795,791,10
1682283,790,791,10
1682293,794,791,10
1682303,791,791,9
1682313,791,791,9
1682323,793,791,9
1682334,788,791,9
1682344,793,791,9
1682354,792,791,9
1682364,790,791,9
1682374,794,791,9
1682385,790,791,9
1682395,792,791,9
1682405,794,791,9
1682415,788,791,9
1682425,795,791,9
1682436,790,791,9
1682446,792,791,9
1682456,795,791,9
1682466,787,791,9
1682477,795,791,9
1682487,791,791,9
1682497,791,791,9
1682507,795,791,9
1682517,790,791,9
1682528,794,791,9
1682538,795,791,9
1682548,790,791,9
1682558,795,791,9
1682568,788,791,10
1682579,793,791,9
1682589,796,791,10
1682599,789,791,10
1682609,794,791,10
1682619,790,791,10
1682630,791,791,10
1682640,794,792,9
1682650,788,791,10
1682660,792,791,10
1682670,790,791,10
1682681,791,791,9
1682691,794,791,10
1682701,789,791,10
1682711,794,791,9
1682721,794,792,8
1682732,788,791,9
1682742,795,791,10
1682752,788,791,10
