Polling for available serial device...
Opening serial monitor for com port: "/dev/ttyACM0"
Serial monitor opened successfully:
1936234,677,674,2
1936244,676,674,3
1936254,676,674,3
1936265,678,674,3
1936275,675,674,3
1936285,676,674,3
1936295,676,674,2
1936305,676,674,2
1936316,678,674,2
1936326,676,674,2
1936336,677,674,2
1936346,678,674,3
1936356,676,674,3
1936367,678,675,2
1936377,676,675,2
1936387,678,675,2
1936397,678,675,2
1936407,676,675,2
1936418,678,675,2
1936428,677,675,2
1936438,676,675,2
1936448,677,675,2
1936458,676,675,2
1936469,677,675,2
1936479,677,675,2
1936489,676,675,2
1936499,677,675,2
1936509,678,675,2
1936520,678,675,2
1936530,678,675,2
1936540,677,675,2
1936550,677,675,2
1936560,676,675,2
1936571,678,675,2
1936581,678,675,2
1936591,677,675,2
1936601,678,675,2
1936611,677,675,2
1936622,680,675,3
1936632,678,675,3
1936642,675,675,3
1936652,678,675,3
1936662,678,675,3
1936673,675,675,3
1936683,677,675,3
1936693,676,675,3
1936703,678,675,3
1936713,678,675,3
1936724,675,675,3
1936734,678,675,3
1936744,677,675,3
1936754,677,675,3
1936764,679,675,3
1936775,675,675,3
1936785,678,675,3
1936795,677,675,3
1936805,677,675,3
1936815,678,675,3
1936826,675,675,3
1936836,678,675,3
1936846,678,675,3
1936856,677,675,3
1936866,678,676,2
1936877,675,676,2
1936887,677,676,2
1936897,677,676,2
1936907,676,676,2
1936917,678,676,2
1936928,677,676,2
1936938,678,676,2
1936948,678,676,2
1936958,675,676,2
1936968,677,676,2
1936979,677,676,2
1936989,677,676,2
1936999,678,676,2
1937009,676,676,2
1937019,678,676,2
1937030,677,676,2
1937040,676,676,2
1937050,678,676,2
1937060,677,676,2
1937070,677,676,2
1937081,677,676,2
1937091,675,676,2
1937101,677,676,2
1937111,677,676,2
1937121,677,676,2
1937132,676,676,2
1937142,676,676,2
1937152,678,676,2
1937162,677,676,2
1937172,676,676,2
1937183,677,676,2
1937193,676,676,2
1937203,677,676,2
1937213,678,676,2
1937223,676,676,2
1937234,677,676,2
1937244,676,676,1
1937254,677,676,1
1937264,679,676,2
1937274,676,676,2
1937285,677,676,2
1937295,677,676,2
1937305,676,676,2
1937315,678,676,2
1937325,676,676,2
1937336,677,676,2
1937346,677,676,2
1937356,676,676,1
1937366,678,676,1
1937376,676,676,1
1937387,677,676,1
1937397,679,676,2
1937407,676,676,2
1937417,678,676,2
1937427,677,676,2
1937438,676,676,1
SIM
1937458,810,794,6
1937468,799,794,6
1937478,796,794,6
1937489,793,794,6
1937499,796,794,6
1937509,791,794,6
1937519,795,794,6
1937529,795,794,6
1937540,792,794,6
1937550,796,794,6
1937560,791,794,6
1937570,796,794,6
1937580,799,794,6
1937591,790,794,6
1937601,797,794,6
1937611,795,794,6
1937621,794,794,6
1937631,797,794,6
1937642,792,794,6
1937652,798,794,6
1937662,796,794,6
1937672,793,794,6
1937682,796,794,6
1937693,791,794,6
1937703,795,794,6
1937713,797,794,6
1937723,791,794,6
1937733,796,794,6
1937744,792,794,6
1937754,795,794,6
1937764,797,794,6
1937774,791,794,6
1937784,796,794,6
1937795,793,794,6
1937805,794,794,6
1937815,798,794,6
1937825,789,794,7
1937835,795,794,7
1937846,794,794,7
1937856,792,794,7
1937866,797,794,7
1937876,793,794,7
1937886,794,794,7
1937897,796,794,7
1937907,790,794,7
1937917,796,794,7
1937927,792,794,7
1937937,794,794,7
1937948,795,794,7
1937958,790,794,7
1937968,793,794,7
1937978,792,794,7
1937988,793,794,7
1937999,795,794,7
1938009,790,794,7
1938019,795,794,7
1938029,794,794,7
1938039,790,794,7
1938050,796,794,7
1938060,791,794,7
1938070,794,794,7
1938080,796,794,7
1938091,790,794,7
1938101,797,794,7
1938111,793,794,7
1938121,795,794,7
1938131,797,794,7
1938142,791,794,7
1938152,797,794,7
1938162,794,794,7
1938172,793,794,7
1938182,795,794,7
1938193,791,794,7
1938203,795,794,7
1938213,797,794,7
1938223,790,794,7
1938233,796,794,7
1938244,791,794,7
1938254,794,794,7
1938264,796,794,7
1938274,790,794,7
1938284,795,794,7
1938295,792,794,7
1938305,792,794,7
1938315,796,794,7
1938325,789,794,7
1938335,795,794,7
1938346,796,794,7
1938356,791,794,7
1938366,796,794,7
1938376,792,794,7
1938386,795,794,7
1938397,798,794,7
1938407,791,794,7
1938417,796,794,7
1938427,793,794,7
1938437,794,794,7
1938448,798,794,7
1938458,792,794,7
1938468,797,794,7
1938478,794,794,7
1938488,794,794,7
1938499,796,794,7
1938509,791,794,7
1938519,796,794,7
1938529,797,794,7
1938539,795,794,7
1938550,797,794,8
1938560,793,794,7
1938570,795,794,7
1938580,798,794,8
1938590,791,794,8
1938601,797,794,8
1938611,794,794,8
1938621,793,794,8
1938631,796,794,8
1938641,791,794,8
1938652,795,794,8
1938662,795,794,8
1938672,792,794,8
RIM
1938692,762,749,6
1938703,755,749,6
1938713,755,749,6
1938723,747,749,6
1938733,750,749,6
1938743,746,749,6
1938754,748,749,6
1938764,751,749,6
1938774,745,749,6
1938784,750,749,6
1938794,748,749,6
1938805,747,749,6
1938815,751,749,6
1938825,747,749,6
1938835,750,749,6
1938845,749,749,6
1938856,746,749,6
1938866,750,749,6
1938876,746,749,6
1938886,748,749,6
1938896,750,749,6
1938907,746,749,6
1938917,750,749,6
1938927,747,749,6
1938937,748,749,6
1938947,751,749,6
1938958,745,749,6
1938968,749,749,6
1938978,749,749,6
1938988,747,749,6
1938999,749,749,6
1939009,745,749,6
1939019,749,749,6
1939029,749,749,5
1939039,745,749,6
1939050,749,749,6
1939060,745,749,6
1939070,748,748,7
1939080,749,748,7
1939090,744,748,7
1939101,749,748,7
1939111,746,748,7
1939121,746,748,7
1939131,749,748,7
1939141,744,748,7
1939152,748,748,7
1939162,747,748,7
1939172,745,748,7
1939182,749,748,7
1939192,745,748,7
1939203,748,748,7
1939213,749,748,7
1939223,745,748,7
1939233,749,748,6
1939243,746,748,6
1939254,748,748,6
1939264,750,748,7
1939274,745,748,7
1939284,749,748,7
1939294,748,748,7
1939305,747,748,6
1939315,750,748,6
1939325,745,748,6
1939335,749,748,6
1939345,748,748,6
1939356,746,748,6
1939366,750,748,6
1939376,746,748,6
1939386,748,748,6
1939396,750,748,6
1939407,744,748,6
1939417,750,748,6
1939427,747,748,6
1939437,748,748,6
1939447,750,748,6
1939458,745,748,6
1939468,750,748,6
1939478,747,748,6
1939488,747,748,6
1939498,749,748,6
1939509,745,748,6
1939519,749,748,6
1939529,750,748,6
1939539,746,748,6
1939549,750,748,6
1939560,746,748,6
1939570,748,748,6
1939580,750,748,6
1939590,745,748,6
1939600,749,748,6
1939611,747,748,6
1939621,748,748,6
1939631,752,748,6
1939641,748,748,6
1939651,751,748,6
1939662,751,748,6
1939672,749,748,6
1939682,751,748,6
1939692,748,748,6
1939702,752,748,6
1939713,752,748,6
1939723,749,748,6
1939733,752,748,6
1939743,748,748,6
1939753,750,748,6
1939764,752,748,6
1939774,748,748,6
1939784,752,748,6
1939794,749,748,6
1939804,749,748,6
1939815,752,748,6
1939825,748,748,6
1939835,751,748,6
1939845,750,748,6
1939855,748,748,6
1939866,752,748,6
1939876,748,748,6
1939886,750,748,6
1939896,752,748,6
1939906,747,748,6
OSM
1939928,678,676,1
1939938,676,676,1
1939948,677,676,1
1939958,675,676,1
1939969,677,676,1
1939979,678,676,1
1939989,677,676,1
1939999,677,677,1
1940009,675,676,2
1940020,678,676,2
1940030,678,677,1
1940040,676,677,1
1940050,677,676,2
1940060,677,677,1
1940071,677,676,1
1940081,679,677,1
1940091,677,677,1
1940101,678,677,1
1940111,677,677,1
1940122,676,677,1
1940132,678,677,1
1940142,676,677,1
1940152,678,677,1
1940162,679,677,1
1940173,676,677,1
1940183,678,677,1
1940193,676,677,1
1940203,678,677,1
1940213,678,677,1
1940224,676,677,1
1940234,678,677,1
1940244,677,677,1
1940254,678,677,1
1940264,682,677,1
1940275,676,677,1
1940285,678,677,1
1940295,677,677,1
1940305,677,677,1
1940315,678,677,1
1940326,676,677,1
1940336,678,677,1
1940346,677,677,1
1940356,679,677,1
1940366,678,677,1
1940377,677,677,1
1940387,678,677,1
1940397,677,677,1
1940407,676,677,1
1940417,678,677,1
1940428,676,677,1
1940438,676,677,1
1940448,678,677,1
1940458,678,677,1
1940468,678,677,1
1940479,677,677,1
1940489,677,677,1
1940499,678,677,1
1940509,676,677,1
1940519,678,677,1
1940530,678,677,1
1940540,677,677,1
1940550,677,677,1
1940560,676,677,1
1940570,677,677,1
1940581,678,677,1
1940591,676,677,1
1940601,678,677,1
1940611,676,677,1
1940621,678,677,1
1940632,678,677,1
1940642,677,677,1
1940652,678,677,1
1940662,678,677,1
1940672,677,677,1
1940683,678,677,1
1940693,677,677,1
1940703,677,677,1
1940713,678,677,1
1940723,677,677,1
1940734,677,677,1
1940744,678,677,1
1940754,677,677,1
1940764,677,677,1
1940774,676,677,1
1940785,677,677,1
1940795,678,677,1
1940805,677,677,1
1940815,678,677,1
1940825,676,677,1
1940836,677,677,1
1940846,678,677,1
1940856,676,677,1
1940866,678,677,1
1940876,677,677,1
1940887,677,677,1
1940897,678,677,1
1940907,677,677,1
1940917,678,677,1
1940927,677,677,1
1940938,677,677,1
1940948,678,677,1
1940958,676,677,1
1940968,678,677,1
1940978,679,677,1
1940989,677,677,1
1940999,679,677,1
1941009,676,677,1
1941019,678,677,1
1941029,679,677,1
1941040,676,677,1
1941050,678,677,1
1941060,677,677,1
1941070,677,677,1
1941080,680,677,1
1941091,675,677,1
1941101,678,677,1
1941111,677,677,1
1941121,677,677,1
1941131,678,677,1
1941142,676,677,1
SIM
1941162,812,794,8
1941172,795,794,8
1941182,797,794,8
1941193,791,794,8
1941203,795,794,8
1941213,795,794,8
1941223,790,794,8
1941233,794,794,8
1941244,791,794,8
1941254,793,794,8
1941264,797,794,8
1941274,791,794,8
1941284,797,794,8
1941295,795,794,8
1941305,794,794,8
1941315,799,794,8
1941325,792,794,8
1941335,796,794,8
1941346,797,794,8
1941356,791,794,8
1941366,797,794,8
1941376,792,794,8
1941387,794,794,8
1941397,795,794,8
1941407,791,794,8
1941417,796,794,8
1941427,792,794,8
1941438,794,794,8
1941448,795,794,8
1941458,790,794,8
1941468,795,794,8
1941478,794,794,8
1941489,791,794,8
1941499,796,794,8
1941509,790,794,8
1941519,794,794,8
1941529,796,794,8
1941540,791,794,8
1941550,795,794,8
1941560,791,794,8
1941570,794,794,8
1941580,795,794,8
1941591,792,794,8
1941601,794,794,8
1941611,792,794,8
1941621,792,794,8
1941631,796,794,8
1941642,790,794,8
1941652,795,794,8
1941662,796,794,8
1941672,792,794,8
1941682,795,794,8
1941693,790,794,8
1941703,795,794,8
1941713,795,794,8
1941723,791,794,8
1941733,795,794,8
1941744,792,794,8
1941754,793,794,8
1941764,795,794,8
1941774,789,794,8
1941784,795,794,8
1941795,794,794,8
1941805,792,794,8
1941815,796,794,8
1941825,790,794,8
1941835,795,793,9
1941846,795,794,8
1941856,791,793,9
1941866,796,793,9
1941876,791,793,9
1941886,794,793,9
1941897,796,794,8
1941907,789,793,9
1941917,796,793,9
1941927,792,793,9
1941937,793,793,9
1941948,797,793,9
1941958,789,793,9
1941968,794,793,9
1941978,794,793,9
1941988,791,793,9
1941999,797,793,9
1942009,790,793,9
1942019,793,793,9
1942029,796,793,9
1942039,791,793,9
1942050,795,793,9
1942060,790,793,9
1942070,794,793,9
1942080,795,793,9
1942090,789,793,9
1942101,796,793,9
1942111,792,793,9
1942121,793,793,9
1942131,796,793,9
1942141,790,793,9
1942152,794,793,8
1942162,794,793,8
1942172,791,793,8
1942182,796,793,8
1942192,791,793,8
1942203,795,793,8
1942213,796,793,8
1942223,790,793,8
1942233,795,793,8
1942243,792,793,8
1942254,793,793,8
1942264,795,793,8
1942274,790,793,8
1942284,812,793,11
1942294,794,793,11
1942305,794,793,11
1942315,796,793,11
1942325,791,793,11
1942335,795,793,11
1942345,796,793,11
1942356,794,793,11
1942366,796,793,11
1942376,792,793,11
RIM
1942396,762,748,6
1942406,750,748,6
1942417,754,748,6
1942427,751,748,6
1942437,752,748,6
1942447,753,748,6
1942457,749,748,6
1942468,752,748,6
1942478,752,748,6
1942488,750,748,6
1942498,753,748,7
1942508,748,748,7
1942519,752,748,7
1942529,752,748,7
1942539,748,748,7
1942549,753,748,7
1942559,750,748,7
1942570,751,748,7
1942580,752,748,7
1942590,747,748,7
1942600,752,748,7
1942610,750,748,7
1942621,750,748,7
1942631,752,748,7
1942641,748,748,7
1942651,750,748,7
1942661,751,748,7
1942672,749,748,7
1942682,752,748,7
1942692,748,749,6
1942702,751,749,6
1942712,751,749,6
1942723,747,749,6
1942733,751,749,6
1942743,749,749,6
1942753,751,749,6
1942763,752,749,6
1942774,747,749,6
1942784,751,749,6
1942794,750,749,6
1942804,749,749,6
1942814,752,749,6
1942825,748,749,6
1942835,751,749,6
1942845,751,749,6
1942855,748,749,6
1942865,752,749,6
1942876,748,749,6
1942886,750,749,6
1942896,752,749,6
1942906,747,749,6
1942916,751,749,6
1942927,749,749,6
1942937,750,749,6
1942947,753,749,6
1942957,747,749,6
1942967,751,749,6
1942978,750,749,6
1942988,749,749,6
1942998,753,749,6
1943008,747,749,6
1943018,751,749,6
1943029,752,749,6
1943039,748,749,6
1943049,751,749,6
1943059,748,749,6
1943069,750,749,6
1943080,752,749,6
1943090,746,749,6
1943100,752,749,6
1943110,750,749,6
1943120,750,749,6
1943131,753,749,6
1943141,747,749,6
1943151,751,749,6
1943161,751,750,5
1943171,749,749,6
1943182,752,750,5
1943192,748,750,5
1943202,751,750,5
1943212,752,750,4
1943222,747,750,4
1943233,752,750,4
1943243,748,750,4
1943253,750,750,4
1943263,752,750,4
1943273,746,750,4
1943284,752,750,4
1943294,749,750,4
1943304,749,750,4
1943314,752,750,4
1943324,747,750,4
1943335,751,750,4
1943345,751,750,4
1943355,749,750,4
1943365,752,750,4
1943375,749,750,4
1943386,751,750,4
1943396,753,750,4
1943406,748,750,4
1943416,752,750,4
1943426,748,750,4
1943437,750,750,4
1943447,752,750,4
1943457,748,750,4
1943467,751,750,4
1943477,750,750,4
1943488,749,750,4
1943498,752,750,4
1943508,748,750,4
1943518,750,750,4
1943528,752,750,4
1943539,748,750,4
1943549,752,750,4
1943559,748,750,4
1943569,750,750,4
1943579,752,750,4
1943590,747,750,4
1943600,752,750,4
1943610,750,750,4
OSM
1943631,678,677,1
1943641,675,677,1
1943651,676,677,1
1943662,681,677,1
1943672,674,677,1
1943682,676,677,1
1943692,675,677,1
1943702,676,677,1
1943713,676,677,1
1943723,674,677,1
1943733,678,677,1
1943743,677,677,1
1943753,678,677,1
1943764,679,677,1
1943774,676,677,1
1943784,678,677,1
1943794,677,677,1
1943804,677,677,1
1943815,678,677,1
1943825,676,677,1
1943835,678,677,1
1943845,678,677,1
1943855,675,677,1
1943866,678,677,1
1943876,676,677,1
1943886,678,677,1
1943896,678,677,1
1943906,677,677,1
1943917,678,677,1
1943927,676,677,1
1943937,677,677,1
1943947,678,677,1
1943957,679,677,1
1943968,678,677,1
1943978,677,677,1
1943988,676,677,1
1943998,678,677,1
1944008,676,677,1
1944019,678,677,1
1944029,678,677,1
1944039,676,677,1
1944049,678,677,1
1944059,676,677,1
1944070,677,677,1
1944080,678,677,1
1944090,676,677,1
1944100,679,677,1
1944110,677,677,1
1944121,677,677,1
1944131,678,677,1
1944141,674,677,1
1944151,677,677,1
1944162,679,677,1
1944172,677,677,1
1944182,678,677,1
1944192,676,677,1
1944202,677,677,1
1944213,679,677,1
1944223,676,677,1
1944233,679,677,1
1944243,677,677,1
1944253,677,677,1
1944264,677,677,1
1944274,676,677,1
1944284,678,677,1
1944294,678,677,1
1944304,677,677,1
1944315,678,677,1
1944325,676,677,1
1944335,677,677,1
1944345,678,677,1
1944355,675,677,1
1944366,678,677,1
1944376,676,677,1
1944386,677,677,1
1944396,678,677,1
1944406,674,677,1
1944417,678,677,1
1944427,677,677,1
1944437,677,677,1
1944447,678,677,1
1944457,675,677,1
1944468,677,677,1
1944478,677,677,1
1944488,677,677,1
1944498,678,677,1
1944508,677,677,1
1944519,677,677,1
1944529,679,677,1
1944539,676,677,1
1944549,678,677,1
1944559,676,677,1
1944570,677,677,1
1944580,678,677,1
1944590,676,677,1
1944600,678,677,1
1944610,676,677,1
1944621,676,677,1
1944631,677,677,1
1944641,677,677,1
1944651,677,677,1
1944661,677,677,1
1944672,676,677,1
1944682,677,677,1
1944692,677,677,1
1944702,677,677,1
1944712,677,677,1
1944723,676,677,1
1944733,678,677,1
1944743,676,677,1
1944753,677,677,1
1944763,677,677,1
1944774,676,677,1
1944784,677,677,1
1944794,678,677,1
1944804,677,677,1
1944814,676,677,1
1944825,676,677,1
1944835,677,677,1
1944845,678,677,1
SIM
1944865,815,793,12
1944875,794,793,12
1944886,796,793,12
1944896,798,793,12
1944906,790,793,12
1944916,796,793,12
1944927,794,793,12
1944937,795,793,12
1944947,798,793,12
1944957,791,793,12
1944967,797,793,12
1944978,795,793,12
1944988,794,793,12
1944998,797,793,12
1945008,792,793,12
1945018,795,793,12
1945029,797,793,12
1945039,791,793,12
1945049,795,793,12
1945059,790,793,12
1945069,793,793,12
1945080,797,793,12
1945090,791,793,12
1945100,795,793,12
1945110,792,793,12
1945120,793,793,12
1945131,797,793,12
1945141,791,793,12
1945151,795,793,12
1945161,796,793,12
1945172,791,793,12
1945182,798,793,12
1945192,792,793,12
1945202,796,793,12
1945212,796,793,12
1945223,791,793,12
1945233,798,793,13
1945243,794,793,13
1945253,795,793,13
1945263,796,794,12
1945274,791,794,12
1945284,795,794,12
1945294,794,794,12
1945304,792,794,12
1945314,797,794,12
1945325,790,794,12
1945335,794,794,12
1945345,796,794,12
1945355,791,794,12
1945365,797,794,12
1945376,793,794,12
1945386,795,794,12
1945396,797,794,12
1945406,792,794,12
1945416,796,794,12
1945427,794,794,12
1945437,793,794,12
1945447,796,794,12
1945457,792,794,12
1945468,796,794,12
1945478,796,794,11
1945488,791,794,12
1945498,797,794,12
1945508,792,794,12
1945519,796,794,12
1945529,796,794,12
1945539,791,794,12
1945549,796,794,12
1945559,792,794,12
1945570,793,794,12
1945580,796,794,11
1945590,789,794,12
1945600,795,794,12
1945610,794,794,11
1945621,792,794,11
1945631,796,794,11
1945641,791,794,12
1945651,796,794,11
1945661,798,794,11
1945672,792,794,11
1945682,798,794,12
1945692,791,794,12
1945702,796,794,12
1945712,797,794,11
1945723,789,794,12
1945733,796,794,12
1945743,794,794,12
1945753,795,794,12
1945764,797,794,12
1945774,791,794,12
1945784,795,794,12
1945794,795,794,11
1945804,793,794,11
1945815,796,794,11
1945825,790,794,12
1945835,793,794,11
1945845,795,794,11
1945855,790,794,12
1945866,795,794,12
1945876,792,794,11
1945886,794,794,11
1945896,797,794,11
1945906,791,794,12
1945917,796,794,12
1945927,796,794,11
1945937,792,794,11
1945947,796,794,11
1945957,790,794,12
1945968,794,794,12
1945978,795,794,11
1945988,792,794,9
1945998,798,794,9
1946009,794,794,9
1946019,795,794,9
1946029,797,794,9
1946039,791,794,9
1946049,796,794,9
1946060,793,794,9
1946070,795,794,9
1946080,798,794,9
RIM
1946100,762,750,4
1946110,753,750,4
1946121,750,750,4
1946131,753,750,4
1946141,745,750,4
1946151,749,750,4
1946161,750,750,4
1946172,746,750,4
1946182,749,750,4
1946192,745,750,5
1946202,748,750,5
1946213,749,750,5
1946223,744,749,6
1946233,748,749,6
1946243,749,749,6
1946253,749,749,6
1946264,752,749,6
1946274,747,749,6
1946284,751,749,6
1946294,751,749,6
1946304,747,749,6
1946315,752,749,6
1946325,746,749,6
1946335,749,749,6
1946345,752,749,6
1946355,747,749,6
1946366,751,749,6
1946376,748,749,6
1946386,749,749,6
1946396,752,749,6
1946406,746,749,6
1946417,751,749,6
1946427,749,749,6
1946437,748,749,6
1946447,752,749,6
1946457,747,749,6
1946468,750,749,6
1946478,751,749,6
1946488,747,749,6
1946498,752,749,6
1946508,746,749,6
1946519,750,749,6
1946529,751,749,6
1946539,746,749,6
1946549,751,749,6
1946559,747,749,6
1946570,749,749,6
1946580,751,749,6
1946590,747,749,6
1946600,751,749,6
1946610,750,749,6
1946621,747,749,6
1946631,751,749,6
1946641,746,749,6
1946651,750,749,6
1946661,751,749,6
1946672,747,749,6
1946682,751,749,6
1946692,747,749,6
1946702,750,749,6
1946712,751,749,6
1946723,746,749,6
1946733,751,749,6
1946743,749,749,6
1946753,749,749,6
1946763,752,749,6
1946774,746,749,6
1946784,750,749,6
1946794,751,749,6
1946804,748,749,6
1946814,752,749,6
1946825,747,749,6
1946835,750,749,6
1946845,751,749,6
1946855,747,749,6
1946865,751,749,6
1946876,748,749,6
1946886,750,749,6
1946896,752,749,6
1946906,747,749,6
1946916,751,749,6
1946927,750,749,6
1946937,748,749,5
1946947,751,749,5
1946957,748,749,5
1946967,751,749,5
1946978,752,749,5
1946988,747,749,5
1946998,751,749,5
1947008,748,749,5
1947018,751,749,5
1947029,752,749,5
1947039,746,749,5
1947049,751,749,5
1947059,750,749,5
1947069,749,749,5
1947080,752,749,5
1947090,746,749,6
1947100,750,749,5
1947110,751,749,5
1947120,748,749,5
1947131,752,749,5
1947141,748,749,5
1947151,753,749,5
1947161,752,749,6
1947171,749,749,6
1947182,753,749,6
1947192,748,749,6
1947202,750,749,6
1947212,752,749,6
1947222,748,749,6
1947233,751,749,6
1947243,750,749,6
1947253,749,749,6
1947263,752,749,6
1947273,747,749,6
1947284,751,749,6
1947294,751,749,6
1947304,748,749,6
1947314,752,749,6
OSM
1947335,679,677,1
1947345,679,677,1
1947355,677,677,1
1947365,680,677,1
1947376,679,677,1
1947386,676,677,1
1947396,677,677,1
1947406,676,677,1
1947416,678,677,1
1947427,678,677,1
1947437,677,677,1
1947447,679,677,1
1947457,676,677,1
1947467,678,677,1
1947478,678,677,1
1947488,676,677,1
1947498,678,677,1
1947508,677,677,1
1947518,677,677,1
1947529,678,677,1
1947539,675,677,1
1947549,679,677,1
1947559,677,677,1
1947569,677,677,1
1947580,678,677,1
1947590,676,677,1
1947600,680,677,1
1947610,677,677,1
1947620,676,677,1
1947631,681,677,1
1947641,676,677,1
1947651,678,677,1
1947661,678,677,1
1947671,676,677,1
1947682,678,677,1
1947692,677,677,1
1947702,678,677,1
1947712,678,677,1
1947722,675,677,1
1947733,678,677,1
1947743,677,677,1
1947753,677,677,1
1947763,678,677,1
1947773,676,677,1
1947784,678,677,1
1947794,678,677,1
1947804,676,677,1
1947814,677,677,1
1947824,674,677,1
1947835,676,677,1
1947845,676,677,1
1947855,675,677,1
1947865,676,677,1
1947875,676,677,1
1947886,677,677,1
1947896,678,677,1
1947906,676,677,1
1947916,678,677,1
1947926,677,677,1
1947937,676,677,1
1947947,678,677,1
1947957,676,677,1
1947967,678,677,1
1947977,678,677,1
1947988,677,677,1
1947998,678,677,1
1948008,677,677,1
1948018,677,677,1
1948028,678,677,1
1948039,675,677,1
1948049,678,677,1
1948059,677,677,1
1948069,677,677,1
1948079,678,677,1
1948090,675,677,1
1948100,677,677,1
1948110,678,677,1
1948120,677,677,1
1948130,678,677,1
1948141,675,677,1
1948151,677,677,1
1948161,679,677,1
1948171,677,677,1
1948181,678,677,1
1948192,677,677,1
1948202,677,677,1
1948212,678,677,1
1948222,676,677,1
1948232,679,677,1
1948243,676,677,1
1948253,677,677,1
1948263,678,677,1
1948273,676,677,1
1948283,678,677,1
1948294,677,677,1
1948304,676,677,1
1948314,678,677,1
1948324,676,677,1
1948334,677,677,1
1948345,677,677,1
1948355,676,677,1
1948365,678,677,1
1948375,677,677,1
1948385,677,677,1
1948396,677,677,1
1948406,676,677,1
1948416,678,677,1
1948426,677,677,1
1948436,677,677,1
1948447,677,677,1
1948457,676,677,1
1948467,677,677,1
1948477,678,677,1
1948487,676,677,1
1948498,678,677,1
1948508,677,677,1
1948518,678,677,1
1948528,678,677,1
1948538,676,677,1
1948549,677,677,1
SIM
1948569,811,794,8
1948579,798,794,8
1948589,792,794,8
1948600,797,794,8
1948610,794,794,8
1948620,793,794,8
1948630,797,794,8
1948640,793,794,8
1948651,796,794,8
1948661,798,794,8
1948671,792,794,8
1948681,797,794,8
1948691,793,794,8
1948702,795,794,8
1948712,796,794,8
1948722,792,794,8
1948732,796,794,8
1948742,794,794,8
1948753,792,794,8
1948763,796,794,7
1948773,791,794,8
1948783,796,794,8
1948793,795,794,7
1948804,791,794,8
1948814,797,794,8
1948824,791,794,8
1948834,795,794,8
1948844,797,794,8
1948855,790,794,8
1948865,796,794,8
1948875,792,794,8
1948885,794,794,8
1948895,796,794,8
1948906,790,794,8
1948916,795,794,8
1948926,795,794,8
1948936,793,794,7
1948946,797,794,7
1948957,791,794,8
1948967,795,794,8
1948977,795,794,7
1948987,790,794,8
1948997,795,794,8
1949008,790,794,8
1949018,794,794,8
1949028,797,794,8
1949038,790,794,8
1949048,797,794,8
1949059,792,794,8
1949069,795,794,8
1949079,795,794,8
1949089,790,794,8
1949099,796,794,8
1949110,795,794,8
1949120,792,794,8
1949130,795,794,8
1949140,791,794,8
1949150,794,794,8
1949161,795,794,8
1949171,790,794,8
1949181,795,794,8
1949191,791,794,8
1949201,793,794,8
1949212,795,794,8
1949222,790,794,8
1949232,795,794,8
1949242,792,794,8
1949252,792,794,8
1949263,795,794,8
1949273,791,794,8
1949283,796,794,8
1949293,794,794,8
1949303,791,794,8
1949314,796,794,8
1949324,791,794,8
1949334,795,794,8
1949344,797,794,8
1949354,792,794,8
1949365,796,794,8
1949375,793,794,8
1949385,796,794,7
1949395,797,794,7
1949405,791,794,7
1949416,796,794,7
1949426,800,794,8
1949436,798,794,8
1949446,797,794,8
1949456,792,794,8
1949467,796,794,8
1949477,797,794,8
1949487,793,794,8
1949497,797,794,8
1949507,793,794,8
1949518,796,794,8
1949528,797,794,8
1949538,790,794,8
1949548,796,794,8
1949558,795,794,8
1949569,794,794,8
1949579,796,794,8
1949589,789,794,8
1949599,796,794,8
1949610,794,794,8
1949620,791,794,8
1949630,796,794,8
1949640,790,794,8
1949650,795,794,8
1949661,796,794,8
1949671,790,794,8
1949681,796,794,8
1949691,794,794,8
1949701,794,794,8
1949712,797,794,8
1949722,792,794,8
1949732,798,794,8
1949742,794,794,8
1949752,792,794,8
1949763,797,794,8
1949773,790,794,8
1949783,794,794,8
RIM
1949803,761,749,5
1949814,756,749,6
1949824,750,749,6
1949834,752,749,6
1949844,754,749,6
1949854,749,749,6
1949865,754,749,6
1949875,750,749,6
1949885,751,749,6
1949895,752,749,6
1949905,747,749,6
1949916,751,749,6
1949926,749,749,6
1949936,747,749,6
1949946,753,749,6
1949956,748,749,6
1949967,751,749,6
1949977,752,749,6
1949987,748,749,6
1949997,753,749,6
1950007,748,749,6
1950018,751,749,6
1950028,752,749,6
1950038,747,749,6
1950048,751,749,6
1950058,749,749,6
1950069,750,749,6
1950079,752,749,6
1950089,747,749,6
1950099,751,749,6
1950109,750,749,6
1950120,748,749,6
1950130,752,749,6
1950140,747,749,6
1950150,751,749,6
1950160,751,749,6
1950171,747,749,6
1950181,752,749,6
1950191,748,749,6
1950201,750,749,6
1950211,752,749,6
1950222,747,749,6
1950232,751,749,6
1950242,750,749,6
1950252,749,749,6
1950262,751,749,6
1950273,747,749,6
1950283,751,749,6
1950293,751,749,6
1950303,748,749,6
1950313,752,749,6
1950324,748,749,6
1950334,751,749,6
1950344,752,750,5
1950354,748,750,5
1950364,751,750,5
1950375,749,750,5
1950385,751,750,5
1950395,753,750,5
1950405,747,750,5
1950415,751,750,5
1950426,751,750,5
1950436,749,750,5
1950446,752,750,5
1950456,748,750,5
1950466,751,750,5
1950477,753,750,5
1950487,748,750,5
1950497,752,750,5
1950507,748,750,5
1950517,750,750,5
1950528,752,750,4
1950538,747,750,5
1950548,751,750,5
1950558,749,750,5
1950568,749,750,5
1950579,753,750,5
1950589,747,750,5
1950599,751,750,5
1950609,751,750,5
1950619,748,750,5
1950630,753,750,5
1950640,748,750,5
1950650,751,750,5
1950660,752,750,5
1950670,747,750,5
1950681,752,750,5
1950691,748,750,5
1950701,750,750,5
1950711,753,750,5
1950721,746,750,5
1950732,753,750,5
1950742,750,750,5
1950752,749,750,5
1950762,752,750,5
1950772,747,750,5
1950783,751,750,5
1950793,751,750,5
1950803,747,750,5
1950813,752,750,5
1950823,747,750,5
1950834,751,750,5
1950844,752,750,5
1950854,746,750,5
1950864,752,750,5
1950874,748,750,5
1950885,749,750,5
1950895,752,750,5
1950905,746,750,5
1950915,751,750,5
1950925,750,750,5
1950936,749,750,5
1950946,752,750,5
1950956,747,750,5
1950966,751,750,5
1950976,751,750,5
1950987,748,750,5
1950997,752,750,5
1951007,748,750,5
1951017,750,750,5
OSM
1951038,677,677,1
1951048,678,677,1
1951058,677,677,1
1951068,676,677,1
1951079,678,677,1
1951089,676,677,1
1951099,678,677,1
1951109,678,677,1
1951119,675,677,1
1951130,680,677,1
1951140,677,677,1
1951150,680,677,1
1951160,678,677,1
1951170,679,677,1
1951181,678,677,1
1951191,677,677,1
1951201,677,677,1
1951211,678,677,1
1951221,676,677,1
1951232,677,677,1
1951242,678,677,1
1951252,677,677,1
1951262,678,677,1
1951272,678,677,1
1951283,678,677,1
1951293,679,677,1
1951303,677,677,1
1951313,678,677,1
1951323,677,677,1
1951334,678,677,1
1951344,679,677,1
1951354,676,677,1
1951364,678,677,1
1951374,678,677,1
1951385,677,677,1
1951395,679,677,1
1951405,677,677,1
1951415,678,677,1
1951425,683,677,1
1951436,676,677,1
1951446,679,677,1
1951456,676,677,1
1951466,677,677,1
1951476,678,677,1
1951487,676,677,1
1951497,679,677,1
1951507,677,677,1
1951517,678,677,1
1951527,680,677,1
1951538,676,677,1
1951548,677,677,1
1951558,678,677,1
1951568,677,677,1
1951578,678,677,1
1951589,676,677,1
1951599,678,677,1
1951609,678,677,1
1951619,677,677,1
1951629,680,677,1
1951640,677,677,1
1951650,678,677,1
1951660,679,677,1
1951670,676,677,1
1951680,677,677,1
1951691,677,677,1
1951701,678,677,1
1951711,678,677,1
1951721,677,677,1
1951731,679,677,1
1951742,678,677,1
1951752,677,677,1
1951762,679,677,1
1951772,677,677,1
1951782,678,677,1
1951793,678,677,1
1951803,677,677,1
1951813,679,677,1
1951823,678,677,1
1951833,679,677,1
1951844,678,677,1
1951854,677,677,1
1951864,679,677,1
1951874,678,677,1
1951884,680,677,1
1951895,679,677,1
1951905,677,677,1
1951915,679,677,1
1951925,678,677,1
1951935,678,677,1
1951946,680,677,1
1951956,677,677,1
1951966,678,677,1
1951976,679,677,1
1951986,677,677,1
1951997,679,677,1
1952007,677,677,1
1952017,678,677,1
1952027,678,677,1
1952037,676,677,1
1952048,678,677,1
1952058,677,677,1
1952068,678,677,1
1952078,679,677,1
1952088,676,677,1
1952099,678,677,1
1952109,678,677,1
1952119,677,677,1
1952129,679,677,1
1952139,677,677,1
1952150,678,677,1
1952160,679,677,1
1952170,676,677,1
1952180,679,677,1
1952190,676,677,1
1952201,677,677,1
1952211,679,677,1
1952221,676,677,1
1952231,678,677,1
1952241,677,677,1
1952252,677,677,1
SIM
1952272,809,794,7
1952282,798,794,7
1952292,795,794,7
1952303,791,794,7
1952313,795,794,7
1952323,790,794,8
1952333,793,794,7
1952343,795,794,7
1952354,789,794,8
1952364,795,794,8
1952374,791,794,8
1952384,795,794,7
1952394,798,794,8
1952405,791,794,8
1952415,797,794,8
1952425,794,794,8
1952435,792,794,8
1952446,798,794,8
1952456,792,794,8
1952466,795,794,8
1952476,796,794,8
1952486,792,794,8
1952497,797,794,8
1952507,791,794,8
1952517,795,794,8
1952527,798,794,8
1952537,790,794,8
1952548,796,794,8
1952558,792,794,8
1952568,793,794,8
1952578,797,794,8
1952588,791,794,8
1952599,796,794,8
1952609,796,794,8
1952619,792,794,8
1952629,796,794,8
1952639,791,794,8
1952650,795,794,8
1952660,795,794,8
1952670,790,794,8
1952680,796,794,8
1952690,791,794,8
1952701,794,794,8
1952711,793,794,8
1952721,790,794,8
1952731,795,794,8
1952741,793,794,8
1952752,793,794,8
1952762,797,794,8
1952772,790,794,8
1952782,795,794,8
1952792,794,794,8
1952803,791,794,8
1952813,796,794,8
1952823,791,794,8
1952833,796,794,8
1952843,796,794,8
1952854,791,794,8
1952864,797,794,8
1952874,793,794,8
1952884,795,794,8
1952894,797,794,8
1952905,791,794,8
1952915,797,794,8
1952925,795,794,8
1952935,794,794,8
1952945,797,794,8
1952956,792,794,8
1952966,797,794,8
1952976,797,794,8
1952986,791,794,8
1952996,798,794,8
1953007,791,794,8
1953017,794,794,8
1953027,796,794,8
1953037,790,794,8
1953047,796,794,8
1953058,793,794,8
1953068,794,794,8
1953078,796,794,8
1953088,791,794,8
1953098,796,794,8
1953109,796,794,8
1953119,793,794,8
1953129,797,794,8
1953139,792,794,8
1953149,796,794,8
1953160,796,794,8
1953170,791,794,8
1953180,797,794,8
1953190,793,794,8
1953200,795,794,8
1953211,798,794,8
1953221,791,794,8
1953231,799,794,8
1953241,795,794,8
1953251,795,794,8
1953262,797,794,8
1953272,792,794,8
1953282,796,794,8
1953292,796,794,8
1953303,791,794,8
1953313,796,794,8
1953323,792,794,8
1953333,794,794,8
1953343,797,794,8
1953354,790,794,8
1953364,797,794,8
1953374,794,794,8
1953384,794,794,8
1953394,796,794,8
1953405,791,794,8
1953415,795,794,8
1953425,795,794,8
1953435,792,794,7
1953445,797,794,8
1953456,790,794,8
1953466,794,794,8
1953476,795,794,7
1953486,790,794,8
RIM
1953506,763,750,5
1953517,754,750,5
1953527,755,750,5
1953537,749,750,5
1953547,751,750,5
1953557,749,750,5
1953568,748,750,5
1953578,751,750,5
1953588,747,750,5
1953598,751,750,5
1953608,749,750,5
1953619,747,750,5
1953629,751,750,5
1953639,746,750,5
1953649,750,750,5
1953659,751,750,5
1953670,745,749,6
1953680,750,749,6
1953690,747,749,6
1953700,749,749,6
1953710,750,749,6
1953721,745,749,6
1953731,750,749,6
1953741,749,749,6
1953751,748,749,6
1953761,750,749,6
1953772,746,749,6
1953782,749,749,6
1953792,750,749,6
1953802,747,749,6
1953812,751,749,6
1953823,745,749,6
1953833,748,749,6
1953843,750,749,6
1953853,745,749,6
1953863,750,749,6
1953874,747,749,6
1953884,748,749,6
1953894,750,749,6
1953904,745,749,6
1953914,750,749,6
1953925,748,749,6
1953935,746,749,6
1953945,750,749,6
1953955,744,749,6
1953965,749,749,6
1953976,750,749,6
1953986,745,749,6
1953996,749,749,6
1954006,746,749,6
1954016,748,749,6
1954027,749,749,6
1954037,744,749,7
1954047,749,749,6
1954057,747,749,7
1954067,747,749,7
1954078,751,749,7
1954088,745,749,7
1954098,749,749,7
1954108,749,749,6
1954118,746,749,7
1954129,751,749,7
1954139,744,749,7
1954149,748,749,7
1954159,750,749,7
1954169,745,749,7
1954180,750,749,7
1954190,746,749,7
1954200,747,749,7
1954210,750,749,7
1954220,745,749,7
1954231,749,749,7
1954241,748,749,7
1954251,746,748,8
1954261,749,748,8
1954271,746,748,8
1954282,747,748,8
1954292,748,748,8
1954302,746,748,7
1954312,749,748,7
1954322,746,748,7
1954333,748,748,7
1954343,750,748,7
1954353,745,748,7
1954363,749,748,7
1954373,747,748,7
1954384,747,748,7
1954394,749,748,7
1954404,746,748,7
1954414,749,748,7
1954424,749,748,7
1954435,746,748,7
1954445,749,748,7
1954455,745,748,7
1954465,748,748,7
1954475,750,748,7
1954486,744,748,7
1954496,749,748,7
1954506,747,748,7
1954516,748,748,6
1954526,750,748,6
1954537,744,748,7
1954547,749,748,6
1954557,748,748,6
1954567,747,748,6
1954577,750,748,6
1954588,744,748,6
1954598,748,748,6
1954608,749,748,6
1954618,745,748,6
1954628,751,748,6
1954639,744,748,6
1954649,748,748,6
1954659,750,748,6
1954669,744,748,6
1954679,749,748,6
1954690,746,748,6
1954700,749,748,6
1954710,750,748,6
1954720,745,748,6
OSM
1954741,677,677,1
1954751,676,677,1
1954761,678,677,1
1954771,675,677,1
1954782,680,677,2
1954792,676,677,2
1954802,674,677,2
1954812,678,677,2
1954822,675,677,2
1954833,677,677,2
1954843,679,677,2
1954853,675,677,2
1954863,678,677,2
1954873,677,677,2
1954884,678,677,2
1954894,679,677,2
1954904,678,677,2
1954914,678,677,2
1954924,679,677,2
1954935,677,677,2
1954945,678,677,2
1954955,675,677,2
1954965,678,677,2
1954975,678,677,2
1954986,676,677,2
1954996,678,677,2
1955006,676,677,2
1955016,677,677,2
1955026,679,677,2
1955037,677,677,2
1955047,679,677,2
1955057,678,677,2
1955067,677,677,2
1955077,679,677,2
1955088,677,677,2
1955098,679,677,2
1955108,679,677,2
1955118,676,677,2
1955128,678,677,1
1955139,676,677,1
1955149,679,677,1
1955159,679,677,1
1955169,676,677,1
1955179,679,677,1
1955190,677,677,1
1955200,678,677,1
1955210,678,677,1
1955220,676,677,1
1955230,679,677,1
1955241,678,677,1
1955251,677,677,1
1955261,679,677,1
1955271,676,677,1
1955281,678,677,1
1955292,678,677,1
1955302,677,677,1
1955312,679,677,1
1955322,676,677,1
1955332,679,677,1
1955343,679,677,1
1955353,677,677,1
1955363,679,677,1
1955373,678,677,1
1955383,678,677,1
1955394,678,677,1
1955404,676,677,1
1955414,678,677,1
1955424,677,677,1
1955434,677,677,1
1955445,678,677,1
1955455,677,677,1
1955465,678,677,1
1955475,680,677,1
1955485,676,677,1
1955496,679,677,1
1955506,677,677,1
1955516,676,677,1
1955526,678,677,1
1955536,676,677,1
1955547,678,677,1
1955557,678,677,1
1955567,677,677,1
1955577,679,677,1
1955587,677,677,1
1955598,678,677,1
1955608,678,677,1
1955618,676,677,1
1955628,678,677,1
1955638,676,677,1
1955649,678,677,1
1955659,679,677,1
1955669,677,677,1
1955679,679,677,1
1955689,677,677,1
1955700,678,677,1
1955710,679,677,1
1955720,675,677,1
1955730,678,677,1
1955740,678,677,1
1955751,677,677,1
1955761,679,677,1
1955771,677,677,1
1955781,678,677,1
1955791,678,677,1
1955802,677,677,1
1955812,678,677,1
1955822,675,677,1
1955832,678,677,1
1955842,678,677,1
1955853,675,677,1
1955863,679,677,1
1955873,677,677,1
1955883,677,677,1
1955893,679,677,1
1955904,677,677,1
1955914,678,677,1
1955924,678,677,1
1955934,677,677,1
1955944,678,677,1
1955955,676,677,1
SIM
1955975,814,794,9
1955985,794,794,9
1955995,797,794,9
1956006,791,794,9
1956016,794,794,9
1956026,795,794,9
1956036,790,794,9
1956046,796,794,9
1956057,793,794,9
1956067,794,794,9
1956077,796,794,9
1956087,790,794,9
1956097,795,794,9
1956108,795,794,9
1956118,791,794,9
1956128,798,794,9
1956138,792,794,9
1956148,796,794,9
1956159,797,794,9
1956169,791,794,9
1956179,797,794,9
1956189,792,794,9
1956199,795,794,9
1956210,796,794,9
1956220,790,794,9
1956230,795,794,9
1956240,794,794,9
1956250,793,794,9
1956261,796,794,9
1956271,791,794,9
1956281,795,794,9
1956291,796,794,9
1956301,792,794,9
1956312,797,794,9
1956322,791,794,9
1956332,794,794,9
1956342,797,794,9
1956352,790,794,9
1956363,797,794,9
1956373,794,794,9
1956383,794,794,9
1956393,796,794,9
1956403,790,794,9
1956414,796,794,9
1956424,796,794,9
1956434,793,794,9
1956444,796,794,9
1956454,790,794,9
1956465,796,794,9
1956475,795,794,9
1956485,791,794,9
1956495,796,794,9
1956505,793,794,9
1956516,794,794,9
1956526,797,794,9
1956536,791,794,9
1956546,796,794,9
1956556,794,794,9
1956567,793,794,9
1956577,797,794,9
1956587,790,794,9
1956597,797,794,9
1956607,794,794,9
1956618,791,794,9
1956628,797,794,9
1956638,791,794,9
1956648,795,794,9
1956658,797,794,9
1956669,791,794,9
1956679,798,794,9
1956689,793,794,9
1956699,794,794,9
1956709,796,794,9
1956720,792,794,9
1956730,795,794,9
1956740,795,794,8
1956750,794,794,8
1956760,797,794,8
1956771,791,794,9
1956781,797,794,9
1956791,795,794,9
1956801,792,794,9
1956811,797,794,9
1956822,792,794,9
1956832,794,794,9
1956842,797,794,9
1956852,791,794,9
1956862,797,794,9
1956873,793,794,9
1956883,794,794,9
1956893,798,794,9
1956903,791,794,9
1956913,796,794,9
1956924,795,794,9
1956934,792,794,8
1956944,797,794,8
1956954,791,794,8
1956964,796,794,8
1956975,796,794,8
1956985,790,794,9
1956995,797,794,9
1957005,792,794,9
1957015,795,794,9
1957026,797,794,9
1957036,792,794,9
1957046,796,794,9
1957056,793,794,8
1957066,795,794,8
1957077,798,794,9
1957087,791,794,9
1957097,796,794,9
1957107,795,794,9
1957117,791,794,9
1957128,797,794,9
1957138,791,794,9
1957148,795,794,9
1957158,796,794,9
1957168,790,794,9
1957179,796,794,9
1957189,792,794,9
RIM
1957209,762,748,6
1957219,748,748,6
1957229,751,748,5
1957240,748,748,5
1957250,748,747,6
1957260,751,747,6
1957270,747,747,6
1957281,751,747,6
1957291,752,748,5
1957301,749,748,5
1957311,755,748,6
1957321,748,748,6
1957332,751,748,6
1957342,753,748,6
1957352,746,748,6
1957362,752,748,6
1957372,749,748,6
1957383,750,748,6
1957393,752,748,6
1957403,747,748,6
1957413,751,748,6
1957423,752,748,6
1957434,749,748,6
1957444,752,748,6
1957454,748,748,6
1957464,750,748,6
1957474,753,748,6
1957485,748,748,6
1957495,752,748,7
1957505,748,748,7
1957515,751,748,7
1957525,753,748,7
1957536,747,748,7
1957546,751,748,7
1957556,749,748,7
1957566,749,748,7
1957576,753,748,7
1957587,747,748,7
1957597,751,748,7
1957607,751,748,7
1957617,748,748,7
1957627,752,748,7
1957638,748,748,7
1957648,751,748,7
1957658,752,748,7
1957668,747,748,7
1957678,752,748,7
1957689,749,748,7
1957699,750,748,7
1957709,753,748,7
1957719,747,748,7
1957729,752,748,7
1957740,750,748,7
1957750,749,748,7
1957760,752,748,7
1957770,748,748,7
1957780,751,748,7
1957791,752,748,7
1957801,748,748,7
1957811,752,748,8
1957821,748,748,8
1957831,751,748,8
1957842,752,748,8
1957852,747,748,8
1957862,752,749,7
1957872,749,749,7
1957882,750,749,7
1957893,753,749,7
1957903,747,749,7
1957913,751,749,7
1957923,750,749,6
1957933,750,749,6
1957944,752,749,7
1957954,747,749,7
1957964,751,749,7
1957974,752,749,7
1957984,748,749,7
1957995,752,749,7
1958005,747,749,7
1958015,751,749,7
1958025,752,749,7
1958035,747,749,7
1958046,752,749,7
1958056,749,749,7
1958066,750,749,7
1958076,752,749,7
1958086,747,749,7
1958097,751,749,7
1958107,751,749,7
1958117,748,749,7
1958127,752,749,7
1958137,748,749,7
1958148,752,749,7
1958158,753,749,7
1958168,747,749,7
1958178,752,749,7
1958188,749,749,7
1958199,750,749,7
1958209,752,749,7
1958219,747,749,7
1958229,751,749,7
1958239,751,749,6
1958250,749,749,6
1958260,752,749,7
1958270,747,749,7
1958280,751,749,7
1958290,752,749,6
1958301,749,749,6
1958311,752,749,7
1958321,747,749,6
1958331,751,749,6
1958341,753,750,5
1958352,747,750,5
1958362,752,750,5
1958372,749,750,5
1958382,750,750,5
1958392,752,750,5
1958403,747,750,5
1958413,752,750,5
1958423,750,750,5
OSM
1958444,681,677,1
1958454,677,677,1
1958464,684,677,2
1958474,682,677,2
1958485,678,677,2
1958495,678,677,2
1958505,677,677,2
1958515,678,677,2
1958525,678,677,2
1958536,676,677,2
1958546,679,677,2
1958556,678,677,2
1958566,677,677,2
1958576,679,677,2
1958587,677,677,2
1958597,678,677,2
1958607,678,677,2
1958617,678,677,2
1958627,679,677,2
1958638,676,677,2
1958648,678,677,2
1958658,679,677,2
1958668,677,677,2
1958678,678,677,2
1958689,677,677,2
1958699,678,677,2
1958709,679,677,2
1958719,677,677,2
1958729,678,677,2
1958740,678,677,2
1958750,678,677,2
1958760,680,677,2
1958770,677,677,2
1958780,678,677,2
1958791,679,677,2
1958801,677,677,2
1958811,679,677,2
1958821,678,677,2
1958831,677,677,2
1958842,679,677,2
1958852,677,677,2
1958862,679,677,2
1958872,678,677,2
1958882,677,677,2
1958893,679,677,2
1958903,677,677,2
1958913,679,677,2
1958923,678,677,2
1958933,677,677,2
1958944,679,677,2
1958954,677,677,2
1958964,678,677,2
1958974,679,677,2
1958984,676,677,2
1958995,677,677,2
1959005,677,677,2
1959015,678,677,2
1959025,678,677,2
1959035,677,677,2
1959046,678,677,2
1959056,678,677,2
1959066,677,677,2
1959076,678,677,2
1959086,676,677,2
1959097,677,677,2
1959107,678,677,2
1959117,676,677,2
1959127,679,677,2
1959137,677,677,2
1959148,677,677,2
1959158,679,677,2
1959168,676,677,2
1959178,678,677,2
1959188,677,677,2
1959199,677,677,2
1959209,679,677,2
1959219,677,677,2
1959229,679,677,2
1959239,678,677,2
1959250,677,677,2
1959260,679,677,2
1959270,677,677,2
1959280,678,677,2
1959290,679,677,2
1959301,676,677,2
1959311,679,677,2
1959321,677,677,2
1959331,676,677,2
1959341,678,677,2
1959352,676,677,2
1959362,679,677,2
1959372,678,677,2
1959382,678,677,2
1959392,679,677,2
1959403,677,677,2
1959413,678,677,2
1959423,678,677,2
1959433,677,677,2
1959443,679,677,2
1959454,676,677,2
1959464,678,677,2
1959474,679,677,2
1959484,676,677,2
1959494,679,677,2
1959505,677,677,2
1959515,677,677,2
1959525,678,677,2
1959535,677,677,2
1959545,679,677,2
1959556,678,677,2
1959566,677,677,2
1959576,678,677,2
1959586,677,677,2
1959596,678,677,2
1959607,678,677,2
1959617,677,677,2
1959627,679,677,2
1959637,676,677,2
1959647,679,677,2
1959658,678,677,2
SIM
1959678,813,794,8
1959688,795,794,8
1959698,794,794,8
1959709,796,794,8
1959719,792,794,8
1959729,796,794,8
1959739,794,794,8
1959749,794,794,8
1959760,797,794,8
1959770,793,794,8
1959780,797,794,8
1959790,797,794,8
1959800,792,794,8
1959811,798,794,8
1959821,793,794,8
1959831,795,794,8
1959841,796,794,8
1959851,790,794,8
1959862,796,794,8
1959872,794,794,8
1959882,794,794,8
1959892,797,794,8
1959902,790,794,8
1959913,796,794,8
1959923,794,794,8
1959933,791,794,8
1959943,797,794,8
1959953,791,794,8
1959964,796,794,8
1959974,805,794,9
1959984,798,794,9
1959994,796,794,9
1960004,792,794,9
1960015,794,794,9
1960025,796,794,9
1960035,789,794,9
1960045,795,794,9
1960055,792,794,9
1960066,793,794,9
1960076,798,794,9
1960086,790,794,9
1960096,795,794,9
1960106,795,794,9
1960117,791,794,9
1960127,796,794,9
1960137,792,794,9
1960147,795,794,9
1960157,797,794,9
1960168,792,794,9
1960178,797,794,9
1960188,793,794,9
1960198,795,794,9
1960208,797,794,9
1960219,792,794,9
1960229,797,794,9
1960239,795,794,9
1960249,793,794,9
1960259,798,794,9
1960270,792,794,9
1960280,796,794,9
1960290,796,794,9
1960300,792,794,9
1960310,797,794,9
1960321,793,794,9
1960331,797,794,9
1960341,798,794,9
1960351,791,794,9
1960361,798,794,9
1960372,794,794,9
1960382,795,794,9
1960392,798,794,9
1960402,791,794,9
1960413,796,794,9
1960423,796,794,9
1960433,791,794,9
1960443,796,794,9
1960453,790,794,10
1960464,798,794,10
1960474,797,794,10
1960484,795,794,10
1960494,797,794,10
1960504,792,794,10
1960515,794,794,10
1960525,796,794,10
1960535,791,794,10
1960545,797,794,10
1960555,793,794,10
1960566,792,794,10
1960576,796,794,10
1960586,791,794,10
1960596,795,794,10
1960606,797,794,10
1960617,792,794,10
1960627,798,794,10
1960637,792,794,10
1960647,796,794,10
1960657,798,794,10
1960668,794,794,10
1960678,798,794,10
1960688,794,794,10
1960698,794,794,10
1960709,796,794,10
1960719,790,794,10
1960729,796,794,10
1960739,795,794,10
1960749,793,794,10
1960760,798,794,10
1960770,792,794,10
1960780,796,794,10
1960790,797,794,10
1960800,790,794,10
1960811,797,794,10
1960821,791,794,10
1960831,794,794,10
1960841,795,794,10
1960851,788,794,10
1960862,796,794,10
1960872,794,794,10
1960882,792,794,10
1960892,798,794,10
RIM
1960913,760,750,4
1960923,751,750,4
1960933,746,750,5
1960943,750,750,5
1960953,749,750,4
1960964,752,750,5
1960974,753,750,5
1960984,747,750,5
1960994,752,750,5
1961004,749,750,5
1961015,750,750,4
1961025,752,750,4
1961035,747,750,4
1961045,752,750,4
1961055,751,750,4
1961066,749,750,4
1961076,752,750,4
1961086,747,750,4
1961096,750,750,4
1961106,753,750,4
1961117,747,750,4
1961127,752,750,4
1961137,748,750,4
1961147,750,750,4
1961157,753,750,4
1961168,748,750,4
1961178,752,750,4
1961188,750,750,4
1961198,749,750,4
1961208,752,750,4
1961219,747,750,4
1961229,752,750,4
1961239,751,750,4
1961249,747,750,4
1961259,752,750,4
1961270,747,750,4
1961280,751,750,4
1961290,752,750,4
1961300,747,750,4
1961310,752,750,4
1961321,748,750,4
1961331,750,750,4
1961341,752,750,4
1961351,746,750,5
1961361,753,750,5
1961372,750,750,5
1961382,749,750,4
1961392,752,750,5
1961402,747,750,5
1961412,751,750,5
1961423,752,750,4
1961433,748,750,4
1961443,752,750,5
1961453,747,750,5
1961463,751,750,5
1961474,752,750,5
1961484,747,750,5
1961494,752,750,5
1961504,749,750,5
1961514,750,750,5
1961525,753,750,5
1961535,747,750,5
1961545,751,750,5
1961555,750,750,5
1961565,749,750,5
1961576,752,750,5
1961586,747,750,5
1961596,751,750,5
1961606,752,750,5
1961616,748,750,5
1961627,752,750,5
1961637,748,750,5
1961647,750,750,5
1961657,752,750,5
1961667,747,750,5
1961678,752,750,5
1961688,750,750,5
1961698,750,750,5
1961708,752,750,5
1961718,747,750,5
1961729,750,750,5
1961739,751,750,4
1961749,748,750,4
1961759,752,750,4
1961769,748,750,5
1961780,750,750,4
1961790,753,750,4
1961800,747,750,5
1961810,752,750,5
1961820,747,750,5
1961831,749,750,5
1961841,751,750,5
1961851,744,750,5
1961861,749,750,5
1961871,748,750,5
1961882,747,749,6
1961892,749,749,6
1961902,746,749,6
1961912,749,749,6
1961922,750,749,6
1961933,745,749,6
1961943,750,749,6
1961953,745,749,6
1961963,748,749,6
1961973,749,749,6
1961984,745,749,6
1961994,750,749,6
1962004,748,749,6
1962014,748,749,6
1962024,750,749,6
1962035,745,749,6
1962045,749,749,6
1962055,748,749,6
1962065,747,749,6
1962075,750,749,6
1962086,746,749,6
1962096,749,749,6
1962106,750,749,6
1962116,745,749,6
1962126,750,749,6
OSM
1962148,679,677,2
1962158,679,677,2
1962168,683,677,2
1962178,677,677,1
1962189,679,677,1
1962199,677,677,1
1962209,678,677,1
1962219,676,677,1
1962229,679,677,1
1962240,679,677,1
1962250,677,677,1
1962260,679,677,1
1962270,679,677,1
1962280,678,677,1
1962291,679,677,1
1962301,677,677,1
1962311,678,677,1
1962321,682,677,2
1962331,679,677,2
1962342,679,677,2
1962352,677,677,2
1962362,678,677,2
1962372,679,677,2
1962382,677,677,2
1962393,679,677,2
1962403,677,677,2
1962413,677,677,2
1962423,682,677,2
1962433,677,677,2
1962444,679,677,2
1962454,677,677,2
1962464,678,677,2
1962474,679,677,2
1962484,676,677,2
1962495,679,677,2
1962505,678,677,2
1962515,677,677,2
1962525,678,677,2
1962535,677,677,2
1962546,678,677,2
1962556,679,677,2
1962566,677,677,2
1962576,683,677,2
1962586,677,677,2
1962597,678,677,2
1962607,679,677,2
1962617,676,677,2
1962627,682,677,2
1962637,678,677,2
1962648,678,677,2
1962658,679,677,2
1962668,676,677,2
1962678,682,677,2
1962688,678,677,2
1962699,676,677,2
1962709,679,677,2
1962719,676,677,2
1962729,681,678,2
1962739,678,678,2
1962750,676,677,3
1962760,679,678,2
1962770,678,678,2
1962780,678,678,2
1962790,679,678,2
1962801,676,678,2
1962811,679,678,2
1962821,678,678,2
1962831,677,678,2
1962841,679,678,2
1962852,676,678,2
1962862,679,678,2
1962872,678,678,2
1962882,679,678,2
1962892,679,678,2
1962903,677,678,2
1962913,677,678,2
1962923,679,678,2
1962933,677,678,2
1962943,678,678,2
1962954,678,678,2
1962964,678,678,2
1962974,679,678,2
1962984,677,678,2
1962994,678,678,2
1963005,679,678,2
1963015,677,678,2
1963025,679,678,2
1963035,677,678,2
1963045,679,678,2
1963056,678,678,1
1963066,677,678,1
1963076,679,678,2
1963086,677,678,2
1963096,679,678,2
1963107,679,678,2
1963117,676,678,2
1963127,679,678,2
1963137,678,678,2
1963147,678,678,2
1963158,678,678,2
1963168,676,678,2
1963178,679,678,2
1963188,679,678,2
1963198,677,678,2
1963209,680,678,2
1963219,676,678,2
1963229,680,678,2
1963239,679,678,2
1963249,677,678,2
1963260,678,678,2
1963270,676,678,2
1963280,678,678,2
1963290,679,678,2
1963300,676,678,2
1963311,678,678,2
1963321,678,678,2
1963331,677,678,2
1963341,679,678,2
1963351,676,678,2
1963362,678,678,2
SIM
1963382,808,794,9
1963392,799,794,9
1963402,793,794,9
1963413,794,794,9
1963423,796,794,9
1963433,792,794,9
1963443,796,794,9
1963453,794,794,9
1963464,796,794,9
1963474,799,794,9
1963484,791,794,9
1963494,797,794,9
1963504,795,794,9
1963515,794,794,9
1963525,798,794,9
1963535,792,794,9
1963545,796,794,9
1963555,795,794,9
1963566,791,794,9
1963576,796,794,9
1963586,792,794,9
1963596,795,794,9
1963606,796,794,9
1963617,790,794,9
1963627,797,794,9
1963637,793,794,9
1963647,792,794,9
1963657,796,794,9
1963668,790,794,9
1963678,795,794,8
1963688,795,794,8
1963698,792,794,8
1963708,797,794,8
1963719,790,794,8
1963729,794,794,8
1963739,796,794,8
1963749,791,794,8
1963759,796,794,8
1963770,791,794,8
1963780,794,794,8
1963790,797,794,8
1963800,790,794,8
1963811,796,794,8
1963821,793,794,8
1963831,794,794,8
1963841,797,794,8
1963851,791,794,8
1963862,797,794,8
1963872,797,794,8
1963882,792,794,8
1963892,798,794,8
1963902,793,794,8
1963913,796,794,8
1963923,797,794,8
1963933,792,794,8
1963943,797,794,8
1963953,793,794,8
1963964,795,794,8
1963974,797,794,8
1963984,791,794,8
1963994,796,794,8
1964004,794,794,8
1964015,794,794,8
1964025,799,794,8
1964035,791,794,8
1964045,796,794,8
1964055,797,794,8
1964066,792,794,8
1964076,798,794,8
1964086,793,794,8
1964096,795,794,8
1964106,797,794,8
1964117,791,794,8
1964127,799,794,8
1964137,793,794,8
1964147,795,794,8
1964157,797,794,8
1964168,791,794,8
1964178,797,794,8
1964188,796,794,8
1964198,794,794,8
1964208,798,794,8
1964219,792,794,8
1964229,797,794,8
1964239,797,794,8
1964249,792,794,8
1964259,797,794,8
1964270,793,794,8
1964280,796,794,8
1964290,798,794,8
1964300,791,794,8
1964310,798,794,8
1964321,795,794,8
1964331,793,794,8
1964341,797,794,8
1964351,792,794,8
1964361,798,794,8
1964372,797,794,8
1964382,794,794,8
1964392,797,794,8
1964402,792,794,8
1964412,796,794,8
1964423,797,794,8
1964433,792,794,8
1964443,798,794,8
1964453,794,794,8
1964463,796,794,8
1964474,797,794,8
1964484,791,794,8
1964494,797,794,8
1964504,795,794,8
1964514,793,794,8
1964525,798,794,8
1964535,792,794,8
1964545,795,794,8
1964555,798,794,8
1964565,792,794,8
1964576,798,794,8
1964586,793,794,8
1964596,795,794,8
RIM
1964616,757,749,5
1964626,755,749,5
1964637,751,749,5
1964647,751,749,5
1964657,753,749,6
1964667,748,749,6
1964677,753,749,6
1964688,752,749,6
1964698,749,749,5
1964708,753,749,6
1964718,748,749,6
1964728,752,749,6
1964739,752,749,6
1964749,748,749,6
1964759,752,749,6
1964769,748,749,6
1964779,751,749,6
1964790,753,749,6
1964800,748,749,6
1964810,753,749,6
1964820,749,749,6
1964830,749,749,6
1964841,754,749,6
1964851,748,749,6
1964861,752,749,6
1964871,752,749,6
1964881,749,749,6
1964892,753,749,6
1964902,748,749,6
1964912,751,749,6
1964922,753,749,6
1964932,748,749,6
1964943,753,749,6
1964953,750,749,6
1964963,751,749,6
1964973,754,749,6
1964983,748,749,6
1964994,752,749,6
1965004,751,749,6
1965014,751,749,6
1965024,753,749,6
1965034,749,749,6
1965045,751,749,6
1965055,755,749,6
1965065,749,749,6
1965075,752,749,6
1965085,749,749,6
1965096,753,749,6
1965106,754,749,6
1965116,748,749,6
1965126,752,749,6
1965136,751,749,6
1965147,749,749,6
1965157,754,750,6
1965167,749,749,7
1965177,752,749,7
1965187,752,750,6
1965198,749,750,6
1965208,754,750,6
1965218,748,750,6
1965228,751,750,6
1965238,753,750,6
1965249,748,750,6
1965259,753,750,6
1965269,749,750,6
1965279,750,750,6
1965289,753,750,6
1965300,747,750,6
1965310,752,750,6
1965320,751,750,6
1965330,749,750,6
1965340,753,750,6
1965351,748,750,6
1965361,751,750,6
1965371,752,750,6
1965381,748,750,6
1965391,752,750,6
1965402,748,750,6
1965412,751,750,6
1965422,753,750,6
1965432,747,750,6
1965442,752,750,6
1965453,749,750,6
1965463,750,750,6
1965473,752,750,6
1965483,746,750,6
1965493,752,750,6
1965504,751,750,6
1965514,749,750,6
1965524,752,750,6
1965534,748,750,6
1965544,751,750,6
1965555,753,750,6
1965565,747,750,6
1965575,753,750,6
1965585,748,750,6
1965595,751,750,6
1965606,753,750,6
1965616,747,750,6
1965626,753,750,6
1965636,750,750,5
1965646,750,750,5
1965657,752,750,5
1965667,747,750,5
1965677,751,750,5
1965687,751,750,5
1965698,747,750,5
1965708,750,750,5
1965718,745,750,5
1965728,748,750,5
1965738,752,750,5
1965749,746,750,5
1965759,750,750,5
1965769,747,750,5
1965779,748,750,5
1965789,752,750,5
1965800,745,750,5
1965810,750,750,5
1965820,749,750,5
1965830,747,750,5
OSM
1965851,675,678,2
1965861,677,678,2
1965871,678,678,2
1965881,676,678,2
1965892,677,678,2
1965902,676,678,2
1965912,677,678,2
1965922,677,678,2
1965932,677,678,2
1965943,677,677,3
1965953,677,677,3
1965963,678,677,2
1965973,679,677,2
1965983,677,677,2
1965994,678,677,2
1966004,678,677,2
1966014,677,677,2
1966024,679,677,2
1966034,676,677,2
1966045,678,677,2
1966055,679,677,2
1966065,677,677,2
1966075,679,677,2
1966085,677,677,2
1966096,677,677,2
1966106,679,677,2
1966116,677,677,2
1966126,679,677,2
1966136,678,677,2
1966147,677,677,2
1966157,679,677,2
1966167,677,677,2
1966177,679,677,2
1966187,678,677,2
1966198,677,677,2
1966208,678,677,2
1966218,677,677,2
1966228,678,677,2
1966238,678,677,2
1966249,676,677,2
1966259,678,677,2
1966269,677,677,2
1966279,678,677,2
1966289,680,677,2
1966300,676,677,2
1966310,678,677,2
1966320,678,677,2
1966330,677,677,2
1966340,679,677,2
1966351,676,677,2
1966361,678,677,2
1966371,678,677,2
1966381,677,677,1
1966391,679,677,1
1966402,677,677,1
1966412,678,677,1
1966422,679,677,1
1966432,677,677,1
1966442,678,677,1
1966453,677,677,1
1966463,678,677,1
1966473,679,677,1
1966483,677,677,1
1966493,678,677,1
1966504,678,677,1
1966514,677,677,1
1966524,679,677,1
1966534,677,677,1
1966544,678,677,1
1966555,679,677,1
1966565,677,677,1
1966575,679,677,1
1966585,677,677,1
1966595,678,677,1
1966606,678,677,1
1966616,676,677,1
1966626,679,677,1
1966636,678,677,1
1966646,678,677,1
1966657,679,677,1
1966667,676,677,1
1966677,678,677,1
1966687,679,677,1
1966697,677,677,1
1966708,679,677,1
1966718,677,677,1
1966728,678,677,1
1966738,679,677,1
1966748,677,677,1
1966759,678,677,1
1966769,677,677,1
1966779,678,677,1
1966789,679,677,1
1966799,677,677,1
1966810,678,677,1
1966820,678,677,1
1966830,677,677,1
1966840,679,677,1
1966850,676,677,1
1966861,678,677,1
1966871,678,677,1
1966881,677,677,1
1966891,679,677,1
1966901,677,677,1
1966912,677,677,1
1966922,679,677,1
1966932,677,677,1
1966942,679,677,1
1966952,678,677,1
1966963,678,677,1
1966973,679,677,1
1966983,676,677,1
1966993,679,677,1
1967003,678,677,1
1967014,677,677,1
1967024,679,677,1
1967034,677,677,1
1967044,679,677,1
1967054,679,677,1
1967065,676,677,1
SIM
1967085,808,794,8
1967095,797,794,8
1967105,798,794,8
1967116,790,794,8
1967126,797,794,8
1967136,794,794,8
1967146,794,794,8
1967156,798,794,8
1967167,791,794,8
1967177,797,794,8
1967187,796,794,8
1967197,793,794,8
1967207,798,794,8
1967218,792,794,8
1967228,795,794,8
1967238,796,794,8
1967248,791,794,8
1967258,797,794,8
1967269,793,794,8
1967279,795,794,8
1967289,798,794,8
1967299,792,794,8
1967309,797,794,8
1967320,795,794,8
1967330,794,794,8
1967340,798,794,8
1967350,790,794,8
1967360,797,794,8
1967371,797,794,8
1967381,792,794,8
1967391,798,794,8
1967401,791,794,8
1967411,795,794,8
1967422,798,795,7
1967432,792,795,7
1967442,798,795,7
1967452,794,795,7
1967462,795,795,7
1967473,797,795,7
1967483,792,795,7
1967493,797,795,7
1967503,795,795,7
1967513,792,795,7
1967524,797,795,7
1967534,791,795,7
1967544,795,795,7
1967554,797,795,7
1967564,792,795,7
1967575,798,795,7
1967585,791,795,7
1967595,795,795,7
1967605,798,795,7
1967615,793,795,7
1967626,797,795,7
1967636,794,795,7
1967646,794,795,7
1967656,798,795,7
1967666,792,795,7
1967677,799,795,7
1967687,797,795,7
1967697,793,795,7
1967707,797,795,7
1967717,792,795,7
1967728,797,795,7
1967738,798,795,7
1967748,791,795,7
1967758,797,795,7
1967768,793,795,7
1967779,796,795,7
1967789,798,795,7
1967799,791,795,7
1967809,796,795,7
1967819,795,795,7
1967830,794,795,7
1967840,798,795,7
1967850,793,795,7
1967860,796,795,7
1967870,797,795,7
1967881,794,795,7
1967891,797,795,7
1967901,792,795,7
1967911,795,795,7
1967921,798,795,7
1967932,791,795,7
1967942,797,795,7
1967952,793,795,7
1967962,795,795,7
1967972,798,795,7
1967983,792,795,7
1967993,797,795,7
1968003,796,795,7
1968013,792,795,7
1968023,797,795,7
1968034,792,795,7
1968044,796,795,7
1968054,797,795,7
1968064,792,795,7
1968074,798,795,7
1968085,793,795,7
1968095,795,795,7
1968105,798,795,7
1968115,791,795,7
1968125,797,795,7
1968136,795,795,7
1968146,794,795,7
1968156,799,795,7
1968166,791,795,7
1968176,797,795,7
1968187,795,795,7
1968197,793,795,7
1968207,798,795,7
1968217,792,795,7
1968227,795,795,7
1968238,796,795,7
1968248,791,795,7
1968258,796,795,7
1968268,792,795,7
1968278,794,795,7
1968289,796,795,7
1968299,791,795,7
RIM
1968319,763,750,6
1968329,751,750,6
1968340,753,750,6
1968350,747,750,6
1968360,751,750,6
1968370,750,750,6
1968380,747,750,6
1968391,753,750,6
1968401,748,750,6
1968411,751,750,6
1968421,752,750,6
1968431,748,750,6
1968442,752,750,6
1968452,749,750,6
1968462,750,750,6
1968472,753,750,6
1968482,747,750,6
1968493,752,750,6
1968503,751,750,6
1968513,749,750,6
1968523,752,750,6
1968533,748,750,6
1968544,751,750,6
1968554,752,750,6
1968564,748,750,6
1968574,752,750,6
1968584,748,750,6
1968595,750,750,6
1968605,752,750,6
1968615,747,750,6
1968625,751,750,6
1968635,749,750,6
1968646,750,750,6
1968656,752,750,6
1968666,747,750,6
1968676,751,750,6
1968686,751,750,6
1968697,748,750,6
1968707,752,750,6
1968717,747,750,6
1968727,751,750,6
1968737,753,750,6
1968748,747,750,6
1968758,752,750,6
1968768,749,750,6
1968778,750,750,6
1968788,752,750,6
1968799,746,750,6
1968809,752,750,6
1968819,750,750,6
1968829,749,750,6
1968839,750,750,6
1968850,748,750,6
1968860,751,750,6
1968870,751,750,6
1968880,747,750,6
1968890,752,750,6
1968901,747,750,6
1968911,749,750,6
1968921,751,750,6
1968931,747,750,6
1968941,753,750,6
1968952,749,750,6
1968962,750,749,6
1968972,752,750,6
1968982,746,749,7
1968992,751,749,7
1969003,751,750,6
1969013,749,749,6
1969023,752,749,6
1969033,747,749,7
1969043,750,749,6
1969054,752,749,6
1969064,747,749,6
1969074,752,749,6
1969084,747,749,6
1969094,750,749,6
1969105,753,749,7
1969115,747,749,7
1969125,751,749,6
1969135,750,749,6
1969145,749,749,6
1969156,752,749,6
1969166,747,749,6
1969176,751,749,6
1969186,751,749,6
1969196,748,749,6
1969207,752,749,6
1969217,748,749,6
1969227,750,749,6
1969237,752,749,6
1969247,747,749,6
1969258,752,749,6
1969268,748,749,6
1969278,749,749,6
1969288,752,749,6
1969298,747,749,6
1969309,752,749,6
1969319,750,749,6
1969329,749,749,6
1969339,752,749,6
1969349,746,749,6
1969360,751,749,6
1969370,751,749,6
1969380,747,749,6
1969390,752,749,6
1969400,748,749,6
1969411,751,749,6
1969421,752,749,6
1969431,746,749,6
1969441,752,749,6
1969451,749,749,6
1969462,750,749,6
1969472,752,749,6
1969482,746,749,6
1969492,751,749,6
1969502,750,749,6
1969513,749,749,6
1969523,752,749,6
1969533,748,749,6
OSM
1969554,679,677,1
1969564,678,677,1
1969574,679,677,1
1969584,684,677,1
1969595,679,677,1
1969605,682,677,2
1969615,677,677,2
1969625,679,677,2
1969635,678,677,2
1969646,677,677,2
1969656,679,677,2
1969666,676,677,2
1969676,677,677,2
1969686,678,677,2
1969697,677,677,2
1969707,679,677,2
1969717,681,677,2
1969727,681,677,2
1969737,681,678,1
1969748,677,678,1
1969758,680,678,1
1969768,680,678,1
1969778,680,678,1
1969788,681,678,1
1969799,677,678,1
1969809,679,678,1
1969819,681,678,1
1969829,680,678,1
1969839,682,678,1
1969850,677,678,1
1969860,679,678,1
1969870,682,678,2
1969880,680,678,2
1969890,682,678,2
1969901,677,678,2
1969911,679,678,2
1969921,682,678,2
1969931,677,678,2
1969941,685,678,2
1969952,678,678,2
1969962,679,678,2
1969972,682,678,2
1969982,679,678,2
1969992,681,678,2
1970003,679,678,2
1970013,677,678,2
1970023,682,678,3
1970033,680,678,3
1970043,681,678,3
1970054,679,678,3
1970064,678,678,3
1970074,681,678,3
1970084,680,678,3
1970094,680,678,3
1970105,679,678,3
1970115,677,678,3
1970125,681,678,3
1970135,680,678,3
1970145,680,678,3
1970156,679,678,3
1970166,678,678,3
1970176,682,678,3
1970186,682,678,3
1970196,680,678,3
1970207,678,678,3
1970217,677,678,3
1970227,679,678,3
1970237,677,678,3
1970247,676,678,3
1970258,683,678,3
1970268,675,678,3
1970278,676,678,3
1970288,677,678,3
1970298,675,678,4
1970309,677,678,4
1970319,677,678,4
1970329,677,678,4
1970339,678,678,4
1970349,677,678,4
1970360,678,678,4
1970370,679,678,4
1970380,676,678,4
1970390,678,678,4
1970400,677,678,4
1970411,678,678,4
1970421,679,678,4
1970431,676,678,4
1970441,679,678,4
1970451,677,678,4
1970462,678,678,4
1970472,679,678,4
1970482,676,678,4
1970492,678,678,4
1970502,678,678,4
1970513,678,678,4
1970523,678,678,4
1970533,676,678,4
1970543,678,678,4
1970553,679,678,4
1970564,676,678,4
1970574,679,678,4
1970584,677,678,4
1970594,677,678,4
1970604,679,678,4
1970615,677,678,4
1970625,678,678,4
1970635,678,678,4
1970645,677,678,4
1970655,679,678,4
1970666,676,678,4
1970676,679,678,4
1970686,678,678,4
1970696,676,678,4
1970706,679,678,4
1970717,677,678,4
1970727,678,678,4
1970737,679,678,4
1970747,676,678,4
1970757,679,678,4
1970768,678,678,4
SIM
1970788,815,795,9
1970798,794,795,9
1970808,797,795,9
1970819,795,795,9
1970829,794,795,9
1970839,797,795,9
1970849,790,795,9
1970859,795,795,9
1970870,795,795,9
1970880,792,795,9
1970890,796,795,9
1970900,791,795,9
1970910,793,794,10
1970921,796,794,10
1970931,791,794,10
1970941,797,794,10
1970951,793,794,10
1970961,795,794,10
1970972,798,795,9
1970982,791,794,10
1970992,796,794,10
1971002,797,795,9
1971012,793,794,10
1971023,799,795,9
1971033,791,794,10
1971043,795,794,10
1971053,797,795,9
1971063,790,794,10
1971074,797,794,10
1971084,791,794,10
1971094,793,794,10
1971104,797,794,10
1971114,790,794,10
1971125,796,794,10
1971135,795,794,10
1971145,794,794,10
1971155,797,794,10
1971166,792,794,10
1971176,796,794,10
1971186,797,794,10
1971196,793,794,10
1971206,797,794,10
1971217,791,794,10
1971227,795,794,10
1971237,797,794,10
1971247,791,794,10
1971257,798,794,10
1971268,794,794,10
1971278,796,794,10
1971288,797,794,10
1971298,790,794,10
1971308,797,794,10
1971319,795,794,10
1971329,792,794,10
1971339,797,794,10
1971349,791,794,10
1971359,795,794,10
1971370,796,794,10
1971380,791,794,10
1971390,797,794,10
1971400,793,794,10
1971411,796,794,10
1971421,797,794,10
1971431,791,794,10
1971441,796,794,10
1971451,794,794,10
1971462,794,794,9
1971472,798,794,10
1971482,791,794,10
1971492,798,794,10
1971502,798,794,10
1971513,794,794,10
1971523,798,794,10
1971533,790,794,10
1971543,795,794,10
1971553,797,794,10
1971564,790,794,10
1971574,795,794,10
1971584,791,794,10
1971594,794,794,10
1971604,798,794,10
1971615,791,794,10
1971625,797,794,10
1971635,796,794,10
1971645,794,794,10
1971656,798,794,10
1971666,791,794,10
1971676,795,794,10
1971686,797,794,10
1971696,791,794,10
1971707,797,794,10
1971717,792,794,10
1971727,795,794,10
1971737,798,794,10
1971747,793,794,10
1971758,797,794,10
1971768,794,794,10
1971778,793,794,10
1971788,797,794,10
1971798,792,794,10
1971809,795,794,10
1971819,795,794,10
1971829,791,794,10
1971839,796,794,10
1971849,791,794,10
1971860,796,794,10
1971870,797,794,10
1971880,792,794,10
1971890,797,794,10
1971901,793,794,10
1971911,795,794,10
1971921,796,794,10
1971931,791,794,10
1971941,797,794,10
1971952,795,794,10
1971962,793,794,10
1971972,799,794,10
1971982,792,794,10
1971992,796,794,10
1972003,796,794,10
RIM
1972023,761,749,6
1972033,748,749,6
1972043,749,749,5
1972054,753,749,6
1972064,748,749,5
1972074,752,749,6
1972084,750,749,6
1972094,749,749,5
1972105,752,749,5
1972115,748,749,5
1972125,751,749,5
1972135,750,749,5
1972145,748,749,5
1972156,753,749,5
1972166,747,749,5
1972176,750,749,5
1972186,753,749,5
1972196,748,749,5
1972207,752,749,5
1972217,748,749,5
1972227,751,749,5
1972237,752,749,5
1972247,747,749,5
1972258,752,749,5
1972268,750,749,5
1972278,749,749,5
1972288,752,749,5
1972298,747,749,5
1972309,750,749,5
1972319,751,749,5
1972329,748,749,5
1972339,752,749,5
1972349,748,749,5
1972360,750,749,5
1972370,752,749,5
1972380,747,749,5
1972390,752,749,5
1972400,749,749,5
1972411,752,749,5
1972421,752,749,6
1972431,747,749,6
1972441,753,749,6
1972451,750,749,6
1972462,748,749,5
1972472,752,749,6
1972482,747,749,6
1972492,751,749,5
1972502,752,749,5
1972513,749,749,5
1972523,752,749,5
1972533,747,749,6
1972543,751,749,6
1972553,752,749,6
1972564,746,749,6
1972574,751,749,6
1972584,750,749,6
1972594,749,749,6
1972604,752,749,6
1972615,748,749,6
1972625,751,749,6
1972635,751,750,5
1972645,748,749,5
1972655,751,749,6
1972666,748,749,6
1972676,751,749,5
1972686,751,750,4
1972696,748,749,5
1972706,751,749,5
1972717,751,750,4
1972727,750,749,5
1972737,752,750,4
1972747,747,750,4
1972757,751,749,5
1972768,750,750,4
1972778,749,749,5
1972788,751,750,4
1972798,747,750,4
1972808,751,749,5
1972819,752,750,4
1972829,747,749,5
1972839,752,750,4
1972849,748,750,4
1972859,751,749,5
1972870,752,750,4
1972880,747,750,4
1972890,750,749,5
1972900,749,750,4
1972910,750,749,5
1972921,753,750,4
1972931,748,750,4
1972941,751,750,4
1972951,750,750,4
1972961,749,750,4
1972972,749,750,4
1972982,745,749,5
1972992,749,749,5
1973002,750,749,5
1973012,746,749,5
1973023,750,749,5
1973033,747,749,5
1973043,749,749,5
1973053,750,749,5
1973063,746,749,5
1973074,750,749,5
1973084,748,749,5
1973094,748,749,5
1973104,750,749,5
1973114,746,749,5
1973125,750,749,5
1973135,749,749,5
1973145,746,749,5
1973155,750,749,5
1973165,745,749,5
1973176,748,749,5
1973186,750,749,5
1973196,745,749,5
1973206,749,749,5
1973216,747,749,5
1973227,748,749,5
1973237,751,749,5
OSM
1973258,680,678,4
1973268,679,678,4
1973278,678,678,4
1973288,681,678,3
1973299,677,678,3
1973309,679,678,3
1973319,679,678,3
1973329,677,678,3
1973339,679,678,3
1973350,678,678,3
1973360,678,678,3
1973370,679,678,3
1973380,677,678,3
1973390,679,678,3
1973401,676,678,3
1973411,678,678,3
1973421,679,678,3
1973431,677,678,3
1973441,685,678,3
1973452,679,678,3
1973462,678,678,3
1973472,679,678,3
1973482,678,678,3
1973492,678,678,3
1973503,679,678,3
1973513,677,678,3
1973523,680,678,3
1973533,681,678,3
1973543,682,678,3
1973554,679,678,3
1973564,677,678,3
1973574,679,678,3
1973584,679,678,3
1973594,678,678,3
1973605,679,678,3
1973615,677,678,3
1973625,679,678,3
1973635,681,678,3
1973645,680,678,3
1973656,679,678,3
1973666,677,678,3
1973676,679,678,2
1973686,680,678,3
1973696,678,678,2
1973707,679,678,2
1973717,678,678,2
1973727,678,678,2
1973737,680,678,2
1973747,677,678,2
1973758,678,678,2
1973768,679,678,2
1973778,678,678,2
1973788,680,678,2
1973798,678,678,2
1973809,678,678,2
1973819,679,678,2
1973829,677,678,2
1973839,681,678,2
1973849,678,678,2
1973860,678,678,2
1973870,679,678,2
1973880,677,678,2
1973890,679,678,2
1973900,679,678,2
1973911,678,678,2
1973921,680,678,2
1973931,677,678,2
1973941,682,678,2
1973951,679,678,2
1973962,677,678,2
1973972,679,678,2
1973982,677,678,2
1973992,679,678,2
1974002,679,678,2
1974013,676,678,2
1974023,679,678,2
1974033,678,678,2
1974043,678,678,2
1974053,680,678,2
1974064,677,678,2
1974074,679,678,2
1974084,679,678,2
1974094,678,678,2
1974104,680,678,2
1974115,677,678,2
1974125,679,678,2
1974135,680,678,2
1974145,678,678,2
1974155,680,678,2
1974166,677,678,2
1974176,678,678,2
1974186,680,678,2
1974196,677,678,2
1974206,679,678,2
1974217,678,678,2
1974227,678,678,2
1974237,679,678,2
1974247,677,678,2
1974257,679,678,2
1974268,678,678,2
1974278,676,678,2
1974288,679,678,2
1974298,678,678,2
1974308,679,678,2
1974319,679,678,2
1974329,676,678,2
1974339,680,678,2
1974349,678,678,2
1974359,678,678,2
1974370,679,678,2
1974380,676,678,2
1974390,679,678,2
1974400,679,678,2
1974410,678,678,2
1974421,679,678,2
1974431,677,678,2
1974441,679,678,2
1974451,679,678,2
1974461,678,678,2
1974472,680,678,2
SIM
1974492,813,794,9
1974502,801,794,10
1974512,792,794,9
1974523,797,794,10
1974533,792,794,10
1974543,795,794,10
1974553,796,794,9
1974563,791,794,9
1974574,797,794,10
1974584,794,794,10
1974594,793,794,9
1974604,797,794,9
1974614,790,794,10
1974625,796,794,10
1974635,797,794,10
1974645,793,794,10
1974655,799,794,10
1974665,792,794,10
1974676,794,794,10
1974686,796,794,10
1974696,791,794,10
1974706,797,794,10
1974717,792,794,10
1974727,794,794,9
1974737,797,794,9
1974747,789,794,10
1974757,795,794,10
1974768,794,794,9
1974778,793,794,9
1974788,798,794,9
1974798,790,794,10
1974808,797,794,10
1974819,796,794,9
1974829,791,794,10
1974839,797,794,10
1974849,793,794,10
1974859,796,794,10
1974870,796,794,10
1974880,790,794,10
1974890,796,794,10
1974900,792,794,10
1974910,792,794,10
1974921,798,794,10
1974931,792,794,10
1974941,795,794,10
1974951,795,794,10
1974962,791,794,9
1974972,796,794,10
1974982,792,794,10
1974992,794,794,9
1975002,795,794,9
1975013,789,794,9
1975023,795,794,9
1975033,792,794,9
1975043,793,794,9
1975053,796,794,9
1975064,790,794,9
1975074,796,794,9
1975084,793,794,9
1975094,792,794,9
1975104,797,794,9
1975115,790,794,10
1975125,796,794,9
1975135,795,794,9
1975145,790,794,10
1975155,796,794,10
1975166,790,794,10
1975176,795,794,10
1975186,797,794,10
1975196,791,794,9
1975206,796,794,9
1975217,795,794,9
1975227,794,794,9
1975237,797,794,9
1975247,791,794,9
1975257,796,794,9
1975268,796,794,9
1975278,792,794,9
1975288,796,794,9
1975298,791,794,9
1975308,794,794,9
1975319,797,794,9
1975329,790,794,9
1975339,797,794,9
1975349,792,794,9
1975359,795,794,9
1975370,796,794,9
1975380,791,794,9
1975390,797,794,9
1975400,796,794,9
1975410,794,794,9
1975421,796,794,9
1975431,791,794,9
1975441,797,794,9
1975451,797,794,9
1975461,793,794,9
1975472,797,794,9
1975482,791,794,9
1975492,795,794,9
1975502,796,794,9
1975513,791,794,9
1975523,796,794,9
1975533,792,794,9
1975543,794,794,9
1975553,797,794,9
1975564,790,794,9
1975574,795,794,9
1975584,794,794,9
1975594,793,794,9
1975604,797,794,9
1975615,791,794,9
1975625,794,794,9
1975635,796,794,9
1975645,792,794,9
1975655,797,794,9
1975666,791,794,9
1975676,794,794,9
1975686,796,794,9
1975696,789,794,9
1975706,795,794,9
RIM
1975727,760,749,5
1975737,751,749,5
1975747,745,749,5
1975757,750,749,5
1975767,749,749,5
1975778,749,749,5
1975788,753,749,5
1975798,748,749,5
1975808,752,749,5
1975818,753,749,5
1975829,748,749,5
1975839,752,749,5
1975849,749,749,5
1975859,751,749,5
1975869,753,749,5
1975880,747,749,5
1975890,752,749,5
1975900,750,749,5
1975910,749,749,5
1975920,753,749,5
1975931,748,749,5
1975941,751,749,5
1975951,752,749,5
1975961,748,749,5
1975971,751,749,5
1975982,748,749,5
1975992,751,749,5
1976002,753,749,5
1976012,747,749,5
1976022,752,749,5
1976033,750,749,5
1976043,750,749,5
1976053,752,749,5
1976063,747,749,5
1976073,752,749,5
1976084,751,749,5
1976094,749,749,5
1976104,753,749,5
1976114,748,749,5
1976124,750,749,5
1976135,753,749,5
1976145,747,749,5
1976155,752,749,5
1976165,749,749,5
1976175,751,749,5
1976186,752,749,5
1976196,747,749,5
1976206,752,749,5
1976216,749,749,5
1976226,749,749,5
1976237,753,749,5
1976247,748,749,5
1976257,751,749,5
1976267,751,749,5
1976277,748,749,5
1976288,753,749,5
1976298,749,749,5
1976308,752,749,5
1976318,753,749,5
1976328,746,749,5
1976339,752,749,5
1976349,750,749,5
1976359,751,749,5
1976369,752,749,5
1976379,746,749,6
1976390,752,749,6
1976400,751,749,6
1976410,749,749,6
1976420,753,749,6
1976430,747,749,6
1976441,750,749,6
1976451,751,749,6
1976461,747,749,6
1976471,752,749,6
1976482,746,749,6
1976492,750,749,6
1976502,750,749,6
1976512,744,749,6
1976522,750,749,6
1976533,748,749,6
1976543,748,749,6
1976553,750,749,6
1976563,745,749,6
1976573,750,749,6
1976584,749,749,6
1976594,746,749,6
1976604,750,749,6
1976614,745,749,6
1976624,749,749,6
1976635,751,749,6
1976645,745,749,6
1976655,750,749,6
1976665,745,749,6
1976675,747,749,6
1976686,751,749,6
1976696,745,749,6
1976706,749,749,6
1976716,748,749,6
1976726,748,749,6
1976737,751,749,6
1976747,745,749,6
1976757,749,749,6
1976767,749,749,6
1976777,746,749,6
1976788,751,749,6
1976798,746,749,6
1976808,749,749,6
1976818,750,749,6
1976828,745,749,6
1976839,749,749,6
1976849,746,749,6
1976859,748,749,6
1976869,751,749,6
1976879,745,749,6
1976890,750,749,6
1976900,748,749,6
1976910,746,749,6
1976920,750,749,6
1976930,745,749,6
1976941,749,749,6
OSM
1976962,676,678,2
1976972,681,678,2
1976982,677,678,2
1976993,676,678,2
1977003,678,678,2
1977013,675,678,2
1977023,677,678,2
1977033,677,678,2
1977044,676,678,2
1977054,679,678,2
1977064,676,678,2
1977074,677,678,2
1977084,678,678,2
1977095,677,678,2
1977105,678,678,2
1977115,676,678,2
1977125,678,678,2
1977135,679,678,2
1977146,677,678,1
1977156,679,678,1
1977166,679,678,1
1977176,678,678,1
1977186,679,678,1
1977197,676,678,1
1977207,678,678,1
1977217,678,678,1
1977227,676,678,1
1977237,679,678,1
1977248,677,678,1
1977258,679,678,1
1977268,678,678,1
1977278,676,678,1
1977288,679,678,1
1977299,678,678,1
1977309,678,678,1
1977319,679,678,1
1977329,676,678,1
1977339,679,678,1
1977350,679,678,1
1977360,677,678,1
1977370,678,678,1
1977380,676,678,1
1977390,679,678,1
1977401,679,678,1
1977411,677,678,1
1977421,678,678,1
1977431,676,678,1
1977441,679,678,1
1977452,681,678,1
1977462,676,678,1
1977472,678,678,1
1977482,677,678,1
1977492,677,678,1
1977503,679,678,1
1977513,676,678,1
1977523,678,678,1
1977533,677,678,1
1977543,677,678,1
1977554,679,678,1
1977564,676,678,1
1977574,677,678,1
1977584,678,678,1
1977594,677,678,1
1977605,679,678,1
1977615,677,677,2
1977625,679,677,2
1977635,678,677,2
1977645,676,677,2
1977656,679,677,2
1977666,677,677,2
1977676,678,677,2
1977686,678,677,2
1977696,676,677,2
1977707,678,677,2
1977717,678,677,2
1977727,676,677,2
1977737,679,677,2
1977747,676,677,2
1977758,679,677,2
1977768,679,677,2
1977778,676,677,2
1977788,678,677,2
1977798,677,677,2
1977809,678,677,2
1977819,679,677,2
1977829,676,677,2
1977839,678,677,2
1977849,678,677,2
1977860,678,677,2
1977870,679,677,2
1977880,676,677,2
1977890,678,677,2
1977900,678,677,2
1977911,677,677,2
1977921,679,677,2
1977931,676,677,2
1977941,679,677,2
1977951,679,677,2
1977962,676,677,2
1977972,678,677,2
1977982,677,677,2
1977992,677,677,2
1978002,678,677,2
1978013,677,677,2
1978023,679,677,2
1978033,679,677,2
1978043,676,677,2
1978053,680,677,2
1978064,678,677,2
1978074,678,677,2
1978084,679,677,2
1978094,677,677,2
1978104,680,677,2
1978115,678,677,2
1978125,678,677,2
1978135,679,677,2
1978145,676,677,2
1978155,679,677,2
1978166,678,677,2
1978176,678,677,2
SIM
1978196,809,794,8
1978206,800,794,8
1978216,796,794,8
1978227,792,794,8
1978237,797,794,8
1978247,790,794,8
1978257,795,794,8
1978267,796,794,8
1978278,791,794,8
1978288,797,794,8
1978298,793,794,8
1978308,795,794,8
1978319,797,794,8
1978329,790,794,8
1978339,796,794,8
1978349,794,794,8
1978359,792,794,8
1978370,796,794,8
1978380,790,794,8
1978390,796,794,8
1978400,795,794,8
1978410,791,794,8
1978421,796,794,8
1978431,791,794,8
1978441,795,794,8
1978451,796,794,8
1978461,793,794,8
1978472,796,794,8
1978482,792,794,8
1978492,794,794,8
1978502,797,794,8
1978512,791,794,8
1978523,797,794,8
1978533,795,794,7
1978543,793,794,7
1978553,797,794,7
1978563,792,794,7
1978574,797,794,8
1978584,797,794,7
1978594,791,794,8
1978604,797,794,8
1978614,792,794,8
1978625,795,794,7
1978635,797,794,7
1978645,791,794,8
1978655,796,794,8
1978665,793,794,7
1978676,795,794,7
1978686,797,794,8
1978696,791,794,8
1978706,796,794,8
1978716,795,794,7
1978727,793,794,7
1978737,797,794,7
1978747,791,794,8
1978757,796,794,8
1978767,797,794,7
1978778,792,794,7
1978788,797,794,8
1978798,792,794,8
1978808,794,794,7
1978818,796,794,7
1978829,790,794,7
1978839,797,794,8
1978849,793,794,7
1978859,794,794,7
1978869,797,794,7
1978880,791,794,7
1978890,796,794,7
1978900,795,794,7
1978910,791,794,7
1978920,797,794,7
1978931,792,794,7
1978941,795,794,7
1978951,798,794,7
1978961,792,794,7
1978971,797,794,7
1978982,793,794,7
1978992,795,794,7
1979002,797,794,7
1979012,792,794,7
1979022,797,794,7
1979033,795,794,7
1979043,792,794,7
1979053,798,794,7
1979063,792,794,7
1979073,796,794,7
1979084,797,794,7
1979094,792,794,7
1979104,797,794,7
1979114,792,794,7
1979124,796,794,7
1979135,797,794,7
1979145,792,794,7
1979155,797,794,7
1979165,793,794,7
1979175,794,794,7
1979186,798,794,7
1979196,791,794,7
1979206,796,794,7
1979216,795,794,7
1979226,792,794,7
1979237,799,794,8
1979247,791,794,8
1979257,796,794,8
1979267,797,794,8
1979277,793,794,8
1979288,797,794,8
1979298,792,794,8
1979308,795,794,8
1979318,797,794,8
1979328,790,794,8
1979339,799,794,8
1979349,793,794,8
1979359,794,794,8
1979369,798,794,8
1979379,791,794,8
1979390,796,794,8
1979400,796,794,8
1979410,793,794,8
RIM
1979430,758,749,6
1979440,751,749,6
1979451,753,749,6
1979461,747,749,6
1979471,752,749,6
1979481,749,749,6
1979492,751,749,6
1979502,749,749,6
1979512,746,749,6
1979522,750,749,6
1979532,748,749,6
1979543,747,749,6
1979553,750,749,6
1979563,745,749,6
1979573,749,749,6
1979583,750,749,6
1979594,745,749,6
1979604,750,749,6
1979614,746,749,6
1979624,749,749,6
1979634,750,749,6
1979645,745,749,6
1979655,750,749,6
1979665,747,749,6
1979675,748,749,6
1979685,750,749,6
1979696,746,749,6
1979706,750,749,6
1979716,748,749,6
1979726,746,749,6
1979736,750,749,6
1979747,746,748,7
1979757,749,748,7
1979767,750,748,7
1979777,745,748,7
1979787,750,748,7
1979798,746,748,7
1979808,748,748,6
1979818,750,748,6
1979828,745,748,6
1979838,749,748,6
1979849,748,748,6
1979859,747,748,6
1979869,750,748,6
1979879,745,748,6
1979889,749,748,6
1979900,749,748,6
1979910,746,748,6
1979920,750,748,6
1979930,746,748,6
1979940,748,748,6
1979951,749,748,6
1979961,745,748,6
1979971,750,748,6
1979981,746,748,6
1979991,747,748,6
1980002,750,748,6
1980012,745,748,6
1980022,749,748,5
1980032,748,748,5
1980042,747,748,5
1980053,750,748,5
1980063,745,748,5
1980073,749,748,5
1980083,750,748,5
1980093,746,748,5
1980104,750,748,5
1980114,746,748,5
1980124,748,748,5
1980134,751,748,5
1980144,744,748,5
1980155,751,748,5
1980165,747,748,5
1980175,747,748,5
1980185,750,748,5
1980195,745,748,5
1980206,749,748,5
1980216,749,748,5
1980226,746,748,5
1980236,750,748,5
1980246,746,748,5
1980257,749,748,5
1980267,750,748,5
1980277,745,748,5
1980287,750,748,5
1980297,747,748,5
1980308,748,748,5
1980318,751,748,5
1980328,744,748,5
1980338,750,748,5
1980348,748,748,5
1980359,747,748,5
1980369,750,748,5
1980379,744,748,5
1980389,749,748,5
1980399,749,748,5
1980410,746,748,5
1980420,750,748,5
1980430,745,748,5
1980440,748,748,5
1980450,750,748,5
1980461,746,748,5
1980471,750,748,5
1980481,747,748,5
1980491,749,748,5
1980501,750,748,5
1980512,746,748,5
1980522,750,748,5
1980532,747,748,5
1980542,746,748,5
1980552,750,748,5
1980563,745,748,5
1980573,749,748,5
1980583,750,748,4
1980593,746,748,4
1980603,750,748,5
1980614,745,748,5
1980624,748,748,5
1980634,750,748,4
1980644,744,748,5
OSM
1980665,679,677,2
1980675,679,677,1
1980685,680,677,2
1980695,679,677,2
1980706,679,677,2
1980716,678,677,2
1980726,678,677,2
1980736,680,677,2
1980746,677,677,2
1980757,679,677,2
1980767,680,677,2
1980777,677,677,2
1980787,679,677,2
1980797,678,677,2
1980808,678,677,2
1980818,679,677,2
1980828,676,677,2
1980838,679,677,2
1980848,679,677,2
1980859,678,677,2
1980869,680,677,2
1980879,677,677,2
1980889,679,677,2
1980899,679,677,2
1980910,677,677,2
1980920,680,677,2
1980930,677,677,2
1980940,679,677,2
1980950,679,677,2
1980961,677,677,2
1980971,680,677,2
1980981,677,677,2
1980991,679,677,2
1981001,680,678,1
1981012,677,677,2
1981022,678,677,2
1981032,678,678,1
1981042,679,678,1
1981052,680,678,1
1981063,678,678,1
1981073,681,678,1
1981083,679,678,1
1981093,678,678,1
1981103,680,678,1
1981114,678,678,1
1981124,678,678,1
1981134,678,678,1
1981144,678,678,1
1981154,679,678,1
1981165,679,678,1
1981175,678,678,1
1981185,679,678,1
1981195,677,678,1
1981205,679,678,1
1981216,678,678,1
1981226,677,678,1
1981236,679,678,1
1981246,678,678,1
1981256,679,678,1
1981267,679,678,1
1981277,677,678,1
1981287,680,678,1
1981297,678,678,1
1981307,679,678,1
1981318,680,678,1
1981328,678,678,1
1981338,678,678,1
1981348,678,678,1
1981358,678,678,1
1981369,680,678,1
1981379,677,678,1
1981389,679,678,1
1981399,679,678,1
1981409,678,678,1
1981420,680,678,1
1981430,677,678,1
1981440,678,678,1
1981450,679,678,1
1981460,677,678,1
1981471,679,678,1
1981481,678,678,1
1981491,678,678,1
1981501,680,678,1
1981511,677,678,1
1981522,680,678,1
1981532,679,678,1
1981542,677,678,1
1981552,680,678,1
1981562,678,678,1
1981573,679,678,1
1981583,678,678,1
1981593,678,678,1
1981603,680,678,1
1981613,677,678,1
1981624,678,678,1
1981634,680,678,1
1981644,677,678,1
1981654,679,678,1
1981664,678,678,1
1981675,678,678,1
1981685,679,678,1
1981695,676,678,1
1981705,679,678,1
1981715,679,678,1
1981726,678,678,1
1981736,680,678,1
1981746,677,678,1
1981756,679,678,1
1981766,680,678,1
1981777,678,678,1
1981787,680,678,1
1981797,677,678,1
1981807,678,678,1
1981817,679,678,1
1981828,677,678,1
1981838,678,678,1
1981848,678,678,1
1981858,679,678,1
1981868,680,678,1
1981879,678,678,1
SIM
1981899,810,794,8
1981909,794,794,8
1981919,796,794,8
1981929,792,794,8
1981940,795,794,8
1981950,798,794,8
1981960,791,794,8
1981970,798,794,8
1981981,793,794,8
1981991,796,794,8
1982001,797,794,8
1982011,792,794,8
1982021,797,794,8
1982032,795,794,8
1982042,794,794,8
1982052,796,794,8
1982062,790,794,8
1982072,795,794,8
1982083,795,794,8
1982093,791,794,8
1982103,796,794,8
1982113,791,794,8
1982123,794,794,8
1982134,795,794,8
1982144,790,794,8
1982154,796,794,8
1982164,791,794,8
1982174,793,794,8
1982185,796,794,8
1982195,790,794,8
1982205,795,794,8
1982215,794,794,8
1982225,792,794,8
1982236,796,794,8
1982246,790,794,8
1982256,794,794,8
1982266,795,794,8
1982276,790,794,8
1982287,796,794,8
1982297,791,794,8
1982307,794,794,8
1982317,796,794,8
1982327,789,794,8
1982338,797,794,8
1982348,794,794,8
1982358,794,794,8
1982368,797,794,8
1982378,792,794,8
1982389,797,794,8
1982399,795,794,8
1982409,793,794,8
1982419,798,794,8
1982429,792,794,8
1982440,796,794,8
1982450,797,794,8
1982460,791,794,8
1982470,798,794,8
1982480,794,794,8
1982491,796,794,8
1982501,797,794,8
1982511,791,794,8
1982521,797,794,8
1982531,796,794,8
1982542,793,794,8
1982552,797,794,8
1982562,791,794,8
1982572,796,794,8
1982582,795,794,8
1982593,791,794,8
1982603,797,794,8
1982613,790,794,8
1982623,795,794,8
1982633,797,794,8
1982644,789,794,8
1982654,796,794,8
1982664,792,794,8
1982674,793,794,8
1982684,796,794,8
1982695,789,794,8
1982705,796,794,8
1982715,792,794,8
1982725,792,794,8
1982735,796,794,8
1982746,790,794,8
1982756,795,794,8
1982766,796,794,8
1982776,791,794,8
1982786,797,794,8
1982797,792,794,8
1982807,795,794,8
1982817,797,794,8
1982827,791,794,8
1982838,796,794,8
1982848,794,794,8
1982858,794,794,8
1982868,798,794,8
1982878,790,794,8
1982889,796,794,8
1982899,795,794,8
1982909,793,794,8
1982919,798,794,8
1982929,792,794,8
1982940,796,794,8
1982950,798,794,8
1982960,791,794,8
1982970,796,794,8
1982980,792,794,8
1982991,794,794,8
1983001,795,794,8
1983011,790,794,8
1983021,797,794,8
1983031,794,794,8
1983042,793,794,8
1983052,798,794,8
1983062,790,794,8
1983072,796,794,8
1983082,796,794,8
1983093,792,794,8
1983103,799,794,8
1983113,792,794,8
RIM
1983133,763,748,6
1983144,749,748,6
1983154,752,748,6
1983164,748,748,6
1983174,750,748,5
1983184,752,748,6
1983195,745,748,6
1983205,748,748,6
1983215,749,748,6
1983225,746,748,6
1983235,749,748,6
1983246,746,748,6
1983256,753,748,6
1983266,753,748,6
1983276,747,748,6
1983286,752,748,6
1983297,749,748,6
1983307,751,748,6
1983317,753,748,6
1983327,747,748,6
1983337,751,748,6
1983348,751,748,6
1983358,749,748,6
1983368,752,748,6
1983378,748,748,6
1983388,750,748,6
1983399,752,748,6
1983409,748,748,6
1983419,752,748,6
1983429,748,748,6
1983439,749,748,6
1983450,752,748,6
1983460,747,748,6
1983470,751,748,7
1983480,748,748,6
1983490,749,748,6
1983501,753,748,7
1983511,747,748,7
1983521,752,748,7
1983531,750,748,7
1983541,749,748,7
1983552,752,748,7
1983562,748,748,7
1983572,751,748,7
1983582,751,748,7
1983592,746,748,7
1983603,753,748,7
1983613,748,748,7
1983623,751,748,7
1983633,751,748,7
1983643,746,748,7
1983654,752,748,7
1983664,749,748,7
1983674,749,748,7
1983684,753,748,7
1983694,746,748,7
1983705,752,748,7
1983715,751,748,7
1983725,747,748,7
1983735,752,748,8
1983745,747,748,8
1983756,751,748,8
1983766,752,749,7
1983776,748,748,8
1983786,753,749,7
1983796,748,749,7
1983807,751,749,7
1983817,753,749,7
1983827,747,749,7
1983837,752,749,7
1983847,751,749,7
1983858,749,749,7
1983868,752,749,7
1983878,747,749,7
1983888,752,749,7
1983898,750,749,7
1983909,748,749,7
1983919,752,749,7
1983929,748,749,7
1983939,751,749,7
1983949,751,749,7
1983960,748,749,7
1983970,752,749,7
1983980,749,749,7
1983990,751,749,7
1984000,752,749,7
1984011,747,749,7
1984021,752,749,7
1984031,751,749,7
1984041,749,749,7
1984051,752,749,7
1984062,747,749,7
1984072,750,749,7
1984082,752,749,7
1984092,748,749,7
1984102,750,749,7
1984113,748,749,6
1984123,751,749,6
1984133,752,749,6
1984143,747,749,6
1984153,751,749,6
1984164,749,749,6
1984174,750,749,6
1984184,752,749,6
1984194,748,749,6
1984204,750,749,6
1984215,751,749,6
1984225,748,749,6
1984235,752,749,6
1984245,747,749,6
1984255,751,749,6
1984266,753,749,6
1984276,747,749,6
1984286,751,749,7
1984296,749,749,6
1984306,750,749,6
1984317,753,749,6
1984327,746,749,6
1984337,751,749,7
1984347,750,749,6
OSM
1984368,678,678,1
1984378,675,678,1
1984388,677,678,1
1984398,681,678,1
1984409,676,678,1
1984419,678,678,1
1984429,675,678,1
1984439,677,678,1
1984449,679,678,1
1984460,680,678,1
1984470,678,678,1
1984480,676,678,1
1984490,676,678,1
1984500,677,678,1
1984511,675,678,1
1984521,678,678,1
1984531,678,678,1
1984541,678,678,1
1984551,679,678,1
1984562,677,678,1
1984572,682,678,1
1984582,680,678,1
1984592,677,678,1
1984602,679,678,1
1984613,678,678,1
1984623,679,678,1
1984633,680,678,1
1984643,677,678,1
1984653,680,678,1
1984664,678,678,1
1984674,677,678,1
1984684,678,678,1
1984694,677,678,1
1984704,679,678,1
1984715,678,678,1
1984725,676,678,1
1984735,679,678,1
1984745,677,678,1
1984755,679,678,1
1984766,679,678,1
1984776,676,678,1
1984786,678,678,1
1984796,678,678,1
1984806,679,678,1
1984817,679,678,1
1984827,676,678,1
1984837,679,678,1
1984847,678,678,1
1984857,678,678,1
1984868,678,678,1
1984878,676,678,1
1984888,679,678,1
1984898,679,678,1
1984908,678,678,1
1984919,678,678,1
1984929,676,678,1
1984939,678,678,1
1984949,680,678,1
1984959,677,678,1
1984970,677,678,1
1984980,677,678,1
1984990,677,678,1
1985000,680,678,1
1985010,678,678,1
1985021,680,678,1
1985031,677,678,1
1985041,677,678,1
1985051,680,678,1
1985061,678,678,1
1985072,677,678,1
1985082,678,678,1
1985092,677,678,1
1985102,679,678,1
1985112,678,678,1
1985123,677,678,1
1985133,679,678,1
1985143,676,678,1
1985153,679,678,1
1985163,678,678,1
1985174,677,678,1
1985184,678,678,1
1985194,677,678,1
1985204,679,678,1
1985214,679,678,1
1985225,676,678,1
1985235,678,678,1
1985245,676,678,1
1985255,679,678,1
1985265,680,678,1
1985276,677,678,1
1985286,678,678,1
1985296,677,678,1
1985306,679,678,1
1985316,680,678,1
1985327,676,678,1
1985337,679,678,1
1985347,677,678,1
1985357,678,678,1
1985367,679,678,1
1985378,676,678,1
1985388,678,677,2
1985398,678,678,1
1985408,678,678,1
1985418,679,678,1
1985429,676,677,2
1985439,677,677,2
1985449,679,677,2
1985459,677,677,2
1985469,679,677,2
1985480,677,677,2
1985490,678,677,2
1985500,678,677,2
1985510,677,677,2
1985520,679,677,2
1985531,677,677,2
1985541,676,677,2
1985551,679,677,2
1985561,677,677,2
1985571,679,677,2
1985582,679,677,2
SIM
1985602,813,794,9
1985612,793,794,9
1985622,795,794,9
1985633,798,794,9
1985643,790,794,9
1985653,797,794,9
1985663,794,794,9
1985673,794,794,9
1985684,797,794,9
1985694,792,794,9
1985704,796,794,9
1985714,794,794,9
1985724,791,794,9
1985735,796,794,9
1985745,792,794,9
1985755,795,794,9
1985765,796,794,9
1985775,792,794,9
1985786,796,794,9
1985796,791,794,9
1985806,794,794,9
1985816,796,794,9
1985826,790,794,9
1985837,795,794,9
1985847,794,794,9
1985857,793,794,9
1985867,796,794,9
1985877,791,794,9
1985888,795,794,9
1985898,794,794,9
1985908,791,794,9
1985918,797,794,9
1985928,791,794,9
1985939,794,794,9
1985949,797,794,9
1985959,790,794,9
1985969,796,794,9
1985980,792,794,9
1985990,795,794,9
1986000,798,794,9
1986010,791,794,9
1986020,797,794,9
1986031,795,794,9
1986041,793,794,9
1986051,798,794,9
1986061,790,794,9
1986071,795,794,9
1986082,796,794,9
1986092,791,794,9
1986102,796,794,9
1986112,790,794,9
1986122,795,794,9
1986133,796,794,9
1986143,790,794,9
1986153,796,794,9
1986163,792,794,9
1986173,792,794,9
1986184,796,794,9
1986194,791,794,9
1986204,796,794,9
1986214,794,794,9
1986224,793,794,9
1986235,800,794,9
1986245,792,794,9
1986255,795,794,9
1986265,796,794,9
1986275,791,794,9
1986286,797,794,9
1986296,792,794,9
1986306,794,794,9
1986316,796,794,9
1986326,790,794,9
1986337,794,794,9
1986347,794,794,9
1986357,791,794,9
1986367,796,794,9
1986377,789,794,9
1986388,794,794,9
1986398,795,794,9
1986408,791,794,9
1986418,795,794,9
1986428,790,794,9
1986439,794,794,9
1986449,796,794,9
1986459,790,794,9
1986469,796,794,9
1986480,793,794,9
1986490,795,794,9
1986500,797,794,9
1986510,791,794,9
1986520,796,794,9
1986531,795,794,9
1986541,794,794,9
1986551,797,794,9
1986561,791,794,9
1986571,795,794,9
1986582,795,794,9
1986592,791,794,9
1986602,797,794,9
1986612,790,794,9
1986622,794,794,9
1986633,797,794,9
1986643,790,794,9
1986653,795,794,9
1986663,793,794,9
1986673,793,794,9
1986684,797,794,9
1986694,789,794,9
1986704,794,794,9
1986714,794,794,9
1986724,792,794,9
1986735,796,794,9
1986745,791,794,9
1986755,796,794,9
1986765,796,794,9
1986775,790,794,9
1986786,796,794,9
1986796,793,794,9
1986806,794,794,8
1986816,799,794,9
RIM
1986837,759,749,6
1986847,750,749,6
1986857,747,749,5
1986867,750,749,5
1986877,745,749,6
1986888,749,749,6
1986898,749,749,5
1986908,746,749,5
1986918,751,749,6
1986928,746,749,6
1986939,749,749,6
1986949,751,749,5
1986959,745,749,5
1986969,749,749,5
1986979,748,749,5
1986990,748,749,5
1987000,751,749,5
1987010,745,749,5
1987020,749,749,5
1987030,749,749,5
1987041,746,749,5
1987051,751,749,5
1987061,746,749,5
1987071,749,749,5
1987081,751,749,5
1987092,746,749,5
1987102,750,749,5
1987112,746,749,5
1987122,748,749,5
1987132,751,749,5
1987143,745,749,5
1987153,750,749,5
1987163,748,749,5
1987173,748,749,5
1987183,750,749,5
1987194,745,749,5
1987204,749,749,5
1987214,749,749,5
1987224,746,749,5
1987234,750,749,5
1987245,746,749,5
1987255,749,749,5
1987265,750,749,5
1987275,745,749,5
1987285,750,749,5
1987296,747,749,5
1987306,749,749,5
1987316,750,749,5
1987326,745,749,5
1987336,750,749,5
1987347,748,749,5
1987357,747,749,5
1987367,750,749,5
1987377,746,749,5
1987387,749,749,5
1987398,750,749,5
1987408,746,749,5
1987418,750,749,5
1987428,746,749,5
1987438,749,749,5
1987449,751,749,5
1987459,746,749,5
1987469,750,749,5
1987479,748,749,5
1987489,748,749,5
1987500,750,749,5
1987510,745,749,5
1987520,749,749,5
1987530,749,749,5
1987540,746,749,5
1987551,750,749,5
1987561,746,748,6
1987571,749,748,6
1987581,750,748,6
1987591,745,748,6
1987602,750,748,6
1987612,746,748,6
1987622,749,748,6
1987632,751,748,6
1987642,745,748,6
1987653,750,748,6
1987663,748,748,6
1987673,748,748,5
1987683,750,748,5
1987693,745,748,5
1987704,749,748,5
1987714,749,748,5
1987724,746,748,5
1987734,751,748,5
1987744,746,748,5
1987755,749,748,5
1987765,751,748,5
1987775,746,748,5
1987785,750,748,5
1987795,746,748,5
1987806,748,748,5
1987816,751,748,5
1987826,744,748,5
1987836,750,748,5
1987846,748,748,5
1987857,747,748,5
1987867,751,748,5
1987877,744,748,5
1987887,749,748,5
1987897,750,748,5
1987908,746,748,5
1987918,751,748,5
1987928,746,748,5
1987938,749,748,5
1987948,750,748,5
1987959,745,748,5
1987969,750,748,5
1987979,747,748,5
1987989,748,748,5
1987999,751,748,5
1988010,746,748,5
1988020,750,748,5
1988030,749,748,5
1988040,746,748,5
1988050,750,748,5
OSM
1988071,680,677,2
1988081,681,677,2
1988091,679,677,2
1988101,679,677,2
1988112,678,677,2
1988122,678,677,2
1988132,680,678,1
1988142,677,678,1
1988152,679,678,1
1988163,679,678,1
1988173,679,678,1
1988183,680,678,1
1988193,677,678,1
1988203,679,678,1
1988214,679,678,1
1988224,678,678,1
1988234,680,678,1
1988244,678,678,1
1988254,680,678,1
1988265,680,678,1
1988275,678,678,1
1988285,680,678,1
1988295,678,678,1
1988305,680,678,1
1988316,680,678,1
1988326,677,678,1
1988336,679,678,1
1988346,679,678,1
1988356,678,678,1
1988367,680,678,1
1988377,677,678,1
1988387,679,678,1
1988397,679,678,1
1988407,678,678,1
1988418,680,678,1
1988428,677,678,1
1988438,679,678,1
1988448,680,678,1
1988458,677,678,1
1988469,679,678,1
1988479,678,678,1
1988489,679,678,1
1988499,680,678,1
1988509,677,678,1
1988520,680,678,1
1988530,678,678,1
1988540,679,678,1
1988550,680,678,1
1988560,678,678,1
1988571,679,678,1
1988581,679,678,1
1988591,678,678,1
1988601,680,678,1
1988611,679,678,1
1988622,679,678,1
1988632,679,678,1
1988642,678,678,1
1988652,680,678,1
1988662,678,678,1
1988673,678,678,1
1988683,680,678,1
1988693,677,678,1
1988703,680,678,1
1988713,679,678,1
1988724,678,678,1
1988734,679,678,1
1988744,678,678,1
1988754,679,678,1
1988764,680,678,1
1988775,678,678,1
1988785,679,678,1
1988795,678,678,1
1988805,679,678,1
1988815,680,678,1
1988826,677,678,1
1988836,679,678,1
1988846,679,678,1
1988856,678,678,1
1988866,679,678,1
1988877,678,678,1
1988887,679,678,1
1988897,680,678,1
1988907,678,678,1
1988917,680,678,1
1988928,678,678,1
1988938,679,678,1
1988948,680,678,1
1988958,677,678,1
1988968,680,678,1
1988979,679,678,1
1988989,678,678,1
1988999,680,678,1
1989009,678,678,1
1989019,680,678,1
1989030,679,678,1
1989040,678,678,1
1989050,679,678,1
1989060,678,678,1
1989070,679,678,1
1989081,680,678,1
1989091,678,678,1
1989101,680,678,1
1989111,679,678,1
1989121,680,678,1
1989132,680,678,1
1989142,678,678,1
1989152,679,678,1
1989162,680,678,1
1989172,681,678,1
1989183,679,678,1
1989193,678,678,1
1989203,679,678,1
1989213,680,678,1
1989223,678,678,1
1989234,680,678,1
1989244,678,678,1
1989254,679,678,1
1989264,680,678,1
1989274,678,678,1
1989285,680,678,1
SIM
1989305,812,794,8
1989315,798,794,8
1989325,791,794,9
1989335,796,794,8
1989346,792,794,8
1989356,795,794,8
1989366,797,794,8
1989376,791,794,8
1989387,796,794,8
1989397,796,794,8
1989407,793,794,8
1989417,797,794,8
1989427,791,794,8
1989438,795,794,8
1989448,797,794,8
1989458,792,794,8
1989468,798,794,9
1989478,792,794,9
1989489,795,794,9
1989499,797,794,9
1989509,792,794,9
1989519,796,794,9
1989529,794,794,8
1989540,793,794,8
1989550,797,794,9
1989560,791,794,9
1989570,796,794,9
1989580,797,794,9
1989591,792,794,9
