Polling for available serial device...
Opening serial monitor for com port: "/dev/ttyACM0"
Serial monitor opened successfully:
11144845,832,827,32
11144855,819,827,33
11144865,834,827,33
11144875,824,827,33
11144885,826,827,32
11144895,833,827,32
11144906,817,827,34
11144916,831,827,33
11144926,830,827,33
11144936,823,827,32
11144946,833,827,33
11144957,819,827,33
11144967,830,827,32
11144977,832,827,32
11144987,821,827,32
11144997,834,827,33
11145008,824,827,32
11145018,830,827,32
11145028,833,827,32
11145038,816,827,34
OSM
11145059,543,542,4
11145069,543,542,4
11145079,546,542,5
11145089,539,542,5
11145099,544,542,5
11145110,543,542,5
11145120,538,542,5
11145130,545,542,5
11145140,539,542,5
11145150,544,542,5
11145161,545,542,5
11145171,539,542,5
11145181,546,542,5
11145191,541,542,5
11145201,543,542,5
11145212,547,542,6
11145222,540,542,6
11145232,544,542,6
11145242,541,542,6
11145252,542,542,5
11145262,548,542,6
11145273,539,542,6
11145283,545,542,6
11145293,543,542,6
11145303,540,542,6
11145313,547,542,6
11145324,539,542,6
11145334,544,542,6
11145344,545,542,6
11145354,538,542,6
11145364,547,542,7
11145374,541,542,7
11145385,543,542,7
11145395,545,542,7
11145405,537,542,7
11145415,546,542,7
11145425,542,542,7
11145436,542,542,7
11145446,545,542,7
11145456,538,542,7
11145466,545,542,7
11145476,544,542,7
11145486,540,542,7
11145497,546,542,7
11145507,539,542,7
11145517,544,542,7
11145527,546,542,8
11145537,539,542,8
11145548,546,542,8
11145558,539,542,8
11145568,543,542,8
11145578,546,542,8
11145588,539,542,8
11145598,545,542,8
11145609,541,542,8
11145619,541,542,8
11145629,546,542,8
11145639,539,542,8
11145649,545,542,9
11145660,544,542,8
SIM
11145680,727,808,3371
11145690,758,807,3397
11145700,768,806,3393
11145710,860,807,3437
11145721,864,809,3392
11145731,892,810,3488
11145741,881,810,3503
11145751,828,811,3476
11145761,814,812,3412
11145772,774,810,3322
11145782,744,808,3353
11145792,759,808,3325
11145802,738,808,3354
11145812,800,807,3237
11145823,889,807,3237
11145833,884,808,3322
11145843,894,811,3366
11145853,823,810,3311
11145863,869,810,3327
11145874,817,811,3275
11145884,764,812,3217
11145894,755,809,3112
11145904,704,807,3272
11145914,744,807,3279
11145925,744,806,3309
11145935,786,805,3229
11145945,882,806,3323
11145955,873,808,3343
11145965,887,810,3430
11145975,875,809,3360
11145986,814,809,3360
11145996,822,811,3269
11146006,757,811,3276
11146016,735,808,3266
11146026,775,807,3270
11146037,733,807,3311
11146047,802,807,3279
11146057,885,807,3257
11146067,891,809,3369
11146077,890,811,3406
11146088,819,811,3405
11146098,803,810,3346
11146108,758,809,3391
11146118,735,809,3329
11146128,808,809,3310
11146139,737,807,3306
11146149,734,806,3383
11146159,759,806,3326
11146169,783,805,3309
11146179,747,803,3274
11146190,773,802,3287
11146200,862,805,3223
11146210,917,806,3403
11146220,860,806,3377
11146230,875,807,3454
11146241,851,809,3402
11146251,807,808,3394
11146261,771,807,3346
11146271,715,806,3473
11146281,736,805,3501
RIM
11146302,845,827,38
11146312,838,827,38
11146322,814,827,41
11146332,835,827,42
11146342,829,827,41
11146353,823,827,40
11146363,836,827,41
11146373,813,827,45
11146383,833,827,45
11146393,831,827,45
11146403,820,827,45
11146414,835,827,45
11146424,815,827,48
11146434,829,827,47
11146444,834,827,47
11146454,815,827,48
11146465,834,827,49
11146475,821,827,49
11146485,827,827,48
11146495,834,827,48
11146505,811,827,52
11146516,833,827,53
11146526,826,827,52
11146536,823,827,51
11146546,836,827,52
11146556,814,827,55
11146566,832,827,55
11146577,830,827,54
11146587,819,827,54
11146597,834,827,55
11146607,817,826,57
11146617,830,827,57
11146628,834,827,57
11146638,814,826,59
11146648,833,827,59
11146658,821,826,60
11146668,829,827,58
11146679,836,827,59
11146689,813,826,62
11146699,833,827,62
11146709,827,826,63
11146719,823,826,62
11146729,835,827,61
11146740,814,826,64
11146750,834,826,66
11146760,833,826,66
11146770,818,826,65
11146780,835,827,65
11146791,817,826,67
11146801,830,826,67
11146811,836,827,67
11146821,815,826,69
11146831,834,827,69
11146841,820,826,70
11146852,828,826,70
11146862,836,826,70
11146872,813,826,73
11146882,834,826,74
11146892,826,826,73
11146903,823,826,72
OSM
11146924,541,542,8
11146934,545,542,9
11146944,546,542,9
11146954,539,542,9
11146964,546,542,9
11146975,540,542,9
11146985,543,542,9
11146995,547,542,9
11147005,538,542,9
11147015,546,542,9
11147026,543,542,9
11147036,541,542,9
11147046,547,542,9
11147056,538,542,9
11147066,545,542,9
11147077,543,542,9
11147087,540,542,9
11147097,546,542,9
11147107,539,542,9
11147117,543,542,9
11147127,547,542,9
11147138,538,542,9
11147148,546,542,9
11147158,541,542,9
11147168,544,542,9
11147178,546,542,9
11147189,538,542,9
11147199,545,542,9
11147209,542,542,9
11147219,542,542,9
11147229,546,542,9
11147239,539,542,9
11147250,545,542,9
11147260,543,542,9
11147270,540,542,9
11147280,547,542,9
11147290,540,542,9
11147301,544,542,9
11147311,546,542,9
11147321,538,542,9
11147331,546,542,9
11147341,540,542,9
11147351,544,542,9
11147362,547,542,9
11147372,537,542,10
11147382,544,542,10
11147392,540,542,9
11147402,542,542,9
11147413,546,542,9
11147423,538,542,9
11147433,544,542,9
11147443,542,542,9
11147453,541,542,9
11147464,547,542,9
11147474,539,542,9
11147484,545,542,10
11147494,545,542,9
11147504,538,542,10
11147514,546,542,10
11147525,540,542,10
SIM
11147545,725,805,3506
11147555,726,805,3574
11147565,745,804,3612
11147576,811,804,3560
11147586,822,803,3505
11147596,911,803,3568
11147606,888,803,3587
11147616,874,804,3658
11147626,839,805,3676
11147637,797,805,3661
11147647,754,805,3642
11147657,739,805,3680
11147667,741,805,3673
11147677,747,804,3728
11147688,773,802,3622
11147698,871,802,3589
11147708,905,802,3625
11147718,859,803,3671
11147728,879,803,3694
11147739,806,803,3691
11147749,796,803,3667
11147759,780,803,3637
11147769,697,803,3661
11147779,757,804,3637
11147790,729,803,3671
11147800,747,803,3719
11147810,789,801,3617
11147820,839,801,3554
11147830,885,801,3549
11147841,910,801,3655
11147851,863,802,3715
11147861,856,802,3757
11147871,793,803,3722
11147881,752,803,3688
11147891,752,803,3719
11147902,714,803,3769
11147912,757,802,3804
11147922,766,800,3709
11147932,861,799,3633
11147942,916,800,3722
11147953,851,800,3759
11147963,881,802,3864
11147973,824,803,3838
11147983,797,804,3760
11147993,775,803,3774
11148004,727,803,3798
11148014,735,803,3795
11148024,748,803,3814
11148034,776,803,3819
11148044,727,802,3864
11148055,721,802,3959
11148065,769,800,3916
11148075,861,799,3750
11148085,887,800,3816
11148095,911,800,3927
11148106,858,800,3940
11148116,871,801,4021
11148126,850,803,4041
11148136,773,804,3925
11148146,781,804,3857
RIM
11148167,849,826,75
11148177,834,826,73
11148187,821,826,71
11148197,836,826,72
11148207,819,826,72
11148218,828,826,72
11148228,834,826,71
11148238,814,826,71
11148248,835,826,72
11148258,821,826,72
11148269,827,826,71
11148279,835,826,71
11148289,811,826,73
11148299,832,826,73
11148309,827,826,72
11148319,824,826,70
11148330,835,826,70
11148340,814,826,72
11148350,831,826,73
11148360,831,826,72
11148370,818,826,70
11148381,836,826,70
11148391,817,826,72
11148401,830,826,72
11148411,835,826,72
11148421,814,826,72
11148432,834,826,72
11148442,820,826,72
11148452,827,826,72
11148462,837,826,72
11148472,812,826,74
11148482,832,826,75
11148493,827,826,74
11148503,823,826,71
11148513,836,826,72
11148523,814,826,74
11148533,832,826,75
11148544,832,826,74
11148554,819,826,72
11148564,835,826,72
11148574,816,826,74
11148584,827,826,74
11148594,835,826,74
11148605,816,826,73
11148615,836,826,74
11148625,821,826,73
11148635,826,826,72
11148645,834,826,72
11148656,813,826,73
11148666,834,826,74
11148676,827,826,72
11148686,822,826,71
11148696,834,826,71
11148707,812,826,73
11148717,831,826,74
11148727,832,826,73
11148737,820,826,70
11148747,835,826,71
11148757,817,826,72
11148768,828,826,72
OSM
11148789,540,542,10
11148799,546,542,10
11148809,543,542,10
11148819,541,542,9
11148829,547,542,10
11148840,538,542,10
11148850,545,542,10
11148860,545,542,10
11148870,541,542,9
11148880,547,542,10
11148891,539,542,10
11148901,542,542,10
11148911,545,542,9
11148921,539,542,9
11148931,548,542,10
11148942,540,542,10
11148952,544,542,10
11148962,545,542,10
11148972,538,542,10
11148982,545,542,10
11148992,543,542,10
11149003,543,542,9
11149013,546,542,9
11149023,538,542,10
11149033,544,542,10
11149043,543,542,9
11149054,540,542,9
11149064,546,542,9
11149074,539,542,9
11149084,544,542,9
11149094,546,542,9
11149104,539,542,9
11149115,547,542,10
11149125,540,542,10
11149135,543,542,10
11149145,545,542,9
11149155,538,542,10
11149166,545,542,10
11149176,543,542,9
11149186,542,542,9
11149196,546,542,9
11149206,538,542,9
11149217,545,542,9
11149227,544,542,9
11149237,541,542,9
11149247,547,542,9
11149257,539,542,9
11149267,543,542,9
11149278,545,542,9
11149288,539,542,9
11149298,547,542,9
11149308,540,542,9
11149318,542,542,9
11149329,546,542,9
11149339,538,542,9
11149349,545,542,9
11149359,542,542,9
11149369,540,542,9
11149379,545,542,9
11149390,538,542,9
SIM
11149410,736,805,3829
11149420,723,805,3837
11149430,768,805,3800
11149441,832,805,3812
11149451,900,807,3953
11149461,890,806,3888
11149471,849,806,3807
11149481,823,805,3734
11149491,810,804,3715
11149502,748,803,3768
11149512,748,803,3778
11149522,723,803,3816
11149532,751,803,3797
11149542,817,804,3746
11149553,823,805,3733
11149563,913,806,3853
11149573,890,806,3808
11149583,869,806,3827
11149593,924,807,3969
11149604,845,807,3993
11149614,882,809,4080
11149624,825,809,4070
11149634,796,811,3858
11149644,849,813,3829
11149655,797,814,3714
11149665,752,814,3703
11149675,750,813,3761
11149685,738,811,3844
11149695,746,809,3822
11149706,749,806,3709
11149716,857,806,3698
11149726,919,807,3866
11149736,856,808,3900
11149746,884,811,3934
11149757,853,812,3902
11149767,806,814,3737
11149777,763,814,3727
11149787,717,813,3845
11149797,763,812,3848
11149807,765,809,3698
11149818,794,808,3673
11149828,912,809,3763
11149838,853,809,3792
11149848,880,810,3870
11149858,840,812,3861
11149869,810,813,3739
11149879,768,813,3671
11149889,742,813,3685
11149899,737,813,3758
11149909,812,814,3632
11149920,729,814,3609
11149930,746,814,3652
11149940,746,812,3690
11149950,760,810,3639
11149960,749,807,3526
11149971,775,806,3499
11149981,870,806,3497
11149991,891,806,3585
11150001,865,808,3619
11150011,881,810,3691
RIM
11150032,847,826,71
11150042,823,826,70
11150052,829,826,69
11150062,837,826,70
11150072,812,826,72
11150083,832,826,73
11150093,827,826,72
11150103,821,826,70
11150113,836,826,70
11150123,815,826,72
11150134,832,826,72
11150144,831,826,71
11150154,818,826,69
11150164,835,826,69
11150174,816,826,71
11150184,830,826,71
11150195,836,826,71
11150205,814,826,71
11150215,835,826,72
11150225,821,826,72
11150235,826,826,71
11150246,834,826,71
11150256,813,826,72
11150266,834,826,73
11150276,829,826,72
11150286,825,826,69
11150297,834,826,69
11150307,814,826,71
11150317,832,826,72
11150327,832,826,70
11150337,819,826,68
11150347,835,826,69
11150358,816,826,70
11150368,828,826,70
11150378,834,826,70
11150388,814,826,70
11150398,832,826,70
11150409,822,826,69
11150419,827,826,68
11150429,835,826,68
11150439,813,826,70
11150449,833,826,70
11150460,826,826,69
11150470,821,826,68
11150480,835,826,68
11150490,814,826,69
11150500,831,826,70
11150511,832,826,69
11150521,815,826,69
11150531,833,826,68
11150541,817,826,70
11150551,829,826,70
11150561,833,826,69
11150572,814,826,68
11150582,835,826,69
11150592,821,826,69
11150602,824,826,69
11150612,834,826,68
11150623,812,826,70
11150633,831,826,71
OSM
11150654,543,542,9
11150664,547,542,9
11150674,540,542,9
11150684,544,542,9
11150694,545,542,9
11150705,538,542,9
11150715,545,542,9
11150725,541,542,9
11150735,543,542,9
11150745,547,542,9
11150756,537,542,9
11150766,545,542,9
11150776,541,542,9
11150786,542,542,9
11150796,545,542,9
11150807,538,542,9
11150817,544,542,9
11150827,545,542,9
11150837,540,542,9
11150847,547,542,9
11150857,539,542,9
11150868,543,542,9
11150878,546,542,9
11150888,538,542,9
11150898,546,542,9
11150908,541,542,9
11150919,542,542,9
11150929,547,542,9
11150939,536,542,10
11150949,545,542,10
11150959,544,542,10
11150969,541,542,9
11150980,546,542,9
11150990,536,542,10
11151000,544,542,10
11151010,543,542,10
11151020,539,542,10
11151031,547,542,10
11151041,540,542,10
11151051,542,542,10
11151061,545,542,10
11151071,539,542,10
11151082,547,542,10
11151092,541,542,10
11151102,543,542,10
11151112,546,542,10
11151122,537,542,10
11151132,544,542,10
11151143,541,542,10
11151153,540,542,10
11151163,546,542,10
11151173,539,542,10
11151183,544,542,10
11151194,543,542,10
11151204,539,542,9
11151214,546,542,10
11151224,539,542,10
11151234,544,542,10
11151245,547,542,10
11151255,540,542,10
SIM
11151275,730,810,3707
11151285,743,810,3655
11151295,751,810,3684
11151306,763,808,3712
11151316,856,808,3610
11151326,926,808,3730
11151336,860,809,3746
11151346,873,809,3811
11151357,821,810,3812
11151367,798,810,3751
11151377,759,811,3729
11151387,706,810,3784
11151397,752,810,3782
11151407,801,810,3783
11151418,839,810,3794
11151428,893,810,3732
11151438,850,809,3652
11151448,869,809,3652
11151458,863,808,3481
11151469,812,808,3458
11151479,768,806,3391
11151489,727,804,3488
11151499,741,803,3553
11151509,756,802,3554
11151520,713,800,3685
11151530,756,800,3679
11151540,775,801,3646
11151550,855,803,3624
11151560,924,806,3803
11151571,868,808,3808
11151581,872,808,3837
11151591,851,807,3662
11151601,806,806,3622
11151611,806,805,3520
11151622,720,802,3598
11151632,727,801,3692
11151642,769,801,3685
11151652,778,802,3574
11151662,863,804,3605
11151673,871,806,3650
11151683,871,807,3716
11151693,881,806,3624
11151703,793,805,3591
11151713,761,803,3529
11151723,752,802,3550
11151734,738,801,3617
11151744,775,801,3610
11151754,766,801,3572
11151764,850,803,3537
11151774,744,802,3594
11151785,738,802,3573
11151795,827,804,3527
11151805,868,806,3535
11151815,883,808,3594
11151825,746,808,3600
11151836,795,808,3585
11151846,911,809,3696
11151856,887,809,3686
11151866,878,809,3713
11151876,925,810,3850
RIM
11151897,846,826,70
11151907,816,826,72
11151917,831,826,72
11151927,833,826,71
11151938,817,826,69
11151948,835,826,69
11151958,817,826,71
11151968,828,826,70
11151978,834,826,70
11151988,813,826,71
11151999,833,826,71
11152009,823,826,71
11152019,827,826,70
11152029,834,826,69
11152039,812,826,71
11152050,832,826,71
11152060,830,826,70
11152070,820,826,68
11152080,836,826,68
11152090,815,826,70
11152101,830,826,70
11152111,831,826,69
11152121,816,826,68
11152131,834,826,68
11152141,819,826,69
11152151,827,826,69
11152162,835,826,69
11152172,813,826,70
11152182,833,826,70
11152192,822,825,70
11152202,824,826,69
11152213,834,826,69
11152223,812,825,71
11152233,831,826,71
11152243,829,825,70
11152253,821,826,68
11152264,834,826,68
11152274,814,825,71
11152284,830,825,71
11152294,834,825,71
11152304,817,826,69
11152314,834,826,69
11152325,818,825,71
11152335,827,826,70
11152345,833,825,70
11152355,812,825,71
11152365,835,826,71
11152376,825,825,71
11152386,826,826,68
11152396,833,826,68
11152406,812,826,70
11152416,831,826,70
11152427,830,825,71
11152437,822,826,68
11152447,834,826,68
11152457,815,826,69
11152467,829,826,69
11152477,832,826,69
11152488,815,826,67
11152498,832,826,68
OSM
11152518,546,542,10
11152528,547,542,10
11152539,539,542,10
11152549,547,542,10
11152559,541,542,10
11152569,541,542,10
11152579,545,542,10
11152590,538,542,10
11152600,545,542,10
11152610,544,542,10
11152620,542,542,10
11152630,547,542,10
11152641,539,542,10
11152651,544,542,10
11152661,545,542,10
11152671,539,542,10
11152681,546,542,10
11152691,540,542,10
11152702,542,542,10
11152712,546,542,10
11152722,537,542,10
11152732,545,542,10
11152742,543,542,10
11152753,543,542,10
11152763,547,542,10
11152773,538,542,10
11152783,545,542,10
11152793,545,542,10
11152804,541,542,10
11152814,547,542,10
11152824,540,542,10
11152834,543,542,10
11152844,546,542,10
11152854,539,542,9
11152865,546,542,10
11152875,540,542,10
11152885,545,542,10
11152895,548,542,10
11152905,538,542,10
11152916,545,542,10
11152926,541,542,10
11152936,541,542,10
11152946,546,542,10
11152956,538,542,10
11152967,545,542,10
11152977,543,542,10
11152987,539,542,10
11152997,546,542,10
11153007,539,542,10
11153017,544,542,10
11153028,546,542,10
11153038,539,542,10
11153048,547,542,10
11153058,539,542,10
11153068,541,542,10
11153079,545,542,10
11153089,538,542,10
11153099,546,542,11
11153109,543,542,10
11153119,541,542,10
SIM
11153140,722,809,3873
11153150,744,809,3870
11153160,763,810,3848
11153170,818,811,3812
11153180,859,811,3816
11153191,898,810,3722
11153201,878,810,3758
11153211,893,811,3805
11153221,821,811,3805
11153231,821,811,3804
11153242,763,811,3797
11153252,738,812,3701
11153262,748,812,3709
11153272,734,811,3807
11153282,814,810,3795
11153293,923,811,3892
11153303,862,811,3910
11153313,885,811,3945
11153323,818,810,3901
11153333,804,810,3902
11153343,766,810,3905
11153354,729,810,3899
11153364,735,810,3913
11153374,751,810,3923
11153384,780,811,3779
11153394,716,810,3880
11153405,711,809,4023
11153415,735,807,4079
11153425,838,806,3867
11153435,885,806,3907
11153445,774,805,3850
11153456,797,804,3816
11153466,897,805,3957
11153476,920,807,4171
11153486,844,809,4061
11153496,892,812,4052
11153507,876,814,4085
11153517,825,815,4064
11153527,835,814,4033
11153537,724,812,4110
11153547,757,810,4099
11153558,750,808,4071
11153568,728,806,4173
11153578,760,806,4175
11153588,790,807,4129
11153598,891,810,4157
11153609,909,812,4295
11153619,863,813,4300
11153629,852,813,4303
11153639,800,814,4223
11153649,756,815,4182
11153660,762,814,4225
11153670,721,811,4316
11153680,774,809,4252
11153690,820,811,4183
11153700,901,812,4311
11153710,909,812,4305
11153721,859,812,4248
11153731,853,811,4204
11153741,822,810,3989
RIM
11153761,843,826,66
11153772,815,826,66
11153782,836,826,67
11153792,825,826,67
11153802,826,826,65
11153812,834,826,65
11153822,813,826,66
11153833,832,826,67
11153843,829,826,66
11153853,823,826,63
11153863,835,826,64
11153873,814,826,66
11153884,831,826,67
11153894,832,826,66
11153904,817,826,64
11153914,836,826,65
11153924,817,826,66
11153935,829,826,66
11153945,833,826,65
11153955,814,826,65
11153965,834,826,66
11153975,823,826,66
11153986,826,826,64
11153996,834,826,64
11154006,813,826,66
11154016,833,826,67
11154026,828,826,66
11154036,821,826,63
11154047,834,826,64
11154057,816,826,65
11154067,831,826,65
11154077,834,826,65
11154087,816,826,64
11154098,834,826,64
11154108,818,826,65
11154118,828,826,65
11154128,834,826,65
11154138,815,826,65
11154148,835,826,66
11154159,824,826,65
11154169,825,826,63
11154179,834,826,63
11154189,813,826,65
11154199,832,826,66
11154210,830,826,65
11154220,822,826,62
11154230,835,826,62
11154240,814,826,65
11154250,829,826,65
11154261,831,826,64
11154271,818,826,62
11154281,836,826,63
11154291,818,826,64
11154301,828,826,64
11154312,834,826,64
11154322,811,826,66
11154332,833,826,66
11154342,824,826,66
11154352,826,826,64
11154362,836,826,65
OSM
11154384,546,542,10
11154394,545,542,10
11154404,541,542,10
11154414,547,542,10
11154424,540,542,10
11154435,542,542,10
11154445,546,542,10
11154455,538,542,10
11154465,546,542,10
11154475,543,542,10
11154486,543,542,10
11154496,546,542,10
11154506,538,542,10
11154516,544,542,10
11154526,542,542,10
11154537,542,542,10
11154547,548,542,10
11154557,540,542,10
11154567,543,542,10
11154577,545,542,10
11154588,540,542,9
11154598,545,542,9
11154608,540,542,9
11154618,544,542,10
11154628,547,542,10
11154638,538,542,10
11154649,545,542,10
11154659,540,542,9
11154669,542,542,9
11154679,547,542,9
11154689,538,542,10
11154700,544,542,10
11154710,543,542,9
11154720,540,542,9
11154730,547,542,10
11154740,540,542,10
11154750,544,542,9
11154761,545,542,9
11154771,539,542,9
11154781,545,542,9
11154791,539,542,9
11154801,543,542,9
11154812,546,542,9
11154822,539,542,9
11154832,544,542,9
11154842,541,542,9
11154852,543,542,9
11154863,546,542,9
11154873,539,542,9
11154883,545,542,9
11154893,543,542,8
11154903,540,542,8
11154913,547,542,8
11154924,539,542,8
11154934,544,542,8
11154944,545,542,8
11154954,538,542,8
11154964,546,542,8
11154975,540,542,9
11154985,544,542,9
SIM
11155005,705,809,4045
11155015,753,810,4025
11155025,773,810,4011
11155036,837,810,4022
11155046,911,811,4150
11155056,867,810,4077
11155066,870,810,4060
11155076,838,809,3959
11155087,772,809,3980
11155097,743,807,4049
11155107,725,807,4129
11155117,741,807,4122
11155127,806,808,4063
11155138,694,807,4188
11155148,755,806,4232
11155158,783,804,4009
11155168,847,803,3985
11155178,908,804,4055
11155189,831,804,4064
11155199,740,803,4132
11155209,817,804,4111
11155219,868,806,4079
11155229,893,809,4111
11155240,821,810,4055
11155250,896,812,4158
11155260,895,815,4109
11155270,845,817,3937
11155280,851,819,3838
11155290,857,819,3857
11155301,815,818,3784
11155311,808,819,3752
11155321,728,818,3882
11155331,720,815,3929
11155341,739,812,3833
11155352,743,810,3893
11155362,728,807,3888
11155372,817,806,3811
11155382,893,807,3928
11155392,902,808,4063
11155403,858,811,3977
11155413,831,812,3933
11155423,808,813,3868
11155433,747,813,3820
11155443,746,813,3848
11155454,737,812,3935
11155464,769,810,3860
11155474,863,809,3744
11155484,882,810,3783
11155494,882,810,3840
11155505,851,811,3865
11155515,818,812,3813
11155525,821,813,3771
11155535,746,813,3705
11155545,738,813,3773
11155556,738,811,3866
11155566,745,809,3801
11155576,773,807,3652
11155586,732,804,3697
11155596,817,804,3660
11155606,851,804,3691
RIM
11155627,841,826,64
11155637,820,826,62
11155647,837,826,63
11155657,819,826,64
11155668,829,826,64
11155678,834,826,64
11155688,814,826,63
11155698,834,826,64
11155708,822,826,64
11155718,829,826,64
11155729,834,826,64
11155739,813,826,64
11155749,832,826,64
11155759,827,826,64
11155769,822,826,63
11155780,835,826,62
11155790,816,826,63
11155800,831,826,63
11155810,832,826,63
11155820,817,826,62
11155831,834,826,62
11155841,817,826,63
11155851,828,826,63
11155861,835,826,63
11155871,815,826,62
11155881,833,826,62
11155892,821,826,63
11155902,825,826,62
11155912,834,826,62
11155922,812,826,64
11155932,833,826,64
11155943,829,826,63
11155953,821,826,62
11155963,834,826,62
11155973,814,826,63
11155983,831,826,64
11155994,832,826,63
11156004,817,826,63
11156014,835,826,63
11156024,819,826,63
11156034,828,826,63
11156044,834,826,63
11156055,812,826,64
11156065,834,826,64
11156075,823,826,64
11156085,828,826,64
11156095,835,826,64
11156106,813,826,64
11156116,832,826,65
11156126,828,826,65
11156136,823,826,64
11156146,835,826,63
11156157,815,826,64
11156167,832,826,65
11156177,833,826,65
11156187,817,826,62
11156197,833,826,62
11156207,817,826,63
11156218,826,826,63
11156228,834,826,63
OSM
11156249,548,542,9
11156259,543,542,9
11156269,543,542,9
11156279,547,542,9
11156290,540,542,9
11156300,546,542,9
11156310,543,542,9
11156320,539,542,9
11156330,547,542,9
11156340,540,542,9
11156351,543,542,9
11156361,545,542,9
11156371,539,542,9
11156381,547,542,9
11156391,540,542,9
11156402,543,542,9
11156412,547,542,9
11156422,537,542,9
11156432,545,542,9
11156442,542,542,9
11156452,542,542,9
11156463,547,542,9
11156473,539,542,9
11156483,544,542,9
11156493,544,542,9
11156503,540,542,9
11156514,546,542,9
11156524,539,542,9
11156534,543,542,9
11156544,545,542,9
11156554,539,542,9
11156564,547,542,9
11156575,541,542,9
11156585,543,542,9
11156595,545,542,9
11156605,538,542,9
11156615,546,542,9
11156626,543,542,9
11156636,542,542,9
11156646,546,542,9
11156656,538,542,9
11156666,545,542,9
11156676,545,542,9
11156687,540,542,9
11156697,546,542,9
11156707,538,542,10
11156717,543,542,10
11156727,546,542,10
11156738,541,542,9
11156748,546,542,10
11156758,540,542,10
11156768,542,542,10
11156778,547,542,10
11156789,538,542,10
11156799,546,542,10
11156809,543,542,10
11156819,542,542,9
11156829,546,542,9
11156839,538,542,10
11156850,543,542,10
SIM
11156870,695,804,3726
11156880,754,804,3724
11156890,766,804,3732
11156901,802,803,3715
11156911,911,803,3715
11156921,847,803,3679
11156931,873,803,3686
11156941,836,803,3683
11156952,867,805,3731
11156962,825,806,3671
11156972,790,807,3564
11156982,763,808,3522
11156992,754,807,3570
11157002,709,807,3518
11157013,756,807,3516
11157023,725,806,3618
11157033,821,806,3594
11157043,925,806,3657
11157053,874,807,3722
11157064,867,809,3703
11157074,863,809,3750
11157084,819,809,3694
11157094,775,807,3592
11157104,736,805,3672
11157115,727,802,3632
11157125,770,800,3504
11157135,779,799,3478
11157145,866,799,3507
11157155,882,800,3564
11157166,868,801,3636
11157176,875,802,3725
11157186,794,803,3633
11157196,795,804,3517
11157206,746,804,3502
11157217,761,805,3470
11157227,765,805,3398
11157237,712,804,3538
11157247,765,801,3428
11157257,822,800,3265
11157268,781,799,3215
11157278,850,799,3241
11157288,873,800,3329
11157298,875,802,3368
11157308,880,805,3408
11157318,847,806,3358
11157329,843,808,3354
11157339,801,807,3303
11157349,754,804,3253
11157359,756,802,3189
11157369,719,800,3262
11157380,762,799,3282
11157390,802,799,3274
11157400,865,801,3294
11157410,915,804,3433
11157420,848,806,3389
11157431,870,808,3390
11157441,821,809,3371
11157451,787,809,3280
11157461,753,808,3332
11157471,693,806,3519
RIM
11157492,835,826,60
11157502,828,826,60
11157512,836,826,60
11157522,815,826,61
11157532,833,826,61
11157543,829,826,60
11157553,820,826,59
11157563,834,826,59
11157573,816,826,60
11157583,832,826,61
11157594,833,826,60
11157604,817,826,59
11157614,835,826,60
11157624,818,826,61
11157634,827,826,60
11157644,833,826,60
11157655,814,826,61
11157665,834,826,61
11157675,825,826,61
11157685,825,826,59
11157695,834,826,59
11157706,813,826,61
11157716,832,826,61
11157726,830,826,60
11157736,820,826,59
11157746,836,826,60
11157757,815,826,61
11157767,830,826,61
11157777,834,826,61
11157787,817,826,60
11157797,835,826,60
11157807,818,826,61
11157818,827,826,61
11157828,833,826,60
11157838,813,826,61
11157848,833,826,61
11157858,825,826,61
11157869,826,826,59
11157879,834,826,59
11157889,813,826,61
11157899,832,826,61
11157909,829,826,61
11157920,819,826,58
11157930,836,826,59
11157940,817,826,60
11157950,830,826,60
11157960,833,826,60
11157970,815,826,59
11157981,835,826,60
11157991,819,826,60
11158001,829,826,60
11158011,836,826,61
11158021,812,826,62
11158032,833,826,62
11158042,824,826,61
11158052,824,826,60
11158062,835,826,61
11158072,814,826,62
11158083,833,826,62
11158093,831,826,62
OSM
11158114,548,542,10
11158124,540,542,10
11158134,545,542,10
11158144,547,542,10
11158155,538,542,10
11158165,545,542,10
11158175,540,542,10
11158185,542,542,10
11158195,547,542,10
11158205,539,542,10
11158216,546,542,10
11158226,545,542,10
11158236,540,542,10
11158246,545,542,10
11158256,540,542,10
11158267,544,542,10
11158277,545,542,10
11158287,539,542,9
11158297,547,542,10
11158307,539,542,10
11158318,543,542,10
11158328,545,542,9
11158338,537,542,10
11158348,546,542,10
11158358,542,542,10
11158368,542,542,10
11158379,547,542,10
11158389,537,542,10
11158399,544,542,10
11158409,543,542,10
11158419,541,542,10
11158430,548,542,10
11158440,539,542,10
11158450,543,542,10
11158460,544,542,10
11158470,539,542,10
11158480,546,542,10
11158491,541,542,10
11158501,543,542,10
11158511,547,542,10
11158521,538,542,10
11158531,545,542,10
11158542,542,542,10
11158552,543,542,10
11158562,547,542,10
11158572,538,542,10
11158582,545,542,10
11158593,544,542,10
11158603,540,542,10
11158613,546,542,10
11158623,539,542,10
11158633,545,542,10
11158644,548,542,11
11158654,540,542,10
11158664,546,542,10
11158674,539,542,11
11158684,542,542,11
11158694,545,542,10
11158705,538,542,10
11158715,546,542,11
SIM
11158735,706,806,3480
11158745,759,806,3472
11158756,751,806,3496
11158766,746,805,3555
11158776,835,804,3382
11158786,864,804,3411
11158796,893,804,3464
11158806,877,805,3534
11158817,841,804,3492
11158827,836,805,3501
11158837,723,804,3608
11158847,746,803,3637
11158857,738,803,3667
11158868,747,804,3571
11158878,771,804,3551
11158888,839,806,3462
11158898,891,807,3577
11158908,898,806,3484
11158919,860,806,3455
11158929,826,806,3400
11158939,798,804,3347
11158949,745,803,3401
11158959,741,803,3452
11158970,728,803,3471
11158980,737,803,3448
11158990,753,802,3472
11159000,788,803,3465
11159010,882,803,3503
11159021,859,802,3452
11159031,892,803,3513
11159041,896,803,3571
11159051,822,804,3574
11159061,821,804,3578
11159071,733,804,3606
11159082,753,804,3618
11159092,736,803,3670
11159102,728,804,3625
11159112,766,804,3624
11159122,854,804,3660
11159133,894,806,3780
11159143,903,807,3903
11159153,845,806,3856
11159163,833,806,3788
11159173,814,805,3697
11159184,757,803,3705
11159194,748,801,3728
11159204,710,800,3866
11159214,747,800,3878
11159224,837,801,3866
11159235,731,801,3835
11159245,827,802,3818
11159255,874,804,3900
11159265,878,804,3929
11159275,891,804,3850
11159286,856,804,3863
11159296,847,803,3822
11159306,816,803,3819
11159316,748,803,3865
11159326,758,803,3857
11159337,716,803,3782
RIM
11159357,832,826,61
11159367,831,826,61
11159377,836,826,61
11159387,815,826,61
11159398,836,826,62
11159408,823,826,62
11159418,826,826,62
11159428,834,826,62
11159438,812,826,63
11159449,832,826,63
11159459,829,826,63
11159469,822,826,61
11159479,836,826,62
11159489,814,826,63
11159499,830,826,63
11159510,831,826,63
11159520,818,826,62
11159530,835,826,62
11159540,819,826,63
11159550,829,826,63
11159561,834,826,63
11159571,813,826,63
11159581,834,826,63
11159591,823,826,63
11159601,825,826,63
11159612,834,826,62
11159622,815,826,62
11159632,833,826,63
11159642,829,826,62
11159652,821,826,61
11159662,833,826,60
11159673,814,826,62
11159683,831,826,62
11159693,834,826,62
11159703,815,826,61
11159713,834,826,62
11159724,816,826,63
11159734,826,826,63
11159744,836,826,64
11159754,813,826,64
11159764,833,826,64
11159775,822,826,64
11159785,824,826,63
11159795,833,826,63
11159805,813,826,64
11159815,832,826,64
11159825,829,826,64
11159836,819,826,63
11159846,833,826,62
11159856,814,826,64
11159866,830,826,64
11159876,834,826,63
11159887,816,826,62
11159897,836,826,62
11159907,818,826,63
11159917,827,826,63
11159927,833,826,63
11159938,812,826,64
11159948,834,826,64
11159958,825,826,64
OSM
11159979,548,542,11
11159989,540,542,11
11159999,545,542,11
11160009,545,542,10
11160019,540,542,10
11160030,545,542,10
11160040,539,542,10
11160050,543,542,10
11160060,548,542,10
11160070,538,542,11
11160081,546,542,11
11160091,540,542,10
11160101,541,542,10
11160111,545,542,10
11160121,538,542,11
11160132,545,542,11
11160142,544,542,11
11160152,542,542,10
11160162,546,542,10
11160172,538,542,10
11160182,543,542,10
11160193,545,542,10
11160203,540,542,10
11160213,547,542,10
11160223,538,542,11
11160233,543,542,11
11160244,545,542,10
11160254,537,542,10
11160264,546,542,10
11160274,541,542,10
11160284,542,542,10
11160295,546,542,10
11160305,537,542,10
11160315,544,542,10
11160325,542,542,10
11160335,542,542,10
11160345,547,542,10
11160356,538,542,11
11160366,543,542,11
11160376,544,542,10
11160386,539,542,10
11160396,547,542,10
11160407,538,542,11
11160417,544,542,11
11160427,546,542,11
11160437,538,542,11
11160447,544,542,11
11160458,539,542,11
11160468,542,542,11
11160478,546,542,11
11160488,538,542,11
11160498,545,542,11
11160508,542,542,10
11160519,540,542,10
11160529,546,542,10
11160539,538,542,10
11160549,545,542,10
11160559,545,542,10
11160570,540,542,10
11160580,546,542,10
SIM
11160600,721,803,3737
11160610,759,803,3737
11160620,746,803,3746
11160631,790,804,3693
11160641,893,805,3807
11160651,888,805,3864
11160661,877,805,3821
11160671,845,804,3763
11160682,821,804,3745
11160692,815,804,3730
11160702,730,804,3711
11160712,740,804,3724
11160722,758,804,3686
11160733,814,805,3631
11160743,790,806,3615
11160753,713,803,3737
11160763,741,801,3670
11160773,746,798,3560
11160784,760,797,3520
11160794,840,797,3537
11160804,882,798,3654
11160814,874,801,3695
11160824,887,803,3752
11160835,873,805,3732
11160845,877,808,3731
11160855,824,809,3683
11160865,787,809,3684
11160875,770,807,3619
11160886,712,805,3720
11160896,747,802,3645
11160906,748,800,3543
11160916,798,799,3536
11160926,903,801,3703
11160937,860,803,3679
11160947,880,805,3731
11160957,857,807,3691
11160967,810,808,3585
11160977,760,808,3594
11160987,721,806,3682
11160998,727,803,3652
11161008,778,801,3494
11161018,769,800,3479
11161028,874,801,3551
11161038,887,802,3670
11161049,903,804,3800
11161059,886,806,3852
11161069,825,808,3697
11161079,812,809,3632
11161089,795,809,3622
11161100,883,811,3605
11161110,879,812,3675
11161120,803,811,3613
11161130,795,810,3541
11161140,778,808,3446
11161151,815,807,3408
11161161,760,806,3417
11161171,738,804,3492
11161181,755,804,3480
11161191,754,804,3486
11161202,701,804,3534
RIM
11161222,830,826,63
11161232,832,826,63
11161242,832,826,62
11161252,820,826,61
11161263,835,826,61
11161273,815,826,62
11161283,828,826,62
11161293,834,826,62
11161303,815,826,61
11161314,833,826,61
11161324,822,826,62
11161334,828,826,61
11161344,834,826,61
11161354,812,826,62
11161365,833,826,62
11161375,827,826,62
11161385,822,826,61
11161395,835,826,61
11161405,814,826,63
11161415,830,826,63
11161426,831,825,63
11161436,817,826,61
11161446,833,826,60
11161456,818,825,62
11161466,830,826,61
11161477,835,826,62
11161487,814,826,62
11161497,833,826,62
11161507,821,825,63
11161517,825,825,63
11161528,833,825,63
11161538,812,825,64
11161548,834,825,64
11161558,828,825,63
11161568,821,825,62
11161578,833,825,62
11161589,812,825,63
11161599,831,825,64
11161609,833,825,63
11161619,817,825,61
11161629,835,826,61
11161640,816,825,63
11161650,827,825,63
11161660,833,825,63
11161670,814,825,63
11161680,834,826,62
11161691,823,825,63
11161701,825,826,62
11161711,832,826,61
11161721,813,825,63
11161731,832,826,62
11161741,829,825,62
11161752,824,826,60
11161762,835,826,59
11161772,814,825,62
11161782,830,826,61
11161792,832,826,61
11161803,817,826,59
11161813,835,826,59
11161823,818,826,60
OSM
11161844,548,542,10
11161854,539,542,10
11161864,547,542,10
11161874,543,542,10
11161884,542,542,10
11161895,545,542,10
11161905,538,542,10
11161915,545,542,11
11161925,545,542,10
11161935,542,542,10
11161946,546,542,10
11161956,539,542,10
11161966,543,542,10
11161976,546,542,10
11161986,540,542,10
11161997,546,542,10
11162007,541,542,10
11162017,544,542,10
11162027,546,542,10
11162037,537,542,10
11162047,545,542,10
11162058,543,542,10
11162068,543,542,10
11162078,546,542,10
11162088,538,542,10
11162098,544,542,10
11162109,543,542,10
11162119,540,542,9
11162129,547,542,10
11162139,540,542,10
11162149,544,542,10
11162160,547,542,10
11162170,538,542,10
11162180,545,542,10
11162190,540,542,10
11162200,543,542,10
11162210,546,542,10
11162221,538,542,10
11162231,545,542,10
11162241,542,542,10
11162251,541,542,10
11162261,547,542,10
11162272,538,542,10
11162282,546,542,10
11162292,545,542,10
11162302,540,542,10
11162312,546,542,10
11162323,539,542,10
11162333,543,542,10
11162343,546,542,10
11162353,539,542,10
11162363,547,542,10
11162373,540,542,10
11162384,542,542,10
11162394,546,542,10
11162404,537,542,10
11162414,546,542,10
11162424,543,542,10
11162435,542,542,10
11162445,547,542,10
SIM
11162465,726,804,3520
11162475,768,804,3508
11162485,716,804,3581
11162496,795,804,3579
11162506,883,804,3551
11162516,904,804,3600
11162526,880,804,3608
11162536,814,804,3581
11162547,824,804,3583
11162557,825,804,3589
11162567,746,804,3553
11162577,746,804,3541
11162587,746,804,3562
11162598,745,803,3618
11162608,756,802,3652
11162618,704,802,3680
11162628,749,802,3665
11162638,811,803,3612
11162649,729,803,3672
11162659,819,802,3654
11162669,848,802,3583
11162679,905,802,3673
11162689,870,802,3630
11162700,868,802,3619
11162710,881,802,3629
11162720,801,802,3621
11162730,811,802,3618
11162740,777,802,3612
11162751,737,803,3546
11162761,737,802,3567
11162771,751,802,3562
11162781,809,803,3561
11162791,921,803,3627
11162802,868,803,3643
11162812,886,803,3659
11162822,848,803,3644
11162832,807,803,3643
11162842,781,803,3621
11162852,725,803,3610
11162863,716,803,3640
11162873,762,803,3657
11162883,771,803,3655
11162893,877,803,3663
11162903,876,803,3634
11162914,751,800,3508
11162924,826,799,3397
11162934,874,800,3477
11162944,890,801,3607
11162954,875,803,3692
11162965,819,802,3589
11162975,910,802,3685
11162985,843,803,3711
11162995,872,804,3787
11163005,814,805,3776
11163016,913,806,3966
11163026,877,808,4007
11163036,835,810,3932
11163046,808,811,3880
11163056,775,811,3847
11163067,853,814,3665
RIM
11163087,830,826,60
11163097,835,826,61
11163107,828,825,61
11163118,825,826,60
11163128,835,826,60
11163138,814,826,60
11163148,832,826,61
11163158,830,826,60
11163168,821,826,58
11163179,836,826,59
11163189,816,826,60
11163199,830,826,61
11163209,834,826,61
11163219,814,826,60
11163230,833,826,60
11163240,820,826,60
11163250,828,826,60
11163260,835,826,60
11163270,813,826,61
11163281,834,826,61
11163291,825,826,61
11163301,823,826,60
11163311,835,826,60
11163321,815,826,61
11163331,832,826,62
11163342,831,826,61
11163352,819,826,59
11163362,834,826,59
11163372,817,826,60
11163382,830,826,60
11163393,833,826,60
11163403,814,826,60
11163413,835,826,60
11163423,822,826,60
11163433,826,826,60
11163444,835,826,60
11163454,812,826,60
11163464,834,826,61
11163474,827,826,60
11163484,823,826,59
11163494,835,826,59
11163505,813,826,60
11163515,830,826,60
11163525,830,826,60
11163535,817,826,59
11163545,835,826,59
11163556,818,826,60
11163566,829,826,60
11163576,833,826,60
11163586,813,826,60
11163596,834,826,61
11163607,821,826,61
11163617,828,826,61
11163627,837,826,62
11163637,812,826,62
11163647,832,826,63
11163657,827,826,62
11163668,821,826,61
11163678,834,826,61
11163688,814,826,62
OSM
11163709,548,542,10
11163719,540,543,9
11163729,548,543,9
11163739,541,542,10
11163750,541,542,10
11163760,545,542,10
11163770,538,542,10
11163780,546,542,10
11163790,542,542,10
11163800,542,542,10
11163811,547,542,10
11163821,539,542,10
11163831,545,542,10
11163841,543,542,10
11163851,539,542,10
11163862,546,542,10
11163872,541,542,10
11163882,545,542,10
11163892,545,542,10
11163902,539,542,10
11163913,546,542,10
11163923,540,542,10
11163933,544,542,10
11163943,548,542,11
11163953,539,542,10
11163963,545,543,10
11163974,541,542,11
11163984,542,543,9
11163994,546,542,10
11164004,539,542,10
11164014,546,543,10
11164025,544,542,10
11164035,540,542,10
11164045,546,543,9
11164055,539,542,10
11164065,544,543,9
11164075,547,543,9
11164086,540,543,9
11164096,546,543,9
11164106,539,543,9
11164116,543,543,9
11164126,547,543,9
11164137,538,543,9
11164147,546,543,9
11164157,541,542,10
11164167,541,543,9
11164177,546,543,9
11164188,539,543,9
11164198,546,543,9
11164208,544,543,9
11164218,540,543,9
11164228,547,543,9
11164238,540,543,9
11164249,544,543,9
11164259,546,543,9
11164269,539,543,9
11164279,547,543,9
11164289,540,543,9
11164300,543,543,9
11164310,546,543,9
SIM
11164330,717,814,3692
11164340,776,814,3681
11164350,770,815,3552
11164361,755,814,3605
11164371,825,813,3528
11164381,901,813,3519
11164391,886,813,3533
11164401,831,813,3538
11164412,825,813,3539
11164422,811,813,3536
11164432,744,813,3541
11164442,738,813,3560
11164452,731,813,3597
11164463,771,813,3549
11164473,860,815,3527
11164483,888,818,3399
11164493,891,820,3401
11164503,856,821,3419
11164513,828,823,3274
11164524,847,823,3284
11164534,726,821,3428
11164544,745,818,3404
11164554,741,816,3457
11164564,728,814,3539
11164575,753,812,3523
11164585,713,810,3684
11164595,758,809,3730
11164605,766,809,3744
11164615,840,811,3667
11164626,733,811,3677
11164636,700,810,3823
11164646,743,809,3898
11164656,829,807,3695
11164666,883,808,3728
11164677,769,806,3649
11164687,843,806,3642
11164697,891,807,3761
11164707,891,809,3861
11164717,830,811,3746
11164728,887,814,3683
11164738,875,815,3697
11164748,818,816,3663
11164758,816,815,3601
11164768,726,813,3668
11164779,749,813,3672
11164789,746,811,3743
11164799,751,809,3736
11164809,777,807,3643
11164819,832,807,3577
11164830,891,808,3690
11164840,891,808,3632
11164850,852,808,3643
11164860,823,807,3579
11164870,751,806,3630
11164881,740,803,3505
11164891,756,801,3448
11164901,724,799,3526
11164911,815,799,3529
11164921,900,801,3682
11164931,881,802,3742
RIM
11164952,835,826,63
11164962,837,826,64
11164972,821,826,64
11164982,829,826,65
11164993,833,826,64
11165003,812,826,65
11165013,833,826,65
11165023,824,826,65
11165033,826,826,65
11165043,836,826,65
11165054,814,826,65
11165064,832,826,66
11165074,829,826,65
11165084,820,826,63
11165094,835,826,63
11165105,816,826,64
11165115,831,826,65
11165125,836,826,65
11165135,816,826,64
11165145,834,826,64
11165156,818,826,65
11165166,827,826,65
11165176,835,826,65
11165186,814,826,65
11165196,833,826,65
11165206,823,826,65
11165217,824,826,64
11165227,834,826,64
11165237,811,826,67
11165247,831,826,67
11165257,830,826,66
11165268,818,826,65
11165278,834,826,65
11165288,814,826,67
11165298,828,826,67
11165308,833,826,67
11165319,813,826,66
11165329,834,826,66
11165339,819,825,68
11165349,826,826,67
11165359,832,825,67
11165369,811,825,68
11165380,831,825,68
11165390,824,825,68
11165400,821,825,67
11165410,834,825,66
11165420,812,825,68
11165431,831,825,69
11165441,829,825,68
11165451,816,825,67
11165461,833,825,67
11165471,815,825,68
11165482,828,825,68
11165492,833,825,67
11165502,813,825,66
11165512,832,825,66
11165522,817,825,67
11165532,826,825,67
11165543,832,825,67
11165553,811,825,68
OSM
11165574,545,543,9
11165584,540,543,9
11165594,548,543,9
11165604,539,542,10
11165614,544,543,9
11165625,545,543,9
11165635,539,543,9
11165645,547,543,9
11165655,540,543,9
11165665,543,543,9
11165676,544,543,9
11165686,538,542,10
11165696,546,543,9
11165706,543,543,9
11165716,543,543,9
11165727,546,543,9
11165737,538,543,9
11165747,545,543,9
11165757,545,543,9
11165767,541,543,9
11165777,546,543,9
11165788,538,543,9
11165798,544,543,9
11165808,545,542,10
11165818,541,543,9
11165828,545,543,9
11165839,540,542,10
11165849,542,542,10
11165859,546,542,10
11165869,540,543,8
11165879,545,542,9
11165889,542,542,9
11165900,542,542,9
11165910,545,542,9
11165920,539,542,9
11165930,546,543,8
11165940,545,542,9
11165951,540,542,9
11165961,544,542,9
11165971,539,542,9
11165981,546,542,9
11165991,546,542,9
11166001,541,543,8
11166012,545,543,8
11166022,540,542,9
11166032,542,543,8
11166042,545,542,8
11166052,540,543,7
11166063,544,542,8
11166073,541,542,8
11166083,541,542,8
11166093,546,542,8
11166103,540,542,8
11166113,545,542,8
11166124,544,542,8
11166134,540,542,8
11166144,545,542,7
11166154,540,542,7
11166164,544,542,8
11166175,545,542,7
SIM
11166195,714,802,3751
11166205,761,801,3769
11166215,760,801,3781
11166225,837,803,3763
11166236,845,803,3784
11166246,889,803,3747
11166256,889,803,3756
11166266,853,803,3784
11166276,829,803,3787
11166287,875,804,3870
11166297,816,806,3808
11166307,782,806,3741
11166317,745,806,3709
11166327,735,806,3773
11166338,739,804,3796
11166348,741,801,3741
11166358,757,799,3637
11166368,796,798,3584
11166378,896,799,3726
11166389,770,798,3702
11166399,843,800,3643
11166409,909,803,3781
11166419,856,805,3759
11166429,865,807,3714
11166440,831,808,3673
11166450,781,809,3532
11166460,767,810,3517
11166470,739,809,3569
11166480,746,807,3619
11166491,810,809,3523
11166501,859,811,3359
11166511,903,814,3410
11166521,872,815,3461
11166531,815,814,3383
11166541,808,814,3350
11166552,772,813,3366
11166562,739,811,3352
11166572,750,808,3303
11166582,745,807,3361
11166592,807,806,3253
11166603,742,803,3238
11166613,769,802,3254
11166623,861,803,3306
11166633,874,806,3281
11166643,877,808,3306
11166654,876,810,3313
11166664,870,812,3309
11166674,834,813,3295
11166684,743,811,3370
11166694,751,809,3322
11166705,743,807,3279
11166715,747,805,3303
11166725,729,803,3393
11166735,817,804,3349
11166745,894,807,3403
11166756,891,809,3471
11166766,873,812,3408
11166776,824,812,3410
11166786,795,810,3285
11166796,753,808,3253
RIM
11166817,840,825,70
11166827,835,825,69
11166837,821,825,69
11166847,831,825,69
11166857,832,825,69
11166868,818,825,67
11166878,832,825,67
11166888,822,825,67
11166898,829,825,67
11166908,833,825,66
11166918,818,825,65
11166929,832,825,65
11166939,825,825,65
11166949,825,825,64
11166959,833,825,64
11166969,819,825,63
11166980,832,825,63
11166990,831,825,62
11167000,822,825,61
11167010,832,825,60
11167020,819,825,60
11167031,828,825,60
11167041,833,825,59
11167051,820,825,58
11167061,832,825,58
11167071,820,825,58
11167081,826,825,58
11167092,833,825,58
11167102,817,825,55
11167112,832,825,56
11167122,826,825,55
11167132,826,825,55
11167143,833,825,54
11167153,817,825,53
11167163,831,826,53
11167173,829,825,53
11167183,823,826,49
11167194,834,826,49
11167204,819,826,49
11167214,829,826,50
11167224,832,826,50
11167234,819,826,47
11167244,833,826,47
11167255,822,826,47
11167265,829,826,47
11167275,833,826,47
11167285,817,826,45
11167295,832,826,45
11167306,826,826,45
11167316,824,826,43
11167326,832,826,43
11167336,820,826,42
11167346,831,826,42
11167357,831,826,41
11167367,821,826,39
11167377,833,826,39
11167387,820,826,39
11167397,830,826,39
11167407,834,826,39
11167418,818,827,35
OSM
11167439,545,542,7
11167449,543,542,7
11167459,546,542,7
11167469,539,542,7
11167479,545,542,7
11167490,543,542,7
11167500,540,542,7
11167510,545,542,7
11167520,541,542,7
11167530,544,542,7
11167541,545,542,7
11167551,539,542,7
11167561,545,542,6
11167571,542,542,6
11167581,543,542,6
11167592,545,542,6
11167602,539,542,6
11167612,544,542,6
11167622,543,542,6
11167632,543,542,6
11167642,545,542,6
11167653,540,542,6
11167663,545,542,6
11167673,543,542,6
11167683,541,542,6
11167693,545,542,6
11167704,539,542,6
11167714,543,542,6
11167724,544,542,6
11167734,541,542,6
11167744,545,542,6
11167754,541,542,6
11167765,542,542,6
11167775,544,542,5
11167785,539,542,5
11167795,546,542,5
11167805,542,542,5
11167816,541,542,5
11167826,545,542,5
11167836,540,542,5
11167846,546,542,5
11167856,544,542,5
11167866,542,542,5
11167877,544,542,5
11167887,541,542,5
11167897,543,542,5
11167907,545,542,5
11167918,539,542,5
11167928,544,542,5
11167938,541,542,5
11167948,543,542,5
11167958,546,542,5
11167968,539,542,5
11167979,543,542,5
11167989,541,542,5
11167999,541,542,5
11168009,545,542,5
11168019,540,542,5
11168030,544,542,5
11168040,542,542,5
SIM
11168060,736,808,3192
11168070,746,808,3219
11168080,727,808,3290
11168091,751,806,3329
11168101,756,805,3344
11168111,851,804,3262
11168121,915,804,3347
11168131,863,805,3364
11168142,876,805,3438
11168152,864,805,3414
11168162,817,805,3415
11168172,810,806,3405
11168182,738,806,3420
11168193,755,806,3379
11168203,756,806,3346
11168213,766,807,3301
11168223,854,808,3294
11168233,880,810,3374
11168244,878,809,3328
11168254,865,811,3349
11168264,825,811,3336
11168274,805,809,3174
11168284,728,807,3243
11168295,717,804,3318
11168305,840,804,3327
11168315,787,805,3322
11168325,752,804,3345
11168335,722,804,3387
11168346,749,804,3381
11168356,751,803,3428
11168366,723,801,3479
11168376,758,798,3333
11168386,822,798,3251
11168396,892,799,3392
11168407,734,798,3460
11168417,823,798,3459
11168427,894,801,3543
11168437,882,803,3602
11168447,869,805,3611
11168458,915,807,3807
11168468,860,809,3777
11168478,833,810,3757
11168488,826,810,3718
11168498,741,807,3725
11168509,763,805,3676
11168519,743,803,3654
11168529,731,801,3664
11168539,752,800,3684
11168549,798,800,3630
11168560,814,801,3591
11168570,906,804,3705
11168580,877,806,3732
11168590,886,809,3728
11168600,809,809,3727
11168611,805,807,3607
11168621,763,805,3520
11168631,724,803,3549
11168641,755,802,3580
11168651,761,801,3607
11168662,855,803,3612
RIM
11168682,843,827,37
11168692,835,827,37
11168702,819,827,37
11168712,832,827,37
11168723,831,827,37
11168733,822,827,36
11168743,833,827,37
11168753,820,827,37
11168763,830,827,37
11168774,834,827,37
11168784,819,827,37
11168794,834,827,37
11168804,824,827,37
11168814,827,827,37
11168824,831,827,37
11168835,816,827,38
11168845,832,827,38
11168855,827,827,38
11168865,827,827,37
11168875,834,827,38
11168886,818,827,38
11168896,832,827,38
11168906,830,827,38
11168916,821,827,38
11168926,834,827,38
11168937,821,827,38
11168947,829,827,38
11168957,832,827,38
11168967,818,827,37
11168977,832,827,37
11168987,823,827,38
11168998,828,827,38
11169008,833,827,38
11169018,818,827,37
11169028,831,827,37
11169038,826,827,37
11169049,824,827,37
11169059,832,827,37
11169069,820,827,37
11169079,831,827,37
11169089,831,827,37
11169100,821,827,36
11169110,832,827,36
11169120,820,827,36
11169130,829,827,36
11169140,833,827,36
11169150,820,827,36
11169161,832,827,36
11169171,823,827,36
11169181,826,827,36
11169191,831,827,36
11169201,816,827,37
11169212,831,827,37
11169222,830,827,37
11169232,823,827,36
11169242,834,827,36
11169252,818,827,37
11169263,829,827,37
11169273,832,827,37
11169283,822,827,36
OSM
11169303,542,542,5
11169314,543,542,5
11169324,546,542,5
11169334,539,542,5
11169344,546,542,5
11169354,541,542,5
11169364,542,542,5
11169375,546,542,5
11169385,540,542,5
11169395,544,542,5
11169405,543,542,5
11169415,541,542,4
11169426,546,542,5
