Polling for available serial device...
Opening serial monitor for com port: "/dev/ttyACM0"
Serial monitor opened successfully:
11219823,638,640,5
11219833,643,640,5
11219844,641,640,5
11219854,641,640,5
11219864,643,640,5
11219874,637,640,5
11219884,643,640,5
11219895,643,640,5
11219905,639,640,5
11219915,643,640,5
11219925,637,640,5
11219935,642,640,5
11219945,643,640,5
11219956,638,640,5
11219966,643,640,5
11219976,638,640,5
11219986,641,640,5
11219996,644,640,5
11220007,638,640,5
11220017,642,640,5
11220027,639,640,5
11220037,639,640,5
11220047,644,640,5
11220057,638,640,5
11220068,643,640,5
11220078,641,640,5
11220088,639,640,5
11220098,643,640,5
11220108,638,640,5
11220119,641,640,5
11220129,642,640,5
11220139,637,640,5
11220149,643,640,6
11220159,640,640,5
11220169,642,640,5
11220180,644,640,5
SIM
11220200,714,805,3804
11220210,758,804,3827
11220220,757,802,3803
11220231,814,802,3803
11220241,882,804,3866
11220251,875,805,3925
11220261,890,805,3966
11220271,799,806,3944
11220282,873,808,3937
11220292,817,806,3704
11220302,795,805,3682
11220312,755,805,3660
11220322,709,805,3769
11220332,733,802,3667
11220343,762,800,3619
11220353,773,800,3586
11220363,860,802,3609
11220373,869,801,3448
11220383,877,802,3500
11220394,888,804,3574
11220404,844,806,3540
11220414,817,804,3371
11220424,754,802,3367
11220434,740,803,3341
11220445,737,802,3387
11220455,730,799,3316
11220465,797,799,3310
11220475,874,801,3362
11220485,892,803,3487
11220496,896,803,3554
11220506,830,804,3564
11220516,814,805,3491
11220526,759,805,3445
11220536,733,803,3445
11220547,809,803,3444
11220557,729,803,3476
11220567,729,802,3554
11220577,773,800,3425
11220587,770,799,3439
11220598,743,799,3439
11220608,765,798,3455
11220618,856,799,3483
11220628,912,800,3691
11220638,861,803,3616
11220648,880,804,3704
11220659,872,804,3680
11220669,818,804,3668
11220679,792,805,3591
11220689,729,803,3668
11220699,723,801,3688
11220710,763,800,3712
11220720,726,801,3585
11220730,827,801,3589
11220740,890,801,3620
11220750,876,802,3710
11220761,903,806,3746
11220771,817,806,3747
11220781,807,805,3682
11220791,748,804,3736
11220801,736,804,3668
RIM
11220822,806,795,47
11220832,806,795,48
11220842,787,795,48
11220852,798,795,48
11220862,804,795,48
11220873,781,795,50
11220883,802,795,51
11220893,790,795,50
11220903,796,795,49
11220913,803,795,49
11220924,781,795,52
11220934,801,795,53
11220944,797,795,52
11220954,790,795,49
11220964,805,795,50
11220974,784,795,52
11220985,800,795,53
11220995,801,795,52
11221005,785,795,52
11221015,804,795,53
11221025,787,795,54
11221036,797,795,54
11221046,804,795,54
11221056,783,795,55
11221066,802,795,56
11221076,791,795,55
11221087,794,795,54
11221097,802,795,54
11221107,781,795,57
11221117,803,795,58
11221127,798,795,57
11221137,789,795,56
11221148,803,795,57
11221158,784,795,59
11221168,799,795,59
11221178,802,795,59
11221188,786,795,58
11221199,804,795,59
11221209,787,795,60
11221219,796,795,59
11221229,803,795,59
11221239,782,795,61
11221250,802,795,62
11221260,792,795,61
11221270,794,795,60
11221280,802,795,61
11221290,781,795,63
11221300,800,795,63
11221311,799,795,62
11221321,790,795,60
11221331,803,795,61
11221341,783,795,63
11221351,797,795,63
11221362,802,795,63
11221372,787,795,62
11221382,804,795,63
11221392,787,794,65
11221402,797,795,64
11221412,802,795,64
11221423,781,795,66
OSM
11221444,642,640,5
11221454,639,640,5
11221464,644,640,5
11221474,638,640,5
11221484,642,640,5
11221495,642,640,5
11221505,637,640,5
11221515,644,640,5
11221525,639,640,5
11221535,642,640,5
11221546,642,640,5
11221556,636,640,6
11221566,644,640,6
11221576,640,640,6
11221586,640,640,6
11221597,644,640,6
11221607,636,640,6
11221617,642,640,6
11221627,642,640,6
11221637,640,640,6
11221647,644,640,6
11221658,637,640,6
11221668,643,640,6
11221678,644,640,6
11221688,638,640,6
11221698,644,640,6
11221709,638,640,6
11221719,640,640,6
11221729,643,640,6
11221739,638,640,6
11221749,644,640,6
11221759,639,640,6
11221770,639,640,6
11221780,643,640,6
11221790,637,640,6
11221800,644,640,6
11221810,642,640,6
11221821,639,640,6
11221831,643,640,6
11221841,636,640,7
11221851,641,640,7
11221861,645,640,7
11221871,638,640,7
11221882,644,640,7
11221892,637,640,7
11221902,641,640,7
11221912,644,640,7
11221922,638,640,7
11221933,644,640,7
11221943,639,640,7
11221953,640,640,7
11221963,644,640,7
11221973,637,640,7
11221983,643,640,7
11221994,641,640,7
11222004,637,640,7
11222014,644,640,8
11222024,637,640,8
11222034,642,640,8
11222045,642,640,7
SIM
11222065,723,804,3643
11222075,752,804,3653
11222085,763,804,3644
11222095,826,804,3650
11222106,846,804,3578
11222116,895,804,3632
11222126,907,804,3686
11222136,834,805,3698
11222146,821,804,3626
11222157,789,804,3627
11222167,754,803,3667
11222177,726,802,3728
11222187,731,803,3667
11222197,795,804,3584
11222208,834,805,3568
11222218,887,807,3657
11222228,896,808,3741
11222238,849,807,3707
11222248,822,806,3630
11222259,895,806,3650
11222269,860,807,3673
11222279,826,807,3677
11222289,772,807,3651
11222299,754,807,3623
11222310,766,808,3568
11222320,731,808,3565
11222330,756,807,3609
11222340,726,805,3640
11222350,819,804,3516
11222360,852,803,3413
11222371,864,803,3463
11222381,877,804,3549
11222391,876,806,3595
11222401,829,808,3509
11222411,820,808,3511
11222422,764,809,3438
11222432,751,809,3387
11222442,746,809,3432
11222452,738,808,3491
11222462,804,809,3418
11222473,824,810,3388
11222483,886,811,3448
11222493,892,810,3387
11222503,842,810,3361
11222513,829,809,3286
11222524,810,808,3220
11222534,748,807,3278
11222544,763,806,3307
11222554,718,806,3337
11222564,736,806,3304
11222575,735,806,3357
11222585,751,806,3301
11222595,823,806,3299
11222605,874,806,3258
11222615,873,806,3251
11222626,899,806,3239
11222636,849,806,3267
11222646,823,807,3271
11222656,772,807,3233
11222666,734,807,3238
RIM
11222687,809,795,67
11222697,807,795,67
11222707,786,795,68
11222717,800,795,68
11222727,802,795,67
11222738,787,795,65
11222748,803,795,65
11222758,786,795,66
11222768,796,795,66
11222778,803,795,66
11222789,783,795,65
11222799,803,795,66
11222809,792,795,66
11222819,796,795,66
11222829,803,795,65
11222839,782,795,66
11222850,800,795,66
11222860,798,795,65
11222870,791,795,64
11222880,803,795,64
11222890,783,795,65
11222901,799,795,65
11222911,801,795,64
11222921,786,795,63
11222931,804,795,64
11222941,788,795,64
11222952,798,795,65
11222962,803,795,65
11222972,781,795,65
11222982,802,795,65
11222992,792,795,65
11223002,795,795,64
11223013,804,795,64
11223023,782,795,65
11223033,801,795,65
11223043,799,795,65
11223053,788,795,64
11223064,805,795,65
11223074,785,795,65
11223084,799,795,65
11223094,804,795,66
11223104,786,795,64
11223115,804,795,65
11223125,787,795,66
11223135,795,795,66
11223145,803,795,66
11223155,783,795,65
11223165,803,795,66
11223176,793,795,66
11223186,793,795,65
11223196,803,795,65
11223206,782,795,66
11223216,801,795,66
11223227,798,795,65
11223237,791,795,65
11223247,804,795,65
11223257,785,795,65
11223267,798,795,65
11223278,802,795,65
11223288,785,795,64
OSM
11223309,640,640,7
11223319,641,640,7
11223329,645,640,8
11223339,638,640,8
11223349,642,640,8
11223360,641,640,8
11223370,638,640,7
11223380,645,640,8
11223390,638,640,8
11223400,642,640,8
11223411,644,640,8
11223421,637,640,8
11223431,645,640,8
11223441,639,640,8
11223451,641,640,8
11223461,643,640,8
11223472,638,640,8
11223482,644,640,8
11223492,642,640,8
11223502,641,640,8
11223512,643,640,8
11223523,637,640,8
11223533,643,640,8
11223543,643,640,8
11223553,639,640,8
11223563,644,640,8
11223574,637,640,8
11223584,641,640,8
11223594,645,640,8
11223604,638,640,8
11223614,643,640,8
11223624,638,640,8
11223635,641,640,8
11223645,645,641,7
11223655,637,641,7
11223665,645,641,7
11223675,639,640,8
11223686,640,640,8
11223696,644,641,7
11223706,638,641,7
11223716,643,641,7
11223726,641,641,7
11223736,638,641,7
11223747,644,641,7
11223757,638,641,7
11223767,643,641,7
11223777,643,641,7
11223787,637,641,7
11223798,643,641,7
11223808,639,641,7
11223818,641,641,7
11223828,644,641,7
11223838,637,641,7
11223848,642,641,7
11223859,640,640,8
11223869,641,641,6
11223879,644,641,6
11223889,636,641,7
11223899,641,641,7
11223910,641,641,7
SIM
11223930,722,807,3241
11223940,749,807,3246
11223950,754,807,3261
11223960,857,807,3297
11223971,854,808,3307
11223981,883,807,3275
11223991,867,807,3169
11224001,820,806,3160
11224011,816,806,3158
11224022,864,808,3205
11224032,842,809,3173
11224042,827,811,3059
11224052,727,811,3070
11224062,740,810,3149
11224073,755,808,3190
11224083,737,806,3168
11224093,776,804,3046
11224103,778,803,3023
11224113,882,804,3119
11224124,904,804,3148
11224134,880,804,3192
11224144,883,805,3285
11224154,802,806,3266
11224164,801,807,3220
11224175,760,806,3230
11224185,738,807,3212
11224195,742,806,3240
11224205,732,806,3224
11224215,804,806,3222
11224225,921,807,3404
11224236,878,808,3433
11224246,876,808,3431
11224256,864,807,3406
11224266,810,807,3399
11224276,773,806,3415
11224287,732,806,3477
11224297,740,805,3500
11224307,751,806,3490
11224317,767,806,3438
11224327,832,807,3448
11224338,705,805,3613
11224348,730,802,3591
11224358,849,801,3493
11224368,890,802,3595
11224378,869,803,3657
11224389,882,804,3758
11224399,868,806,3768
11224409,846,807,3762
11224419,783,808,3637
11224429,748,809,3609
11224440,747,809,3582
11224450,715,808,3673
11224460,769,807,3696
11224470,752,805,3670
11224480,854,805,3633
11224491,907,805,3659
11224501,881,806,3722
11224511,874,806,3794
11224521,819,807,3775
11224531,788,808,3690
RIM
11224552,815,795,67
11224562,806,795,67
11224572,783,795,68
11224582,803,795,68
11224592,800,795,68
11224603,790,795,67
11224613,803,795,67
11224623,784,795,68
11224633,799,795,68
11224643,801,795,68
11224653,788,795,66
11224664,805,795,67
11224674,787,795,68
11224684,796,795,68
11224694,804,795,68
11224704,783,795,68
11224715,803,795,68
11224725,794,795,68
11224735,796,795,68
11224745,804,795,68
11224755,782,795,69
11224766,800,795,69
11224776,797,795,68
11224786,789,795,68
11224796,805,795,68
11224806,786,795,68
11224816,800,795,69
11224827,802,795,68
11224837,785,795,67
11224847,802,795,67
11224857,789,795,67
11224867,798,795,67
11224878,804,795,67
11224888,782,795,67
11224898,802,795,68
11224908,793,795,67
11224918,794,795,67
11224929,801,795,66
11224939,784,795,66
11224949,801,795,66
11224959,799,795,65
11224969,789,795,64
11224979,804,795,64
11224990,784,795,65
11225000,798,795,65
11225010,803,795,65
11225020,786,795,64
11225030,803,795,64
11225041,790,795,65
11225051,797,795,65
11225061,803,795,65
11225071,782,795,65
11225081,800,795,65
11225092,795,795,64
11225102,795,795,64
11225112,802,795,64
11225122,783,795,64
11225132,800,795,65
11225142,799,795,64
11225153,788,795,63
OSM
11225174,639,640,8
11225184,642,641,7
11225194,644,640,7
11225204,637,640,8
11225214,644,641,7
11225225,639,640,8
11225235,640,641,7
11225245,645,641,7
11225255,638,641,7
11225265,643,641,7
11225276,642,640,8
11225286,638,641,6
11225296,644,640,7
11225306,639,640,7
11225316,642,641,6
11225327,643,641,6
11225337,637,640,7
11225347,644,640,7
11225357,639,640,7
11225367,642,640,7
11225377,645,640,8
11225388,637,640,8
11225398,643,640,8
11225408,640,640,8
11225418,641,640,8
11225428,644,640,8
11225439,637,640,8
11225449,642,640,8
11225459,642,640,7
11225469,640,640,7
11225479,645,641,6
11225489,638,641,6
11225500,643,641,7
11225510,643,641,6
11225520,637,641,6
11225530,643,640,7
11225540,640,640,7
11225551,643,641,6
11225561,643,641,6
11225571,636,640,7
11225581,642,640,7
11225591,640,640,7
11225601,641,641,6
11225612,644,641,6
11225622,636,640,7
11225632,642,640,7
11225642,643,640,7
11225652,640,641,6
11225663,645,641,6
11225673,638,641,6
11225683,641,641,6
11225693,642,640,7
11225703,638,641,6
11225713,645,641,6
11225724,639,641,6
11225734,640,641,6
11225744,643,641,6
11225754,638,641,6
11225764,644,641,6
11225775,641,641,6
SIM
11225795,723,808,3688
11225805,748,808,3690
11225815,736,808,3727
11225826,829,807,3695
11225836,830,807,3667
11225846,910,807,3748
11225856,880,808,3775
11225866,848,808,3800
11225876,823,808,3802
11225887,768,807,3776
11225897,753,805,3803
11225907,744,804,3856
11225917,742,804,3821
11225927,804,805,3751
11225938,746,805,3767
11225948,744,805,3752
11225958,755,805,3780
11225968,722,804,3882
11225978,800,802,3780
11225989,711,799,3740
11225999,737,797,3691
11226009,803,795,3568
11226019,839,796,3598
11226029,901,798,3776
11226040,771,798,3764
11226050,844,800,3735
11226060,892,802,3813
11226070,849,804,3762
11226080,865,805,3822
11226091,921,805,3822
11226101,855,805,3775
11226111,872,805,3766
11226121,817,804,3710
11226131,800,804,3709
11226142,856,805,3736
11226152,763,806,3676
11226162,761,806,3637
11226172,730,806,3683
11226182,749,805,3712
11226193,768,804,3723
11226203,795,806,3556
11226213,889,808,3567
11226223,886,809,3638
11226233,872,809,3595
11226244,823,808,3538
11226254,782,806,3458
11226264,753,804,3440
11226274,749,803,3460
11226284,749,802,3503
11226294,770,803,3470
11226305,818,804,3420
11226315,889,807,3399
11226325,899,809,3510
11226335,851,810,3483
11226345,833,810,3459
11226356,820,809,3303
11226366,787,807,3223
11226376,768,805,3173
11226386,714,804,3307
11226396,741,803,3369
RIM
11226417,815,795,63
11226427,806,795,63
11226437,783,795,63
11226447,802,795,63
11226458,793,795,63
11226468,795,795,62
11226478,803,795,62
11226488,782,795,63
11226498,803,795,64
11226508,801,795,64
11226519,789,795,64
11226529,805,795,64
11226539,785,795,64
11226549,798,795,64
11226559,802,795,64
11226570,784,795,63
11226580,804,795,64
11226590,790,795,64
11226600,796,795,64
11226610,802,795,64
11226621,780,795,65
11226631,802,795,65
11226641,793,795,65
11226651,794,795,64
11226661,806,795,65
11226671,781,795,67
11226682,802,795,67
11226692,800,795,67
11226702,787,795,66
11226712,803,795,66
11226722,785,795,67
11226733,798,795,67
11226743,802,795,67
11226753,785,795,66
11226763,805,795,66
11226773,791,795,67
11226784,796,795,67
11226794,803,795,67
11226804,781,795,68
11226814,802,795,69
11226824,798,795,68
11226834,793,795,68
11226845,803,795,68
11226855,783,795,68
11226865,799,795,68
11226875,800,795,68
11226885,789,795,67
11226896,804,795,67
11226906,786,795,68
11226916,797,795,68
11226926,803,795,68
11226936,783,795,68
11226947,802,795,68
11226957,791,795,68
11226967,795,795,68
11226977,802,795,68
11226987,782,795,69
11226997,801,795,69
11227008,795,795,69
11227018,793,795,68
OSM
11227039,639,641,6
11227049,642,641,6
11227059,645,641,6
11227069,638,641,6
11227079,644,641,6
11227090,638,641,6
11227100,641,641,6
11227110,645,641,6
11227120,639,641,6
11227130,644,641,6
11227141,640,641,6
11227151,640,641,6
11227161,646,641,6
11227171,638,641,7
11227181,643,641,7
11227191,641,641,6
11227202,638,641,6
11227212,644,641,6
11227222,639,641,6
11227232,642,641,6
11227242,643,641,6
11227253,637,641,6
11227263,643,641,6
11227273,640,641,6
11227283,642,641,6
11227293,645,641,6
11227304,635,641,7
11227314,643,641,7
11227324,641,641,7
11227334,641,641,7
11227344,645,641,7
11227354,636,641,7
11227365,642,641,7
11227375,641,641,7
11227385,638,641,7
11227395,645,641,7
11227405,638,641,7
11227416,640,641,7
11227426,643,641,7
11227436,637,641,7
11227446,645,641,7
11227456,639,641,7
11227466,641,641,7
11227477,644,641,7
11227487,636,641,7
11227497,643,641,7
11227507,641,641,7
11227517,641,641,7
11227528,643,641,7
11227538,637,641,7
11227548,642,641,7
11227558,643,641,7
11227568,639,641,7
11227578,644,641,7
11227589,637,641,7
11227599,641,641,7
11227609,644,641,7
11227619,639,641,7
11227629,644,641,7
11227640,639,641,7
SIM
11227660,722,803,3371
11227670,731,802,3408
11227680,764,803,3358
11227690,855,803,3392
11227701,829,803,3391
11227711,903,803,3367
11227721,878,803,3361
11227731,858,803,3378
11227741,837,804,3390
11227752,857,805,3413
11227762,868,807,3428
11227772,823,808,3363
11227782,790,809,3294
11227792,762,808,3331
11227803,778,809,3280
11227813,753,809,3262
11227823,741,809,3290
11227833,744,809,3234
11227843,769,809,3260
11227854,733,809,3196
11227864,846,811,3127
11227874,929,813,3352
11227884,852,813,3366
11227894,863,813,3278
11227905,821,813,3250
11227915,777,812,3256
11227925,768,810,3181
11227935,705,808,3337
11227945,746,806,3344
11227956,786,804,3127
11227966,853,804,3123
11227976,908,804,3227
11227986,843,805,3248
11227996,839,805,3267
11228006,828,805,3232
11228017,807,806,3202
11228027,759,806,3205
11228037,731,806,3202
11228047,742,805,3217
11228057,792,806,3196
11228068,697,804,3390
11228078,756,802,3306
11228088,763,800,3211
11228098,841,799,3154
11228108,928,801,3415
11228119,787,801,3412
11228129,897,804,3518
11228139,892,806,3590
11228149,870,808,3598
11228159,831,809,3581
11228170,831,809,3588
11228180,816,808,3482
11228190,787,806,3350
11228200,743,804,3382
11228210,745,803,3426
11228221,748,802,3471
11228231,782,802,3474
11228241,899,804,3606
11228251,863,806,3522
11228261,876,809,3524
RIM
11228282,817,795,69
11228292,804,795,69
11228302,786,795,68
11228312,805,795,68
11228322,788,795,69
11228333,798,795,69
11228343,803,795,69
11228353,780,795,70
11228363,803,795,70
11228373,793,795,70
11228384,795,795,69
11228394,803,795,68
11228404,780,795,71
11228414,800,795,71
11228424,798,795,70
11228434,790,795,69
11228445,805,795,69
11228455,786,795,70
11228465,799,795,70
11228475,802,795,70
11228485,783,795,69
11228496,802,795,69
11228506,787,795,70
11228516,797,795,70
11228526,804,795,69
11228536,781,795,69
11228547,802,795,69
11228557,793,795,69
11228567,793,795,68
11228577,804,795,68
11228587,783,795,69
11228597,800,795,69
11228608,799,795,68
11228618,788,795,68
11228628,803,795,67
11228638,785,795,68
11228648,798,795,69
11228659,803,795,69
11228669,784,795,67
11228679,804,795,68
11228689,788,795,68
11228699,794,795,68
11228710,804,795,69
11228720,781,795,70
11228730,802,795,70
11228740,794,795,70
11228750,792,795,69
11228760,803,795,69
11228771,781,795,71
11228781,799,795,71
11228791,801,795,71
11228801,789,795,69
11228811,803,795,69
11228822,783,795,71
11228832,797,795,71
11228842,802,795,71
11228852,784,795,71
11228862,804,795,71
11228872,791,795,72
11228883,795,795,71
OSM
11228904,637,641,7
11228914,644,641,7
11228924,644,641,7
11228934,639,641,7
11228944,644,641,7
11228955,637,641,7
11228965,641,641,7
11228975,646,641,8
11228985,638,641,8
11228995,644,641,8
11229006,638,641,8
11229016,641,641,8
11229026,644,640,8
11229036,637,640,9
11229046,644,640,9
11229057,641,640,9
11229067,639,641,8
11229077,644,641,8
11229087,638,640,9
11229097,643,641,8
11229107,642,640,9
11229118,639,641,7
11229128,644,641,8
11229138,638,641,8
11229148,642,641,8
11229158,644,640,9
11229169,637,641,7
11229179,643,641,7
11229189,639,640,8
11229199,642,641,7
11229209,643,640,8
11229219,636,640,8
11229230,642,640,8
11229240,640,640,8
11229250,641,641,7
11229260,646,641,7
11229270,638,641,7
11229281,642,641,7
11229291,642,641,7
11229301,640,641,7
11229311,645,641,7
11229321,637,641,7
11229331,642,641,7
11229342,643,641,7
11229352,637,641,7
11229362,645,641,7
11229372,640,641,7
11229382,640,641,7
11229393,643,641,7
11229403,637,641,7
11229413,645,641,7
11229423,641,641,7
11229433,639,641,7
11229443,644,641,7
11229454,636,641,7
11229464,643,641,7
11229474,643,641,7
11229484,638,641,7
11229494,643,641,7
11229505,637,641,8
SIM
11229525,736,809,3487
11229535,720,809,3517
11229545,759,809,3525
11229555,847,808,3515
11229566,835,808,3519
11229576,900,808,3510
11229586,857,808,3468
11229596,865,808,3481
11229606,840,808,3484
11229617,780,807,3457
11229627,752,805,3443
11229637,737,804,3514
11229647,737,803,3585
11229657,794,803,3559
11229668,830,804,3558
11229678,892,806,3636
11229688,891,809,3675
11229698,849,811,3626
11229708,828,812,3600
11229719,759,812,3543
11229729,755,811,3577
11229739,755,808,3389
11229749,721,805,3480
11229759,760,804,3457
11229769,807,804,3453
11229780,727,803,3539
11229790,777,803,3530
11229800,760,804,3399
11229810,878,806,3428
11229820,883,808,3516
11229831,850,808,3512
11229841,917,808,3543
11229851,858,808,3564
11229861,867,808,3606
11229871,826,808,3605
11229882,822,809,3607
11229892,814,810,3565
11229902,729,810,3570
11229912,742,810,3570
11229922,761,809,3605
11229933,737,810,3481
11229943,761,810,3472
11229953,838,811,3446
11229963,898,812,3556
11229973,900,811,3461
11229984,840,812,3463
11229994,834,811,3351
11230004,792,810,3247
11230014,745,808,3254
11230024,746,806,3308
11230035,726,804,3403
11230045,800,804,3401
11230055,903,806,3554
11230065,869,808,3547
11230075,877,810,3553
11230085,806,811,3486
11230096,893,813,3578
11230106,886,813,3543
11230116,803,812,3503
11230126,803,811,3436
RIM
11230147,817,795,71
11230157,801,795,71
11230167,790,795,70
11230177,806,795,70
11230187,784,795,71
11230198,799,795,71
11230208,802,795,71
11230218,785,795,69
11230228,805,795,70
11230238,788,795,70
11230248,797,795,71
11230259,802,795,70
11230269,780,795,70
11230279,802,795,71
11230289,793,795,71
11230299,795,795,70
11230310,804,795,70
11230320,782,795,71
11230330,801,795,72
11230340,798,795,71
11230350,788,795,69
11230360,804,795,70
11230371,787,795,70
11230381,801,795,70
11230391,803,795,70
11230401,785,795,69
11230411,803,795,69
11230422,787,795,70
11230432,797,795,70
11230442,804,795,70
11230452,781,795,71
11230462,801,795,71
11230473,795,795,71
11230483,793,795,70
11230493,804,795,70
11230503,783,795,71
11230513,802,795,72
11230523,800,795,71
11230534,787,795,70
11230544,804,795,70
11230554,783,795,72
11230564,798,795,72
11230574,804,795,72
11230585,783,795,71
11230595,805,795,72
11230605,788,795,72
11230615,795,795,72
11230625,802,795,72
11230636,779,795,73
11230646,801,795,73
11230656,796,795,73
11230666,792,795,72
11230676,802,795,72
11230686,781,795,73
11230697,799,795,73
11230707,799,795,73
11230717,787,795,72
11230727,805,795,72
11230737,785,795,73
11230748,799,795,74
OSM
11230769,637,641,8
11230779,643,641,7
11230789,642,640,8
11230799,641,641,7
11230809,644,641,7
11230820,637,641,7
11230830,642,641,7
11230840,642,640,8
11230850,639,640,8
11230860,644,640,8
11230871,638,640,8
11230881,641,640,8
11230891,643,640,8
11230901,638,640,8
11230911,644,640,8
11230922,639,640,8
11230932,641,640,8
11230942,644,640,8
11230952,636,640,8
11230962,644,640,8
11230972,642,640,8
11230983,641,640,8
11230993,643,640,8
11231003,636,640,8
11231013,642,640,8
11231023,643,640,8
11231034,638,640,8
11231044,643,640,8
11231054,638,640,8
11231064,641,640,8
11231074,645,640,8
11231084,639,640,8
11231095,645,641,7
11231105,638,641,7
11231115,641,641,7
11231125,645,640,8
11231135,637,640,8
11231146,643,640,8
11231156,640,640,8
11231166,639,640,8
11231176,645,640,8
11231186,639,640,8
11231196,643,640,8
11231207,643,640,8
11231217,637,640,8
11231227,643,640,8
11231237,640,640,8
11231247,643,641,7
11231258,643,641,7
11231268,638,641,7
11231278,643,640,8
11231288,639,640,8
11231298,642,641,7
11231308,645,641,7
11231319,637,641,7
11231329,643,641,7
11231339,640,640,8
11231349,639,641,6
11231359,645,641,7
11231370,636,641,7
SIM
11231390,737,811,3433
11231400,719,811,3436
11231410,723,810,3521
11231420,821,810,3500
11231431,712,808,3646
11231441,754,805,3549
11231451,798,804,3505
11231461,889,805,3562
11231471,899,806,3688
11231482,895,808,3804
11231492,886,810,3849
11231502,840,811,3772
11231512,826,813,3678
11231522,816,813,3672
11231533,788,813,3678
11231543,757,810,3623
11231553,740,808,3592
11231563,742,806,3635
11231573,761,805,3661
11231584,768,805,3648
11231594,881,807,3696
11231604,901,810,3789
11231614,875,812,3720
11231624,847,814,3691
11231635,788,813,3702
11231645,755,814,3633
11231655,759,814,3661
11231665,735,813,3716
11231675,731,811,3755
11231686,831,810,3674
11231696,887,810,3747
11231706,901,810,3694
11231716,846,810,3677
11231726,825,809,3627
11231736,801,809,3623
11231747,878,810,3698
11231757,857,810,3735
11231767,784,811,3634
11231777,754,812,3608
11231787,739,811,3653
11231798,752,811,3620
11231808,749,811,3643
11231818,726,809,3751
11231828,766,807,3648
11231838,860,807,3551
11231849,824,806,3538
11231859,909,808,3698
11231869,877,809,3771
11231879,849,811,3725
11231889,842,812,3668
11231900,864,815,3580
11231910,876,816,3637
11231920,835,815,3516
11231930,791,813,3477
11231940,771,812,3437
11231951,717,810,3585
11231961,740,808,3549
11231971,751,805,3497
11231981,814,806,3498
11231991,900,807,3642
RIM
11232012,817,795,74
11232022,796,795,73
11232032,795,795,73
11232042,806,795,73
11232052,782,795,73
11232063,800,795,74
11232073,799,795,73
11232083,787,795,72
11232093,804,795,72
11232103,786,795,73
11232114,797,795,73
11232124,804,795,73
11232134,782,795,72
11232144,802,795,72
11232154,789,795,73
11232164,798,795,73
11232175,804,795,73
11232185,781,795,73
11232195,801,795,73
11232205,794,795,73
11232215,793,795,73
11232226,803,795,72
11232236,783,795,74
11232246,803,795,74
11232256,799,795,73
11232266,786,795,73
11232277,804,795,73
11232287,784,795,74
11232297,798,795,74
11232307,804,795,74
11232317,784,795,73
11232327,803,795,73
11232338,791,795,74
11232348,796,795,74
11232358,802,795,73
11232368,780,795,74
11232378,802,795,74
11232389,795,795,74
11232399,792,795,73
11232409,804,795,73
11232419,782,795,74
11232429,800,795,74
11232440,799,795,73
11232450,788,795,71
11232460,804,795,71
11232470,785,795,72
11232480,796,795,72
11232490,803,795,72
11232501,782,795,71
11232511,803,795,71
11232521,791,795,71
11232531,796,795,71
11232541,804,795,72
11232552,780,795,72
11232562,801,795,72
11232572,796,795,72
11232582,792,795,71
11232592,803,795,71
11232603,783,795,71
11232613,799,795,71
OSM
11232634,639,641,7
11232644,644,641,7
11232654,640,641,7
11232664,642,641,7
11232674,644,641,7
11232685,636,641,7
11232695,642,641,7
11232705,640,641,7
11232715,641,641,7
11232725,644,641,7
11232736,637,641,7
11232746,642,641,7
11232756,642,641,7
11232766,640,641,7
11232776,645,641,7
11232787,637,641,7
11232797,643,641,7
11232807,643,641,7
11232817,637,641,7
11232827,645,641,7
11232837,639,641,7
11232848,641,641,7
11232858,645,641,7
11232868,636,641,7
11232878,642,641,7
11232888,641,641,7
11232899,640,641,7
11232909,644,641,7
11232919,636,641,7
11232929,643,641,7
11232939,643,641,7
11232949,638,641,7
11232960,644,641,7
11232970,638,641,7
11232980,641,641,7
11232990,644,641,7
11233000,639,641,7
11233011,644,641,7
11233021,639,641,7
11233031,641,641,7
11233041,643,641,7
11233051,638,641,7
11233061,644,641,7
11233072,641,641,7
11233082,639,641,7
11233092,642,641,7
11233102,638,640,8
11233112,644,641,7
11233123,642,640,8
11233133,638,640,8
11233143,645,641,7
11233153,638,641,7
11233163,642,641,7
11233173,644,640,8
11233184,638,641,7
11233194,644,641,7
11233204,639,641,7
11233214,641,641,7
11233224,645,641,7
11233235,637,641,7
SIM
11233255,745,807,3625
11233265,725,807,3608
11233275,775,808,3505
11233285,852,809,3533
11233296,818,811,3373
11233306,914,813,3489
11233316,854,814,3511
11233326,872,814,3473
11233336,815,812,3353
11233347,811,811,3238
11233357,770,809,3171
11233367,709,807,3319
11233377,737,805,3395
11233387,751,804,3442
11233398,785,804,3444
11233408,881,806,3498
11233418,879,809,3504
11233428,876,811,3498
11233438,868,813,3506
11233449,789,813,3482
11233459,774,811,3429
11233469,740,809,3375
11233479,729,806,3404
11233489,764,805,3405
11233500,787,805,3405
11233510,747,805,3420
11233520,810,805,3385
11233530,881,808,3388
11233540,888,811,3387
11233550,848,811,3403
11233561,882,811,3391
11233571,856,810,3289
11233581,807,809,3268
11233591,761,808,3303
11233601,729,807,3406
11233612,741,805,3392
11233622,772,803,3365
11233632,741,803,3423
11233642,840,804,3403
11233652,905,807,3492
11233663,896,809,3567
11233673,904,812,3646
11233683,823,813,3522
11233693,813,814,3483
11233703,758,813,3499
11233714,731,811,3607
11233724,751,808,3503
11233734,748,806,3482
11233744,850,806,3483
11233754,925,808,3694
11233765,851,807,3673
11233775,911,808,3772
11233785,878,809,3840
11233795,873,810,3901
11233805,838,811,3886
11233816,773,812,3761
11233826,827,814,3674
11233836,754,814,3668
11233846,736,812,3768
11233856,772,810,3665
RIM
11233877,815,795,70
11233887,790,795,70
11233897,797,795,70
11233907,804,795,70
11233917,783,795,69
11233928,800,795,69
11233938,795,795,69
11233948,794,795,68
11233958,804,795,68
11233968,783,795,69
11233978,802,795,70
11233989,799,795,69
11233999,788,795,67
11234009,802,795,67
11234019,785,795,68
11234029,798,795,68
11234040,804,795,68
11234050,786,795,66
11234060,801,795,66
11234070,788,795,67
11234080,795,795,67
11234091,803,795,67
11234101,783,795,67
11234111,800,795,66
11234121,795,795,66
11234131,794,795,64
11234141,803,795,64
11234152,785,795,64
11234162,799,795,64
11234172,799,795,63
11234182,789,795,61
11234192,803,795,61
11234203,788,795,62
11234213,798,795,62
11234223,802,795,62
11234233,785,795,60
11234243,801,795,60
11234254,791,795,60
11234264,794,795,60
11234274,802,795,59
11234284,785,795,58
11234294,801,795,58
11234304,797,795,58
11234315,791,795,58
11234325,802,795,57
11234335,785,795,57
11234345,800,795,58
11234355,801,795,57
11234366,788,795,55
11234376,802,795,55
11234386,786,795,56
11234396,798,795,56
11234406,804,795,56
11234417,786,795,54
11234427,802,795,54
11234437,792,795,54
11234447,796,795,54
11234457,802,795,54
11234468,783,795,54
11234478,800,795,54
OSM
11234499,639,641,7
11234509,643,641,7
11234519,639,641,7
11234529,642,641,7
11234539,643,641,7
11234550,637,641,7
11234560,642,641,7
11234570,640,641,7
11234580,641,641,7
11234590,643,641,6
11234601,636,640,8
11234611,642,640,8
11234621,641,640,8
11234631,641,640,8
11234641,643,640,7
11234652,637,640,7
11234662,642,640,7
11234672,642,640,7
11234682,639,640,7
11234692,644,640,7
11234702,639,640,7
11234713,641,640,7
11234723,643,640,7
11234733,638,640,6
11234743,644,640,7
11234753,640,640,7
11234764,640,640,7
11234774,643,640,6
11234784,637,640,6
11234794,643,640,6
11234804,642,640,6
11234814,641,640,6
11234825,642,640,6
11234835,637,640,6
11234845,643,640,6
11234855,642,640,6
11234865,638,640,6
11234876,643,640,6
11234886,638,640,6
11234896,641,640,6
11234906,645,640,6
11234916,639,640,6
11234926,643,640,6
11234937,638,640,6
11234947,640,640,6
11234957,644,640,6
11234967,638,640,6
11234977,644,640,6
11234988,640,640,6
11234998,639,640,6
11235008,644,640,6
11235018,637,640,6
11235028,644,640,6
11235038,642,640,6
11235049,638,640,6
11235059,642,640,6
11235069,638,640,6
11235079,641,640,6
11235089,643,640,6
11235100,637,640,6
SIM
11235120,736,810,3685
11235130,740,810,3647
11235140,772,810,3650
11235150,837,810,3633
11235161,876,811,3703
11235171,884,810,3616
11235181,803,810,3584
11235192,806,808,3520
11235202,812,808,3520
11235212,749,807,3578
11235222,751,807,3608
11235232,730,807,3547
11235243,760,808,3500
11235253,748,808,3506
11235263,809,808,3497
11235273,906,809,3567
11235283,847,808,3510
11235293,875,808,3508
11235304,859,808,3491
11235314,802,808,3485
11235324,769,808,3492
11235334,738,808,3496
11235344,735,808,3481
11235355,769,808,3474
11235365,765,808,3497
11235375,874,810,3502
11235385,905,812,3649
11235395,871,811,3628
11235406,857,811,3565
11235416,803,810,3543
11235426,764,808,3490
11235436,751,806,3505
11235446,722,805,3623
11235457,762,805,3621
11235467,713,805,3666
11235477,750,805,3648
11235487,827,806,3637
11235497,871,808,3631
11235508,898,809,3747
11235518,894,809,3714
11235528,865,808,3641
11235538,847,807,3513
11235548,792,807,3512
11235558,757,806,3553
11235569,752,806,3563
11235579,730,806,3566
11235589,768,806,3539
11235599,751,806,3534
11235609,842,806,3523
11235620,911,806,3471
11235630,886,806,3544
11235640,873,806,3435
11235650,837,805,3364
11235660,810,804,3287
11235671,790,803,3271
11235681,732,802,3341
11235691,717,801,3450
11235701,744,800,3468
11235711,786,801,3401
11235722,913,804,3586
RIM
11235742,814,795,53
11235752,789,795,53
11235762,799,795,54
11235772,804,795,54
11235783,783,795,54
11235793,802,795,54
11235803,791,795,54
11235813,795,795,54
11235823,803,795,54
11235834,784,795,53
11235844,801,795,53
11235854,796,795,53
11235864,790,795,53
11235874,802,795,53
11235885,785,795,53
11235895,800,795,53
11235905,801,795,52
11235915,788,795,52
11235925,801,795,52
11235935,788,795,52
11235946,797,795,52
11235956,802,795,51
11235966,785,795,51
11235976,801,795,51
11235986,792,795,51
11235997,795,795,51
11236007,800,795,50
11236017,785,795,50
11236027,800,795,51
11236037,799,795,51
11236048,792,795,50
11236058,802,795,50
11236068,785,795,51
11236078,799,795,51
11236088,800,795,50
11236098,788,795,50
11236109,803,795,50
11236119,789,795,50
11236129,796,795,50
11236139,801,795,50
11236149,785,795,50
11236160,802,795,50
11236170,792,795,50
11236180,797,795,50
11236190,802,795,50
11236200,783,795,51
11236211,798,795,51
11236221,798,795,50
11236231,791,795,50
11236241,803,795,50
11236251,787,795,50
11236261,799,795,50
11236272,800,795,49
11236282,787,795,49
11236292,802,795,49
11236302,788,795,49
11236312,798,795,49
11236323,802,795,49
11236333,785,795,49
11236343,800,795,49
OSM
11236363,640,640,6
11236374,644,640,6
11236384,637,640,6
11236394,642,640,6
11236404,642,640,6
11236414,639,640,6
11236425,642,640,6
11236435,637,640,6
11236445,641,640,6
11236455,643,640,6
11236465,638,640,6
11236475,642,640,6
11236486,638,640,6
11236496,641,640,6
11236506,644,640,6
11236516,637,640,6
11236526,642,640,6
11236537,640,640,6
11236547,640,640,6
11236557,644,640,6
11236567,638,640,6
11236577,643,640,6
11236587,641,640,6
11236598,639,640,6
11236608,644,640,6
11236618,639,640,6
11236628,642,640,6
11236638,642,640,6
11236649,637,640,6
11236659,643,640,6
11236669,640,640,6
11236679,640,640,6
11236689,643,640,6
11236699,638,640,6
11236710,642,640,6
11236720,641,640,6
11236730,640,640,5
11236740,643,640,5
11236750,636,640,6
11236761,641,640,6
11236771,642,640,5
11236781,640,640,5
11236791,643,640,5
11236801,638,640,5
11236811,641,640,5
11236822,642,640,5
11236832,638,640,5
11236842,643,640,5
11236852,639,640,5
11236862,640,640,5
11236873,642,640,5
11236883,637,640,5
11236893,644,640,5
11236903,640,640,5
11236913,640,640,5
11236923,643,640,5
11236934,637,640,5
11236944,643,640,5
11236954,643,640,5
11236964,639,640,5
SIM
11236985,720,803,3628
11236995,733,803,3643
11237005,757,803,3662
11237015,810,802,3645
11237025,887,803,3673
11237035,879,803,3660
11237046,864,804,3720
11237056,847,804,3751
11237066,798,804,3751
11237076,753,804,3744
11237086,756,804,3735
11237097,711,804,3788
11237107,759,804,3790
11237117,795,805,3737
11237127,871,806,3808
11237137,920,806,3858
11237148,859,806,3877
11237158,849,806,3829
11237168,888,806,3894
11237178,865,807,3949
11237188,852,809,3955
11237199,794,810,3873
11237209,847,811,3800
11237219,824,812,3770
11237229,742,812,3815
11237239,741,810,3832
11237250,728,807,3786
11237260,750,805,3769
11237270,778,803,3736
11237280,818,804,3738
11237290,910,806,3892
11237301,872,808,3908
11237311,872,811,3843
11237321,842,812,3817
11237331,782,813,3667
11237341,757,813,3653
11237351,733,812,3756
11237362,732,809,3800
11237372,746,807,3732
11237382,807,805,3605
11237392,893,806,3672
11237402,893,807,3769
11237413,867,808,3824
11237423,874,810,3848
11237433,813,811,3791
11237443,759,811,3726
11237453,751,811,3755
11237464,714,810,3853
11237474,747,809,3902
11237484,712,805,3877
11237494,748,803,3820
11237504,774,802,3752
11237515,838,802,3753
11237525,816,802,3755
11237535,891,803,3882
11237545,862,806,3847
11237555,875,808,3788
11237566,799,809,3719
11237576,824,810,3713
11237586,781,807,3547
RIM
11237606,811,795,47
11237616,785,795,48
11237627,802,795,48
11237637,800,795,48
11237647,792,795,45
11237657,802,795,45
11237667,787,795,46
11237678,798,795,46
11237688,801,795,46
11237698,789,795,44
11237708,802,795,45
11237718,790,795,45
11237728,796,795,45
11237739,802,795,45
11237749,785,795,45
11237759,803,795,45
11237769,794,795,45
11237779,795,795,44
11237790,800,795,44
11237800,784,795,45
11237810,805,795,46
11237820,797,795,46
11237830,790,795,44
11237841,803,795,45
11237851,788,795,46
11237861,798,795,46
11237871,801,795,46
11237881,787,795,45
11237891,802,795,46
11237902,789,795,46
11237912,799,795,46
11237922,801,795,46
11237932,785,795,46
11237942,800,795,46
11237953,794,795,46
11237963,794,795,45
11237973,802,795,45
11237983,786,795,45
11237993,802,795,46
11238004,798,795,46
11238014,790,795,44
11238024,801,795,44
11238034,787,795,45
11238044,799,795,45
11238054,803,795,46
11238065,787,795,44
11238075,801,795,45
11238085,789,795,45
11238095,795,795,45
11238105,803,795,45
11238116,784,795,46
11238126,802,795,46
11238136,794,795,46
11238146,794,795,45
11238156,800,795,45
11238167,785,795,45
11238177,799,795,46
11238187,799,795,45
11238197,791,795,44
11238207,800,795,44
OSM
11238228,641,640,5
11238238,643,640,5
11238248,639,640,5
11238258,643,640,5
11238268,640,640,5
11238279,641,640,5
11238289,643,640,5
11238299,639,640,5
11238309,643,640,5
11238319,641,640,5
11238330,639,640,5
11238340,642,640,5
11238350,638,640,5
11238360,642,640,5
11238370,642,640,4
11238381,638,640,4
11238391,642,640,4
11238401,637,640,4
11238411,642,640,4
11238421,643,640,4
11238431,639,640,4
11238442,643,640,4
11238452,639,640,4
11238462,640,640,4
11238472,644,640,4
11238482,638,640,4
11238493,642,640,4
11238503,640,640,4
11238513,639,640,4
11238523,644,640,4
11238533,638,640,4
11238543,642,640,4
11238554,641,640,4
11238564,638,640,4
11238574,643,640,4
11238584,639,640,4
11238594,642,640,4
11238605,643,640,4
11238615,638,640,4
11238625,643,640,4
11238635,640,640,4
