Polling for available serial device...
Opening serial monitor for com port: "/dev/ttyACM0"
Serial monitor opened successfully:
11306060,874,803,3686
11306070,890,803,3796
11306080,873,806,3810
11306091,837,807,3761
11306101,813,806,3658
11306111,751,804,3677
11306121,736,804,3655
11306131,741,805,3641
11306142,724,801,3568
11306152,807,801,3566
11306162,891,804,3626
11306172,868,806,3670
11306182,871,806,3665
11306192,813,805,3665
11306203,820,808,3447
11306213,888,809,3546
11306223,828,808,3486
11306233,808,808,3486
11306243,746,808,3508
11306254,743,807,3558
11306264,843,806,3482
11306274,729,805,3581
11306284,738,806,3523
11306294,731,804,3597
11306305,739,802,3625
11306315,729,801,3712
11306325,735,801,3698
11306335,775,800,3688
11306345,856,800,3656
11306356,876,802,3712
11306366,905,804,3822
11306376,867,804,3704
11306386,877,804,3771
11306396,832,805,3774
11306407,807,807,3619
11306417,768,806,3628
11306427,738,803,3581
11306437,729,802,3642
11306447,756,803,3628
11306458,788,802,3587
11306468,901,802,3693
11306478,883,804,3789
11306488,872,806,3758
RIM
11306508,817,804,38
11306519,813,804,39
11306529,800,804,38
11306539,807,804,37
11306549,812,804,38
11306559,794,804,39
11306570,809,804,40
11306580,804,804,39
11306590,803,804,37
11306600,812,804,38
11306610,796,804,39
11306621,808,804,39
11306631,807,804,38
11306641,799,804,37
11306651,810,804,38
11306661,797,804,38
11306671,807,804,37
11306682,811,804,37
11306692,797,804,38
11306702,811,804,39
11306712,799,804,38
11306722,805,804,37
11306733,811,804,37
11306743,794,804,39
11306753,810,804,39
11306763,806,804,39
11306773,802,804,37
11306784,811,804,37
11306794,795,804,38
11306804,809,804,39
11306814,808,804,38
11306824,799,804,38
11306835,811,804,39
11306845,798,804,39
11306855,806,804,39
11306865,812,804,39
11306875,796,804,39
11306885,813,804,40
11306896,801,804,39
11306906,804,804,38
11306916,811,804,38
11306926,794,804,40
11306936,811,804,41
11306947,806,804,40
11306957,802,804,39
11306967,810,804,39
11306977,794,804,40
11306987,809,804,41
11306998,809,804,40
11307008,800,804,38
11307018,811,805,38
11307028,798,804,39
11307038,807,804,39
11307048,811,804,39
11307059,794,804,40
11307069,809,804,40
11307079,800,804,40
11307089,805,804,39
11307099,811,804,39
11307110,795,804,40
OSM
11307131,612,609,5
11307141,608,609,5
11307151,613,609,6
11307161,607,609,6
11307171,609,609,6
11307182,612,609,6
11307192,606,609,6
11307202,614,609,6
11307212,609,609,6
11307222,611,609,6
11307233,611,609,6
11307243,606,609,6
11307253,612,609,6
11307263,610,609,6
11307273,608,609,6
11307283,612,609,6
11307294,606,609,6
11307304,610,609,6
11307314,612,609,6
11307324,607,609,6
11307334,613,609,6
11307345,606,609,6
11307355,610,609,6
11307365,612,609,6
11307375,608,609,6
11307385,612,609,6
11307396,607,609,6
11307406,608,609,6
11307416,612,609,6
11307426,605,609,6
11307436,612,609,6
11307446,610,609,6
11307457,609,609,6
11307467,611,609,6
11307477,606,609,6
11307487,611,609,6
11307497,611,609,6
11307508,607,609,6
11307518,611,609,6
11307528,606,609,6
11307538,610,609,6
11307548,612,609,6
11307558,607,609,6
11307569,611,609,6
11307579,606,609,6
11307589,608,609,6
11307599,612,609,6
11307609,607,609,6
11307620,611,609,6
11307630,608,609,6
11307640,608,609,6
11307650,613,609,6
11307660,607,609,6
11307670,611,609,6
11307681,610,609,6
11307691,606,609,6
11307701,612,609,6
11307711,608,609,6
11307721,610,609,6
11307732,612,609,5
SIM
11307752,742,807,3629
11307762,715,805,3735
11307772,740,803,3765
11307782,792,803,3765
11307793,808,804,3674
11307803,841,804,3688
11307813,916,805,3804
11307823,849,806,3813
11307833,862,808,3776
11307844,839,808,3763
11307854,810,807,3717
11307864,763,807,3726
11307874,720,807,3761
11307884,744,804,3677
11307895,756,803,3653
11307905,791,803,3605
11307915,869,805,3621
11307925,871,805,3614
11307935,870,805,3564
11307946,851,805,3522
11307956,805,804,3506
11307966,747,803,3558
11307976,733,803,3595
11307986,739,803,3588
11307997,750,803,3571
11308007,781,804,3474
11308017,734,803,3554
11308027,719,800,3535
11308037,820,799,3465
11308047,899,799,3545
11308058,865,800,3612
11308068,883,801,3717
11308078,893,801,3732
11308088,867,802,3791
11308098,830,802,3803
11308109,801,803,3748
11308119,819,805,3688
11308129,765,803,3690
11308139,734,803,3678
11308149,743,804,3666
11308160,740,804,3646
11308170,740,804,3644
11308180,794,805,3550
11308190,834,806,3480
11308200,909,809,3631
11308211,880,809,3678
11308221,865,809,3655
11308231,831,808,3509
11308241,784,806,3460
11308251,751,804,3425
11308262,735,803,3490
11308272,741,801,3553
11308282,792,802,3535
11308292,862,804,3521
11308302,883,806,3524
11308313,881,809,3566
11308323,821,809,3561
11308333,910,809,3590
11308343,870,809,3561
11308353,867,809,3551
RIM
11308374,818,804,40
11308384,812,804,40
11308394,798,804,40
11308404,809,804,41
11308414,811,804,41
11308425,796,804,40
11308435,810,804,40
11308445,798,804,41
11308455,807,804,41
11308465,812,804,41
11308475,797,804,41
11308486,811,804,41
11308496,803,804,41
11308506,804,804,41
11308516,810,804,41
11308526,796,804,41
11308537,809,804,41
11308547,808,804,41
11308557,800,804,40
11308567,810,804,40
11308577,796,804,40
11308588,807,804,41
11308598,810,804,40
11308608,798,804,39
11308618,814,805,39
11308628,799,804,41
11308638,805,804,41
11308649,810,804,40
11308659,794,804,41
11308669,810,804,41
11308679,804,804,41
11308689,805,804,40
11308700,812,805,40
11308710,794,804,42
11308720,809,804,42
11308730,807,804,41
11308740,800,804,40
11308751,813,804,40
11308761,796,804,41
11308771,808,804,41
11308781,810,804,41
11308791,798,805,39
11308801,811,805,39
11308812,801,804,40
11308822,806,804,40
11308832,811,805,39
11308842,793,804,41
11308852,811,805,40
11308863,804,804,41
11308873,803,804,40
11308883,812,805,40
11308893,791,804,43
11308903,811,804,44
11308914,806,804,43
11308924,798,804,42
11308934,812,804,42
11308944,794,804,44
11308954,809,804,44
11308964,812,804,45
11308975,792,804,46
OSM
11308996,609,609,5
11309006,610,609,5
11309016,614,609,5
11309026,607,609,5
11309036,613,609,6
11309047,609,609,6
11309057,607,609,5
11309067,613,609,5
11309077,607,609,5
11309087,611,609,5
11309098,611,609,5
11309108,606,609,5
11309118,613,609,6
11309128,608,609,6
11309138,610,609,6
11309148,613,609,6
11309159,606,609,6
11309169,612,609,6
11309179,609,609,6
11309189,610,609,6
11309199,613,609,6
11309210,606,609,6
11309220,611,609,6
11309230,612,609,6
11309240,608,609,6
11309250,615,609,6
11309261,605,609,6
11309271,610,609,6
11309281,612,609,6
11309291,608,609,6
11309301,613,609,6
11309311,607,609,6
11309322,609,609,6
11309332,613,609,6
11309342,607,609,6
11309352,614,609,7
11309362,608,609,7
11309373,608,609,7
11309383,613,609,7
11309393,605,609,7
11309403,614,609,7
11309413,610,609,7
11309423,609,609,7
11309434,612,609,7
11309444,604,609,7
11309454,612,609,8
11309464,612,609,8
11309474,607,609,8
11309485,612,609,8
11309495,608,609,8
11309505,610,609,8
11309515,613,609,8
11309525,606,609,8
11309535,613,609,8
11309546,608,609,8
11309556,609,609,8
11309566,612,609,8
11309576,606,609,8
11309586,613,609,8
11309597,609,609,8
SIM
11309617,733,809,3573
11309627,716,809,3569
11309637,747,809,3554
11309647,768,809,3577
11309658,779,808,3592
11309668,843,808,3595
11309678,900,808,3541
11309688,859,808,3557
11309698,871,808,3574
11309709,819,808,3560
11309719,809,808,3560
11309729,768,808,3553
11309739,726,808,3536
11309749,743,808,3538
11309760,754,808,3542
11309770,809,808,3537
11309780,928,809,3713
11309790,848,809,3674
11309800,870,809,3674
11309811,816,808,3646
11309821,778,808,3661
11309831,890,810,3704
11309841,797,811,3606
11309851,798,812,3520
11309862,747,812,3526
11309872,695,811,3737
11309882,765,811,3674
11309892,715,811,3686
11309902,736,810,3778
11309913,750,807,3702
11309923,791,806,3650
11309933,793,805,3553
11309943,860,804,3475
11309953,895,804,3547
11309963,890,805,3656
11309974,833,806,3667
11309984,863,807,3716
11309994,818,808,3688
11310004,775,808,3615
11310014,754,808,3593
11310025,699,808,3714
11310035,743,808,3707
11310045,778,808,3719
11310055,833,808,3718
11310065,894,807,3672
11310076,855,807,3622
11310086,870,807,3632
11310096,851,807,3654
11310106,793,807,3649
11310116,759,808,3634
11310127,739,808,3624
11310137,736,808,3636
11310147,753,807,3682
11310157,782,806,3641
11310167,889,806,3657
11310178,877,806,3647
11310188,867,806,3706
11310198,875,806,3605
11310208,831,805,3547
11310218,815,804,3485
RIM
11310239,824,805,48
11310249,815,805,49
11310259,793,804,51
11310269,812,805,51
11310279,805,804,51
11310290,802,805,49
11310300,811,805,49
11310310,790,804,53
11310320,810,804,54
11310330,809,804,53
11310340,798,804,53
11310351,812,804,53
11310361,795,804,54
11310371,808,804,54
11310381,811,804,55
11310391,792,804,56
11310402,812,804,57
11310412,797,804,57
11310422,805,804,57
11310432,811,804,57
11310442,789,804,60
11310453,811,804,61
11310463,804,804,60
11310473,801,804,60
11310483,813,804,59
11310493,791,804,62
11310503,811,804,62
11310514,808,804,62
11310524,796,804,61
11310534,814,804,63
11310544,795,804,64
11310554,808,804,64
11310565,812,804,64
11310575,793,804,64
11310585,811,804,65
11310595,798,804,65
11310605,806,804,65
11310616,812,804,65
11310626,789,804,68
11310636,811,804,68
11310646,803,804,67
11310656,801,804,67
11310666,812,804,67
11310677,791,804,70
11310687,811,804,71
11310697,809,804,70
11310707,796,804,69
11310717,811,804,69
11310728,794,804,71
11310738,807,804,71
11310748,813,804,71
11310758,793,804,71
11310768,812,804,71
11310779,797,804,72
11310789,804,804,71
11310799,812,804,71
11310809,789,804,73
11310819,811,804,74
11310829,805,804,72
11310840,801,804,70
OSM
11310861,607,609,8
11310871,610,609,8
11310881,613,609,8
11310891,607,609,8
11310902,615,609,8
11310912,606,609,8
11310922,609,609,8
11310932,613,609,8
11310942,606,609,8
11310952,614,609,9
11310963,609,609,9
11310973,609,609,9
11310983,612,609,8
11310993,605,609,9
11311003,613,609,9
11311014,612,609,9
11311024,607,609,9
11311034,613,609,9
11311044,606,609,9
11311054,611,609,9
11311064,614,609,9
11311075,606,609,9
11311085,612,609,9
11311095,606,609,9
11311105,610,609,9
11311115,615,609,9
11311126,605,609,9
11311136,612,609,9
11311146,608,609,9
11311156,608,609,9
11311166,614,609,9
11311176,606,609,10
11311187,612,609,10
11311197,611,609,9
11311207,607,609,9
11311217,613,609,9
11311227,608,609,9
11311238,612,609,9
11311248,612,609,9
11311258,607,609,9
11311268,613,609,9
11311278,607,609,9
11311288,611,609,9
11311299,614,609,9
11311309,606,609,9
11311319,611,609,9
11311329,609,609,9
11311339,609,609,9
11311350,614,609,9
11311360,605,609,9
11311370,612,609,9
11311380,611,609,9
11311390,606,609,9
11311401,613,609,9
11311411,607,609,9
11311421,611,609,9
11311431,613,609,9
11311441,606,609,9
11311451,612,609,9
11311462,607,609,9
SIM
11311482,734,804,3483
11311492,710,804,3501
11311502,746,804,3503
11311513,809,805,3480
11311523,844,806,3492
11311533,895,807,3600
11311543,877,806,3538
11311553,861,806,3542
11311563,836,806,3486
11311574,781,805,3495
11311584,762,804,3526
11311594,742,804,3569
11311604,717,804,3593
11311614,762,804,3561
11311625,745,804,3577
11311635,849,805,3609
11311645,901,804,3511
11311655,859,804,3529
11311665,863,804,3514
11311676,811,804,3513
11311686,808,805,3500
11311696,781,803,3387
11311706,722,802,3495
11311716,735,801,3569
11311727,743,801,3577
11311737,799,802,3387
11311747,785,803,3368
11311757,826,805,3243
11311767,906,807,3327
11311778,869,809,3329
11311788,830,810,3329
11311798,824,810,3328
11311808,774,809,3308
11311818,741,806,3259
11311829,744,804,3203
11311839,723,802,3297
11311849,755,800,3272
11311859,773,800,3279
11311869,860,801,3326
11311879,920,804,3514
11311890,854,806,3364
11311900,872,809,3361
11311910,820,809,3347
11311920,793,809,3342
11311930,773,807,3240
11311941,714,804,3341
11311951,743,802,3329
11311961,731,800,3371
11311971,826,801,3380
11311981,904,803,3521
11311992,844,805,3476
11312002,865,807,3450
11312012,921,810,3608
11312022,866,811,3644
11312032,873,811,3607
11312043,802,810,3535
11312053,802,809,3481
11312063,856,808,3446
11312073,775,807,3456
11312083,752,806,3506
RIM
11312104,826,804,72
11312114,812,804,71
11312124,799,804,69
11312134,814,804,70
11312144,795,804,71
11312155,807,804,71
11312165,811,804,71
11312175,791,804,71
11312185,811,804,71
11312195,799,804,71
11312206,805,804,70
11312216,812,804,70
11312226,790,804,72
11312236,810,804,73
11312246,804,804,72
11312256,800,804,70
11312267,813,804,70
11312277,793,804,71
11312287,809,804,71
11312297,809,804,71
11312307,795,804,69
11312318,812,804,69
11312328,795,804,70
11312338,808,804,70
11312348,812,804,70
11312358,791,804,70
11312369,811,804,70
11312379,798,804,70
11312389,803,804,69
11312399,812,804,69
11312409,791,804,70
11312419,810,804,71
11312430,804,804,70
11312440,799,804,68
11312450,812,804,68
11312460,791,804,70
11312470,809,804,71
11312481,810,804,70
11312491,796,804,68
11312501,812,804,68
11312511,793,804,70
11312521,805,804,70
11312532,811,804,69
11312542,792,804,69
11312552,812,804,69
11312562,798,803,70
11312572,803,804,68
11312582,812,804,69
11312593,790,804,70
11312603,810,804,71
11312613,805,803,70
11312623,801,804,68
11312633,812,804,68
11312644,791,803,70
11312654,809,804,70
11312664,809,804,69
11312674,795,804,67
11312684,812,804,67
11312694,795,803,69
11312705,808,804,69
OSM
11312726,606,609,10
11312736,612,609,10
11312746,610,609,9
11312756,609,609,9
11312767,613,609,9
11312777,604,609,9
11312787,610,609,9
11312797,612,609,9
11312807,608,609,9
11312817,614,609,9
11312828,606,609,9
11312838,610,609,9
11312848,612,609,9
11312858,606,609,9
11312868,614,609,9
11312879,608,609,9
11312889,610,609,9
11312899,612,609,9
11312909,604,609,9
11312919,613,609,9
11312929,609,609,9
11312940,609,609,9
11312950,612,609,9
11312960,605,609,9
11312970,611,609,9
11312980,613,609,9
11312991,606,609,9
11313001,612,609,9
11313011,605,609,9
11313021,611,609,9
11313031,614,609,9
11313041,606,609,9
11313052,613,609,9
11313062,606,609,9
11313072,609,609,9
11313082,614,609,9
11313092,606,609,9
11313103,611,609,9
11313113,609,609,9
11313123,607,609,9
11313133,613,609,9
11313143,606,609,9
11313153,613,609,9
11313164,611,609,9
11313174,607,609,9
11313184,613,609,9
11313194,607,609,9
11313204,611,609,9
11313215,613,609,9
11313225,605,609,9
11313235,612,609,9
11313245,607,609,9
11313255,611,609,9
11313265,613,609,9
11313276,604,609,9
11313286,611,609,9
11313296,610,609,9
11313306,609,609,9
11313316,614,609,9
11313327,604,609,10
SIM
11313347,734,806,3506
11313357,715,806,3490
11313367,766,807,3456
11313377,849,807,3485
11313388,881,808,3552
11313398,900,808,3566
11313408,851,808,3518
11313418,829,807,3479
11313428,820,807,3467
11313439,772,807,3477
11313449,744,806,3510
11313459,792,807,3442
11313469,748,808,3364
11313479,761,808,3365
11313490,727,807,3409
11313500,763,806,3412
11313510,721,803,3376
11313520,740,801,3388
11313530,810,800,3326
11313541,866,801,3394
11313551,895,803,3537
11313561,893,804,3661
11313571,851,807,3577
11313581,873,809,3558
11313592,789,810,3490
11313602,780,809,3504
11313612,770,809,3520
11313622,736,808,3603
11313632,747,805,3498
11313643,715,802,3560
11313653,782,802,3554
11313663,922,803,3784
11313673,858,805,3816
11313683,872,807,3818
11313693,831,808,3759
11313704,808,810,3634
11313714,803,810,3584
11313724,726,810,3679
11313734,731,807,3738
11313744,752,805,3572
11313755,733,803,3615
11313765,829,802,3547
11313775,860,803,3597
11313785,882,804,3697
11313795,889,806,3795
11313806,817,808,3651
11313816,818,809,3581
11313826,812,810,3477
11313836,758,809,3518
11313846,755,807,3413
11313857,698,804,3584
11313867,756,802,3560
11313877,760,800,3350
11313887,839,799,3304
11313897,899,800,3378
11313908,847,801,3413
11313918,867,802,3485
11313928,825,801,3445
11313938,791,801,3436
11313948,752,801,3436
RIM
11313969,826,804,69
11313979,801,803,68
11313989,805,803,68
11313999,813,803,68
11314009,791,803,69
11314020,810,803,70
11314030,806,803,69
11314040,798,803,67
11314050,812,804,66
11314060,792,803,69
11314070,810,803,70
11314081,809,803,69
11314091,794,803,67
11314101,812,804,67
11314111,794,803,69
11314121,807,803,69
11314132,813,803,69
11314142,792,803,70
11314152,810,803,70
11314162,798,803,70
11314172,803,803,69
11314183,812,803,69
11314193,790,803,70
11314203,811,803,71
11314213,805,803,70
11314223,799,803,68
11314233,813,803,68
11314244,791,803,70
11314254,808,803,71
11314264,808,803,70
11314274,796,803,68
11314284,812,803,69
11314295,794,803,70
11314305,805,803,70
11314315,811,803,70
11314325,790,803,70
11314335,811,803,70
11314346,802,803,70
11314356,804,803,69
11314366,812,803,69
11314376,789,803,70
11314386,809,803,71
11314396,806,803,70
11314407,799,803,68
11314417,813,803,69
11314427,793,803,70
11314437,809,803,70
11314447,808,803,70
11314458,795,803,68
11314468,814,804,68
11314478,795,803,70
11314488,806,803,70
11314498,812,803,70
11314509,790,803,71
11314519,811,803,71
11314529,799,803,71
11314539,804,803,70
11314549,812,803,70
11314559,789,803,72
11314570,809,803,72
OSM
11314591,607,609,9
11314601,614,609,10
11314611,609,609,10
11314621,611,609,10
11314631,613,609,10
11314642,605,609,10
11314652,612,609,10
11314662,607,609,10
11314672,611,609,10
11314682,614,609,10
11314693,605,609,10
11314703,612,609,10
11314713,610,609,10
11314723,609,609,10
11314733,612,609,9
11314744,606,609,10
11314754,612,609,10
11314764,613,609,10
11314774,608,609,9
11314784,613,609,9
11314794,605,609,10
11314805,610,609,10
11314815,613,609,10
11314825,607,609,10
11314835,615,609,10
11314845,607,609,10
11314856,608,609,10
11314866,613,609,10
11314876,604,609,10
11314886,613,609,10
11314896,610,609,10
11314907,609,609,10
11314917,613,609,10
11314927,604,609,10
11314937,611,609,10
11314947,612,609,10
11314957,608,609,10
11314968,614,609,10
11314978,606,609,10
11314988,611,609,10
11314998,613,609,10
11315008,605,609,10
11315019,613,609,10
11315029,608,609,10
11315039,610,609,10
11315049,614,609,10
11315059,605,609,11
11315070,611,609,11
11315080,609,609,10
11315090,610,609,10
11315100,612,609,10
11315110,606,609,10
11315120,611,609,10
11315131,611,609,10
11315141,607,609,10
11315151,612,609,10
11315161,607,609,10
11315171,611,609,10
11315182,614,609,10
11315192,607,609,9
SIM
11315212,730,801,3445
11315222,733,802,3397
11315233,721,801,3485
11315243,800,800,3446
11315253,890,800,3472
11315263,900,800,3472
11315273,836,800,3450
11315283,823,800,3445
11315294,813,800,3441
11315304,781,800,3434
11315314,757,800,3413
11315324,705,799,3561
11315334,753,799,3553
11315345,767,799,3546
11315355,844,801,3489
11315365,733,800,3542
11315375,732,800,3515
11315385,836,802,3471
11315396,903,804,3635
11315406,884,804,3678
11315416,822,803,3545
11315426,889,803,3533
11315436,881,803,3596
11315447,898,804,3664
11315457,818,804,3663
11315467,886,806,3761
11315477,836,807,3752
11315487,806,808,3666
11315498,755,808,3651
11315508,711,808,3664
11315518,721,807,3779
11315528,751,804,3606
11315538,772,803,3574
11315549,857,803,3543
11315559,863,803,3590
11315569,871,804,3665
11315579,858,805,3711
11315589,813,806,3605
11315600,763,807,3540
11315610,752,807,3540
11315620,734,807,3538
11315630,766,806,3558
11315640,754,804,3553
11315650,849,804,3485
11315661,890,804,3488
11315671,872,805,3561
11315681,880,806,3651
11315691,824,806,3656
11315701,820,807,3619
11315712,786,807,3581
11315722,743,808,3449
11315732,826,809,3407
11315742,716,809,3511
11315752,730,807,3597
11315763,741,804,3523
11315773,742,802,3556
11315783,731,800,3568
11315793,740,799,3617
11315803,801,799,3616
11315814,857,801,3631
RIM
11315834,824,803,71
11315844,794,803,72
11315854,810,803,73
11315864,813,803,73
11315875,794,803,71
11315885,812,803,72
11315895,796,803,73
11315905,805,803,72
11315915,811,803,72
11315926,790,803,73
11315936,811,803,73
11315946,802,803,73
11315956,804,803,71
11315966,812,803,71
11315977,790,803,73
11315987,810,803,73
11315997,808,803,72
11316007,799,803,70
11316017,812,803,71
11316027,793,803,72
11316038,807,803,72
11316048,810,803,72
11316058,793,803,71
11316068,813,803,71
11316078,797,803,72
11316089,809,803,72
11316099,812,803,72
11316109,789,803,73
11316119,809,803,73
11316129,802,803,72
11316140,804,803,72
11316150,813,803,72
11316160,789,803,74
11316170,808,803,74
11316180,806,803,73
11316190,798,804,70
11316201,812,804,70
11316211,794,803,72
11316221,810,803,73
11316231,811,803,73
11316241,794,804,70
11316252,812,804,71
11316262,795,803,73
11316272,806,804,72
11316282,813,804,72
11316292,791,804,72
11316303,811,804,73
11316313,802,803,73
11316323,802,804,71
11316333,813,804,71
11316343,792,803,73
11316353,811,804,73
11316364,807,803,73
11316374,797,804,69
11316384,813,804,70
11316394,793,804,72
11316404,808,804,72
11316415,812,804,72
11316425,794,804,70
11316435,812,804,70
OSM
11316456,612,609,9
11316466,613,609,9
11316476,607,609,9
11316486,613,609,10
11316496,609,609,9
11316507,607,609,9
11316517,613,609,9
11316527,605,609,9
11316537,612,609,10
11316547,613,609,9
11316558,607,609,9
11316568,614,609,9
11316578,606,609,10
11316588,609,609,10
11316598,614,609,10
11316609,608,609,10
11316619,613,609,10
11316629,607,609,10
11316639,610,609,10
11316649,613,609,10
11316659,605,609,10
11316670,614,609,10
11316680,610,609,10
11316690,609,609,10
11316700,614,609,10
11316710,606,609,10
11316721,611,609,10
11316731,611,609,9
11316741,607,609,9
11316751,614,610,8
11316761,607,609,9
11316772,610,609,9
11316782,613,609,9
11316792,605,609,9
11316802,613,610,8
11316812,609,609,9
11316822,610,610,8
11316833,614,610,8
11316843,605,609,9
11316853,612,610,8
11316863,610,609,9
11316873,609,610,8
11316884,613,610,8
11316894,606,609,9
11316904,611,610,8
11316914,613,609,9
11316924,608,610,8
11316934,613,610,8
11316945,606,610,8
11316955,610,610,8
11316965,611,610,8
11316975,606,610,8
11316985,614,610,8
11316996,609,610,8
11317006,610,610,8
11317016,612,610,8
11317026,604,610,9
11317036,613,610,9
11317047,611,610,8
11317057,608,610,8
SIM
11317077,737,801,3615
11317087,719,800,3651
11317097,764,801,3566
11317108,757,800,3599
11317118,851,800,3508
11317128,886,800,3464
11317138,852,800,3488
11317148,866,801,3550
11317159,792,800,3550
11317169,791,800,3545
11317179,754,800,3550
11317189,715,801,3519
11317199,756,801,3514
11317209,795,801,3495
11317220,849,801,3503
11317230,917,804,3637
11317240,843,806,3570
11317250,868,807,3618
11317260,814,805,3463
11317271,812,804,3360
11317281,771,803,3373
11317291,806,802,3249
11317301,794,800,3145
11317311,757,798,3013
11317322,737,797,3067
11317332,750,794,2967
11317342,713,792,3046
11317352,744,791,3081
11317362,799,792,3059
11317373,820,794,2958
11317383,905,797,3064
11317393,878,799,3133
11317403,870,801,3200
11317413,870,801,3227
11317424,796,800,3163
11317434,791,798,3080
11317444,752,797,3054
11317454,731,795,3121
11317464,771,795,3113
11317475,787,796,3082
11317485,895,799,3172
11317495,872,800,3240
11317505,865,802,3268
11317515,848,802,3267
11317525,777,800,3147
11317536,762,798,3085
11317546,752,796,3007
11317556,718,795,3094
11317566,746,793,3123
11317576,780,793,3125
11317587,850,795,3132
11317597,927,797,3401
11317607,828,799,3304
11317617,908,802,3414
11317627,876,804,3438
11317638,869,806,3439
11317648,844,808,3364
11317658,854,810,3318
11317668,822,810,3319
11317678,765,808,3316
RIM
11317699,822,804,69
11317709,795,804,69
11317719,813,804,70
11317729,803,804,68
11317739,805,804,67
11317750,811,804,66
11317760,792,804,68
11317770,808,804,68
11317780,806,804,67
11317790,801,804,64
11317801,812,804,64
11317811,793,804,66
11317821,808,804,66
11317831,809,804,66
11317841,795,804,64
11317852,811,804,64
11317862,797,804,65
11317872,807,804,64
11317882,811,804,64
11317892,793,804,64
11317902,811,804,65
11317913,800,804,64
11317923,806,804,63
11317933,812,804,62
11317943,793,804,63
11317953,811,804,64
11317964,805,804,63
11317974,802,804,59
11317984,814,804,60
11317994,795,804,62
11318004,810,804,62
11318015,810,804,61
11318025,797,804,59
11318035,812,804,59
11318045,796,804,60
11318055,806,804,60
11318065,813,804,60
11318076,795,804,60
11318086,812,804,60
11318096,802,804,60
11318106,805,804,58
11318116,811,804,58
11318127,792,804,59
11318137,813,804,60
11318147,807,804,59
11318157,801,804,56
11318167,811,804,56
11318178,794,804,58
11318188,809,804,58
11318198,812,804,58
11318208,797,804,56
11318218,813,804,57
11318228,798,804,57
11318239,808,804,57
11318249,812,804,56
11318259,793,804,56
11318269,811,804,57
11318279,802,804,56
11318290,807,805,53
11318300,813,805,54
OSM
11318321,612,610,8
11318331,612,610,8
11318341,608,610,8
11318351,614,610,8
11318361,606,609,9
11318372,609,610,8
11318382,613,610,8
11318392,607,610,8
11318402,613,610,8
11318412,608,609,9
11318423,608,610,8
11318433,611,609,9
11318443,605,609,9
11318453,613,610,8
11318463,610,609,9
11318474,609,609,9
11318484,612,609,9
11318494,606,609,9
11318504,611,609,9
11318514,612,609,9
11318524,608,609,8
11318535,612,609,8
11318545,605,609,8
11318555,611,609,8
11318565,613,609,8
11318575,608,609,8
11318586,612,609,8
11318596,607,609,8
11318606,610,609,8
11318616,613,609,8
11318626,606,609,8
11318636,612,609,8
11318647,609,609,8
11318657,608,609,8
11318667,613,609,8
11318677,607,609,8
11318687,612,609,8
11318698,610,609,7
11318708,607,609,7
11318718,613,609,7
11318728,608,609,7
11318738,611,609,7
11318748,611,609,7
11318759,606,609,7
11318769,613,609,7
11318779,607,609,7
11318789,611,609,7
11318799,613,609,7
11318810,605,609,7
11318820,612,609,8
11318830,608,609,7
11318840,611,609,7
11318850,613,609,7
11318860,605,609,8
11318871,610,609,8
11318881,609,609,7
11318891,608,609,7
11318901,613,609,7
11318911,607,609,7
11318922,609,609,7
SIM
11318942,693,808,3452
11318952,749,808,3378
11318962,738,808,3427
11318972,750,808,3440
11318983,757,806,3451
11318993,788,804,3350
11319003,793,804,3313
11319013,884,804,3356
11319023,874,805,3433
11319034,870,806,3497
11319044,876,809,3525
11319054,862,811,3418
11319064,844,812,3383
11319074,770,812,3408
11319085,752,810,3444
11319095,735,807,3344
11319105,736,806,3405
11319115,732,803,3428
11319125,804,803,3426
11319136,886,804,3537
11319146,884,806,3618
11319156,873,807,3690
11319166,821,808,3689
11319176,786,808,3654
11319187,748,809,3629
11319197,721,808,3700
11319207,739,808,3629
11319217,746,808,3625
11319227,809,809,3622
11319237,881,810,3705
11319248,917,810,3746
11319258,848,809,3693
11319268,899,810,3765
11319278,884,810,3796
11319288,859,811,3830
11319299,842,812,3838
11319309,786,813,3788
11319319,828,814,3677
11319329,805,815,3646
11319339,741,814,3724
11319350,737,811,3710
11319360,711,809,3811
11319370,750,807,3814
11319380,780,806,3797
11319390,825,806,3789
11319401,897,809,3885
11319411,879,811,3908
11319421,868,813,3810
11319431,839,815,3742
11319441,793,815,3729
11319452,757,813,3765
11319462,738,810,3638
11319472,740,809,3714
11319482,766,807,3577
11319492,815,805,3499
11319503,893,806,3558
11319513,883,807,3632
11319523,861,807,3644
11319533,851,807,3672
11319543,791,808,3646
RIM
11319564,816,804,52
11319574,803,805,49
11319584,814,805,49
11319594,795,804,52
11319604,810,805,51
11319615,809,805,51
11319625,798,805,49
11319635,811,805,50
11319645,797,805,51
11319655,808,805,50
11319665,813,805,51
11319676,796,805,50
11319686,813,805,51
11319696,801,805,51
11319706,804,805,49
11319716,812,805,49
11319727,792,805,51
11319737,814,805,52
11319747,804,805,52
11319757,802,805,49
11319767,812,805,50
11319778,794,805,51
11319788,809,805,51
11319798,810,805,51
11319808,798,805,49
11319818,813,805,50
11319828,797,805,51
11319839,808,805,51
11319849,811,805,50
11319859,794,805,51
11319869,812,805,51
11319879,800,805,51
11319890,807,805,50
11319900,813,805,50
11319910,791,805,52
11319920,810,805,53
11319930,804,805,51
11319941,802,805,50
11319951,812,805,50
11319961,793,805,52
11319971,810,805,53
11319981,808,805,52
11319991,797,805,50
11320002,813,805,50
11320012,797,805,51
11320022,808,805,51
11320032,812,805,52
11320042,795,805,51
11320053,809,805,51
11320063,800,805,51
11320073,806,805,50
11320083,813,805,50
11320093,793,805,51
11320104,810,805,52
11320114,804,805,51
11320124,802,805,49
11320134,811,805,49
11320144,794,805,50
11320154,811,805,51
11320165,809,805,50
OSM
11320185,614,609,7
11320195,608,609,7
11320205,612,609,7
11320216,613,609,7
11320226,605,609,7
11320236,611,609,7
11320246,607,609,7
11320256,610,609,7
11320267,612,609,7
11320277,606,609,7
11320287,611,609,7
11320297,609,609,7
11320307,610,609,7
11320317,613,609,7
11320328,606,609,7
11320338,610,609,7
11320348,611,609,7
11320358,607,609,7
11320368,614,609,7
11320379,607,609,7
11320389,610,609,7
11320399,613,609,7
11320409,607,609,7
11320419,614,609,7
11320430,608,609,7
11320440,609,609,7
11320450,612,609,7
11320460,606,609,7
11320470,613,609,7
11320480,610,609,7
11320491,610,609,7
11320501,613,609,7
11320511,605,609,7
11320521,611,609,7
11320531,612,609,7
11320542,608,609,7
11320552,612,609,7
11320562,606,609,7
11320572,610,609,7
11320582,614,609,7
11320592,607,609,8
11320603,613,609,8
11320613,608,609,8
11320623,609,609,8
11320633,612,609,7
11320643,606,609,7
11320654,613,609,8
11320664,610,609,7
11320674,608,609,7
11320684,612,609,7
11320694,606,609,7
11320704,611,609,7
11320715,612,609,7
11320725,609,609,7
11320735,614,609,7
11320745,607,609,7
11320755,609,609,7
11320766,613,609,7
11320776,608,609,7
11320786,612,609,7
SIM
11320806,718,808,3560
11320816,744,808,3571
11320827,725,808,3604
11320837,793,808,3552
11320847,811,809,3506
11320857,859,810,3537
11320867,876,812,3599
11320878,854,811,3543
11320888,857,811,3512
11320898,840,811,3468
11320908,775,809,3417
11320918,763,807,3404
11320929,739,806,3458
11320939,738,805,3513
11320949,805,806,3465
11320959,841,808,3397
11320969,885,810,3403
11320980,878,813,3369
11320990,821,813,3369
11321000,810,812,3279
11321010,880,811,3271
11321020,871,811,3267
11321031,834,812,3273
11321041,783,812,3275
11321051,746,812,3280
11321061,853,814,3165
11321071,812,815,3069
11321082,771,815,3022
11321092,718,814,3178
11321102,737,812,3198
11321112,745,809,3081
11321122,730,807,3156
11321133,759,804,3049
11321143,723,802,3049
11321153,806,801,2994
11321163,752,799,3005
11321173,795,799,3003
11321183,902,801,3161
11321194,883,802,3271
11321204,884,804,3314
11321214,895,807,3365
11321224,802,808,3209
11321234,807,809,3150
11321245,786,810,3144
11321255,738,808,3225
11321265,742,806,3161
11321275,731,803,3160
11321285,775,801,3103
11321296,793,801,3080
11321306,880,802,3181
11321316,895,804,3283
11321326,851,806,3240
11321336,821,808,3166
11321347,811,808,3137
11321357,734,807,3228
11321367,723,804,3218
11321377,740,802,3179
11321387,767,800,3141
11321398,850,800,3139
11321408,857,801,3189
RIM
11321428,809,804,49
11321438,812,805,49
11321448,810,805,48
11321459,799,805,47
11321469,812,805,48
11321479,798,804,49
11321489,807,805,47
11321499,812,805,48
11321510,795,805,48
11321520,813,805,49
11321530,801,804,49
11321540,806,805,47
11321550,811,805,46
11321560,792,804,50
11321571,810,805,49
11321581,805,804,49
11321591,803,805,46
11321601,812,805,45
11321611,794,804,48
11321622,809,805,47
11321632,808,804,48
11321642,798,805,46
11321652,814,805,47
11321662,797,804,48
11321673,806,805,47
11321683,812,805,46
11321693,795,804,48
11321703,810,805,47
11321713,800,804,48
11321723,806,805,45
11321734,813,805,45
11321744,792,804,48
11321754,810,804,49
11321764,806,804,48
11321774,802,805,44
11321785,812,805,44
11321795,795,804,47
11321805,809,805,46
11321815,810,805,46
11321825,798,805,44
11321836,812,805,44
11321846,797,804,46
11321856,807,805,44
11321866,812,805,44
11321876,795,805,45
11321886,813,805,46
11321897,799,804,46
11321907,806,805,44
11321917,812,805,44
11321927,793,805,46
11321937,812,805,47
11321948,806,805,46
11321958,802,805,44
11321968,811,805,44
11321978,794,805,46
11321988,809,805,46
11321999,810,805,46
11322009,797,805,45
11322019,813,805,45
11322029,798,805,46
OSM
11322050,615,609,8
11322060,607,609,8
11322070,612,609,8
11322080,609,609,7
11322091,610,609,7
11322101,612,610,6
11322111,605,609,7
11322121,611,609,8
11322131,610,609,7
11322141,609,610,6
11322152,614,610,6
11322162,606,610,7
11322172,610,610,7
11322182,612,609,8
11322192,609,610,6
11322203,613,610,7
11322213,608,610,7
11322223,610,610,6
11322233,612,610,6
11322243,606,610,6
11322253,613,610,7
11322264,609,610,6
11322274,608,610,6
11322284,612,610,6
11322294,608,610,6
11322304,613,610,6
11322315,610,610,6
11322325,607,610,6
11322335,611,610,6
11322345,605,609,7
11322355,611,609,7
11322365,612,609,7
11322376,607,609,7
11322386,611,609,7
11322396,607,609,7
11322406,611,609,7
11322416,614,609,7
11322427,606,609,7
11322437,611,609,7
11322447,608,609,7
11322457,608,609,7
11322467,613,609,7
11322477,606,609,7
11322488,612,609,7
11322498,610,609,7
11322508,607,609,7
11322518,612,609,7
11322528,607,609,7
11322539,611,609,7
11322549,611,609,7
11322559,606,609,7
11322569,612,609,7
11322579,607,609,7
11322590,611,609,7
11322600,612,609,7
11322610,605,609,7
11322620,611,609,7
11322630,607,609,7
11322640,609,609,7
11322651,613,609,7
SIM
11322671,729,802,3160
11322681,759,802,3135
11322691,707,802,3186
11322701,751,801,3228
11322712,770,800,3242
11322722,839,800,3210
11322732,883,800,3228
11322742,869,800,3259
11322752,871,800,3289
11322763,873,801,3349
11322773,821,802,3343
11322783,810,803,3318
11322793,733,802,3332
11322803,743,803,3321
11322814,749,802,3368
11322824,736,800,3413
11322834,793,798,3292
11322844,852,798,3234
11322854,899,799,3393
11322865,898,801,3550
11322875,828,800,3458
11322885,823,799,3382
11322895,761,798,3386
11322905,738,797,3442
11322916,744,797,3445
11322926,736,795,3453
11322936,799,795,3448
11322946,736,794,3497
11322956,797,796,3397
11322967,899,798,3509
11322977,850,800,3501
11322987,868,802,3490
11322997,879,804,3551
11323007,811,806,3437
11323017,811,806,3438
11323028,764,806,3418
11323038,746,805,3477
11323048,718,802,3441
11323058,734,800,3405
11323068,774,798,3296
11323079,792,796,3138
11323089,884,797,3264
11323099,891,799,3404
11323109,840,800,3428
11323119,840,801,3387
11323130,814,803,3328
11323140,748,803,3292
11323150,751,803,3324
11323160,700,801,3497
11323170,745,799,3442
11323181,818,797,3294
11323191,876,798,3348
11323201,888,799,3472
11323211,885,800,3590
11323221,882,803,3620
11323232,896,806,3648
11323242,814,807,3575
11323252,811,808,3547
11323262,823,807,3522
11323272,755,805,3525
RIM
11323293,816,805,48
11323303,814,805,48
11323313,800,805,48
11323323,807,805,48
11323333,811,805,47
11323344,795,805,48
11323354,811,805,49
11323364,802,804,49
11323374,804,805,46
11323384,811,805,46
11323395,794,804,49
11323405,810,805,48
11323415,807,804,49
11323425,800,805,45
11323435,810,805,45
11323445,794,804,48
11323456,809,805,47
11323466,811,805,47
11323476,797,805,46
11323486,811,805,47
11323496,796,804,49
11323507,806,805,47
11323517,812,804,47
11323527,795,804,48
11323537,811,805,48
11323547,802,804,48
11323557,805,805,45
11323568,811,805,46
11323578,790,804,50
11323588,809,804,50
11323598,808,804,49
11323608,800,804,47
11323619,813,805,46
11323629,794,804,49
11323639,809,804,49
11323649,809,804,49
11323659,798,804,48
11323670,813,805,48
11323680,797,804,49
11323690,806,804,49
11323700,811,804,48
11323710,793,804,50
11323720,811,804,50
11323731,801,804,49
11323741,804,804,48
11323751,811,804,47
11323761,792,804,49
11323771,809,804,50
11323782,806,804,49
11323792,801,804,47
11323802,812,804,47
11323812,795,804,48
11323822,808,804,48
11323833,809,804,48
11323843,795,804,48
11323853,810,804,48
11323863,797,804,48
11323873,807,804,47
11323883,813,804,47
11323894,793,804,49
OSM
11323915,611,609,6
11323925,609,609,6
11323935,614,609,6
11323945,607,609,6
11323955,611,609,6
11323966,610,609,6
11323976,608,609,6
11323986,614,609,6
11323996,608,609,6
11324006,611,609,7
11324017,610,609,6
11324027,607,609,6
11324037,612,609,6
11324047,608,609,6
11324057,610,609,6
11324068,613,609,6
11324078,605,609,6
11324088,611,609,6
11324098,608,609,6
11324108,610,609,6
11324118,613,609,6
11324129,607,609,6
11324139,610,609,6
11324149,611,609,6
11324159,608,609,6
11324169,613,609,6
11324180,607,609,6
11324190,610,609,6
11324200,613,609,6
11324210,608,609,6
11324220,613,609,6
11324230,608,609,6
11324241,609,609,6
11324251,613,609,6
11324261,606,609,6
11324271,612,609,6
11324281,609,609,6
11324292,607,609,6
11324302,611,609,6
11324312,607,609,6
11324322,612,609,6
11324332,611,609,6
11324342,608,609,6
11324353,611,609,6
11324363,606,609,6
11324373,611,609,6
11324383,614,609,6
11324393,606,609,6
11324404,612,609,6
11324414,607,609,6
11324424,610,609,6
11324434,614,609,6
11324444,605,609,7
11324454,611,609,7
11324465,608,609,6
11324475,608,609,6
11324485,613,609,6
11324495,607,609,6
11324505,611,609,6
11324516,609,609,6
SIM
11324536,718,805,3554
11324546,744,805,3581
11324556,756,806,3460
11324566,851,807,3440
11324577,855,809,3450
11324587,882,810,3523
11324597,868,809,3491
11324607,819,809,3432
11324617,810,807,3368
11324628,728,805,3398
11324638,741,804,3461
11324648,760,803,3493
11324658,724,803,3515
11324668,720,802,3571
11324679,742,802,3584
11324689,788,803,3512
11324699,896,805,3650
11324709,765,803,3639
11324719,870,803,3560
11324730,890,803,3536
11324740,858,803,3576
11324750,851,804,3606
11324760,809,805,3575
11324770,811,806,3499
11324781,755,806,3478
11324791,738,806,3474
11324801,744,805,3537
11324811,730,805,3551
11324821,800,805,3551
11324831,922,805,3632
11324842,879,806,3687
11324852,877,806,3707
11324862,859,806,3665
11324872,819,806,3668
11324882,794,806,3670
11324893,723,805,3755
11324903,738,805,3772
11324913,740,805,3716
11324923,755,805,3674
11324933,841,807,3675
11324944,877,808,3751
11324954,871,808,3721
11324964,871,807,3673
11324974,891,808,3770
11324984,871,809,3817
11324995,824,809,3821
11325005,807,810,3757
11325015,758,810,3744
11325025,766,811,3572
11325035,747,811,3568
11325046,730,810,3676
11325056,740,807,3682
11325066,807,806,3573
11325076,793,805,3471
11325086,889,805,3489
11325097,884,804,3456
11325107,859,805,3503
11325117,853,806,3538
11325127,793,805,3537
11325137,750,805,3546
RIM
11325158,823,804,52
11325168,815,804,53
11325178,795,804,54
11325188,812,804,55
11325198,806,804,54
11325209,804,804,53
11325219,812,804,53
11325229,792,804,55
11325239,811,804,56
11325249,810,804,56
11325259,801,804,54
11325270,814,804,55
11325280,795,804,57
11325290,807,804,57
11325300,812,804,57
11325310,795,804,57
11325321,812,804,57
11325331,799,804,57
11325341,805,804,56
11325351,812,804,56
11325361,792,804,58
11325372,810,804,58
11325382,805,804,57
11325392,803,804,56
11325402,811,804,56
11325412,793,804,58
11325422,810,804,58
11325433,808,804,58
11325443,799,804,55
11325453,813,805,55
11325463,796,804,57
11325473,810,804,57
11325484,812,804,57
11325494,795,804,56
11325504,811,805,56
11325514,798,804,57
11325524,805,804,56
11325535,813,804,56
11325545,793,804,58
11325555,810,804,58
11325565,803,804,57
11325575,803,804,55
11325585,812,805,55
11325596,794,804,57
11325606,811,805,57
11325616,809,804,58
11325626,799,805,54
11325636,811,805,55
11325647,795,804,57
11325657,807,805,56
11325667,813,805,56
11325677,796,805,56
11325687,811,805,57
11325697,799,804,58
11325708,805,805,55
11325718,811,805,55
11325728,793,805,57
11325738,812,805,58
11325748,804,805,57
11325759,804,805,54
OSM
11325780,607,609,6
11325790,612,609,6
11325800,613,609,6
11325810,607,609,6
11325820,612,609,6
11325831,608,609,6
11325841,610,609,6
11325851,614,609,6
11325861,607,609,6
11325871,612,609,6
11325882,607,609,6
11325892,610,609,6
11325902,613,609,7
11325912,607,609,7
11325922,612,609,7
11325933,609,609,6
11325943,606,609,6
11325953,613,609,7
11325963,606,609,7
11325973,611,609,7
11325983,611,609,6
11325994,605,609,7
11326004,613,609,7
11326014,607,609,7
11326024,612,609,7
11326034,614,609,7
11326045,605,609,7
11326055,612,609,8
11326065,609,609,7
11326075,609,609,7
11326085,613,609,7
11326095,605,609,8
11326106,611,609,8
11326116,610,609,7
11326126,608,609,7
11326136,613,609,7
11326146,607,609,7
11326157,611,609,7
11326167,611,609,7
11326177,606,609,7
11326187,613,609,8
11326197,608,609,8
11326207,610,609,8
11326218,612,609,8
11326228,606,609,8
11326238,612,609,8
11326248,608,609,7
11326258,611,609,7
11326269,612,609,7
11326279,607,609,7
11326289,611,609,7
11326299,609,609,7
11326309,609,609,7
11326319,613,609,7
11326330,607,609,7
11326340,610,609,7
11326350,611,609,7
11326360,607,609,7
11326370,614,609,7
11326381,606,609,7
SIM
11326401,720,805,3540
11326411,717,805,3607
11326421,741,805,3636
11326431,821,804,3605
11326442,847,804,3592
11326452,903,804,3654
11326462,863,804,3644
11326472,837,805,3657
11326482,831,805,3668
11326493,788,806,3572
11326503,750,806,3554
11326513,720,805,3643
11326523,819,807,3531
11326533,813,809,3401
11326544,724,808,3447
11326554,741,808,3515
11326564,731,805,3477
11326574,781,805,3460
11326584,760,803,3422
11326595,715,800,3421
11326605,747,798,3411
11326615,776,797,3373
11326625,680,795,3597
11326635,758,794,3616
11326646,724,794,3672
11326656,820,795,3629
11326666,914,798,3811
11326676,753,798,3767
11326686,863,799,3835
11326697,892,799,3727
11326707,859,798,3681
11326717,883,799,3697
11326727,860,799,3699
11326737,875,799,3788
11326748,827,800,3799
11326758,785,801,3702
11326768,753,801,3674
11326778,714,801,3738
11326788,731,800,3786
11326799,743,799,3811
11326809,790,797,3711
11326819,902,798,3802
11326829,873,798,3807
11326839,869,798,3746
11326849,854,797,3710
11326860,801,797,3699
11326870,791,797,3697
11326880,746,796,3716
11326890,722,796,3793
11326900,762,796,3772
11326911,708,796,3828
11326921,814,797,3780
11326931,901,798,3956
11326941,860,800,4015
11326951,872,799,3970
11326962,823,798,3860
11326972,807,797,3800
11326982,769,796,3760
11326992,817,796,3768
11327002,809,797,3732
RIM
11327023,826,805,56
11327033,810,805,55
11327043,803,805,53
11327053,814,805,54
11327063,796,805,55
11327074,808,805,55
11327084,810,805,55
11327094,796,805,53
11327104,812,805,54
11327114,799,805,54
11327125,807,805,54
11327135,812,805,53
11327145,792,805,54
11327155,812,805,55
11327165,802,805,54
11327176,805,805,53
11327186,812,805,53
11327196,793,805,54
11327206,811,805,55
11327216,807,805,54
11327226,801,805,52
11327237,812,805,52
11327247,797,805,53
11327257,809,805,53
11327267,812,805,54
11327277,796,805,53
11327288,812,805,53
11327298,797,805,54
11327308,805,805,53
11327318,812,805,53
11327328,794,805,54
11327339,811,805,54
11327349,802,805,53
11327359,803,805,52
11327369,811,805,52
11327379,793,805,53
11327389,811,805,54
11327400,807,805,53
11327410,800,805,51
11327420,810,805,51
11327430,795,805,52
11327440,808,805,52
11327451,809,805,52
11327461,798,805,51
11327471,812,805,51
11327481,798,805,51
11327491,806,805,51
11327502,812,805,51
11327512,793,805,52
11327522,811,805,52
11327532,804,805,51
11327542,805,805,50
11327552,811,805,50
11327563,792,805,52
11327573,809,805,52
11327583,807,805,52
11327593,801,805,50
11327603,814,805,50
11327614,794,805,52
11327624,808,805,52
OSM
11327645,608,609,7
11327655,612,609,7
11327665,609,609,7
11327675,610,609,7
11327685,612,609,7
11327696,607,609,7
11327706,612,609,7
11327716,609,609,7
11327726,610,609,6
11327736,613,609,7
11327747,605,609,7
11327757,611,609,7
11327767,611,609,7
11327777,607,609,7
11327787,613,609,7
11327797,606,609,7
11327808,610,609,7
11327818,612,609,7
11327828,607,609,7
11327838,613,609,7
11327848,607,609,7
11327859,607,609,7
11327869,613,609,7
11327879,607,609,7
11327889,613,609,7
11327899,609,609,6
11327910,607,609,6
11327920,612,609,6
11327930,607,609,6
11327940,611,609,6
11327950,611,609,6
11327960,607,609,6
11327971,613,609,6
11327981,606,609,6
11327991,611,609,6
11328001,613,609,6
11328011,605,609,6
11328022,612,609,6
11328032,607,609,6
11328042,611,609,6
11328052,613,609,6
11328062,604,609,7
11328072,610,609,7
11328083,608,609,7
11328093,609,609,7
11328103,612,609,7
11328113,607,609,7
11328123,610,609,7
11328134,611,609,6
11328144,607,609,6
11328154,614,609,7
11328164,607,609,7
11328174,609,609,7
11328184,611,609,7
11328195,607,609,7
11328205,613,609,7
11328215,608,609,7
11328225,611,609,7
11328235,611,609,7
11328246,605,609,7
SIM
11328266,735,798,3697
11328276,727,798,3671
11328286,757,798,3645
11328296,801,798,3636
11328307,844,798,3632
11328317,914,798,3672
11328327,856,798,3658
11328337,901,799,3808
11328347,864,799,3861
11328358,871,801,3941
11328368,828,802,3908
11328378,778,803,3803
11328388,820,803,3804
11328398,763,802,3829
11328409,735,802,3803
11328419,738,802,3809
11328429,727,802,3819
11328439,761,802,3839
11328449,856,803,3855
11328460,871,806,3791
11328470,888,808,3837
11328480,859,810,3859
11328490,809,812,3571
11328500,781,812,3538
11328510,718,812,3557
11328521,729,811,3670
11328531,750,808,3549
11328541,764,808,3531
11328551,862,808,3529
11328561,864,808,3464
11328572,902,808,3568
11328582,874,808,3546
11328592,842,808,3521
11328602,910,809,3618
11328612,874,809,3683
11328623,875,811,3741
11328633,852,812,3710
11328643,785,814,3557
11328653,867,816,3484
11328663,818,817,3393
11328674,815,818,3379
11328684,754,815,3325
11328694,718,813,3422
11328704,795,811,3374
11328714,749,810,3406
11328725,729,808,3514
11328735,760,808,3547
11328745,751,808,3537
11328755,729,808,3518
11328765,821,809,3484
11328776,849,811,3333
11328786,891,813,3435
11328796,857,812,3338
11328806,871,812,3357
11328816,837,812,3308
11328827,780,811,3322
11328837,748,810,3388
11328847,734,809,3457
11328857,748,808,3518
11328867,773,807,3539
RIM
11328888,823,805,51
11328898,800,804,51
11328908,808,805,51
11328918,812,804,51
11328928,796,804,51
11328939,810,805,50
11328949,798,804,51
11328959,805,804,50
11328969,811,804,50
11328979,793,804,52
11328990,810,804,52
11329000,805,804,51
11329010,802,804,49
11329020,812,804,49
11329030,793,804,51
11329040,811,804,51
11329051,809,804,51
11329061,799,804,49
11329071,812,804,49
11329081,797,804,50
11329091,807,804,50
11329102,812,804,50
11329112,796,804,50
11329122,812,804,51
11329132,798,804,51
11329142,805,804,50
11329152,811,804,49
11329163,792,804,51
11329173,811,804,52
11329183,805,804,51
11329193,802,804,49
11329203,813,804,50
11329214,793,804,51
11329224,809,804,52
11329234,808,804,51
11329244,798,804,50
11329254,812,804,50
11329265,797,804,51
11329275,808,804,51
11329285,811,804,51
11329295,795,804,51
11329305,810,804,51
11329316,798,804,52
11329326,805,804,51
11329336,812,804,51
11329346,793,804,52
11329356,810,804,53
11329366,803,804,52
11329377,802,804,50
11329387,811,804,50
11329397,796,804,51
11329407,809,804,51
11329417,810,804,51
11329428,799,804,49
11329438,811,804,50
11329448,795,804,51
11329458,808,804,51
11329468,812,804,50
11329478,796,804,50
11329489,811,804,50
OSM
11329510,610,609,7
11329520,612,609,7
11329530,606,609,7
11329540,612,609,7
11329550,610,609,7
11329561,607,609,7
11329571,612,609,7
11329581,607,609,7
11329591,611,609,7
11329601,612,609,7
11329612,605,609,7
11329622,612,609,7
11329632,606,609,7
11329642,610,609,7
11329652,612,609,7
11329663,606,609,7
11329673,611,609,7
11329683,608,609,7
11329693,610,609,7
11329703,614,609,7
11329713,607,609,7
11329724,611,609,7
11329734,609,609,7
11329744,607,609,7
11329754,612,609,6
11329764,607,609,6
11329775,612,609,7
11329785,611,609,6
11329795,606,609,7
11329805,612,609,7
11329815,607,609,7
11329825,610,609,7
11329836,613,609,7
11329846,605,609,7
11329856,612,609,7
11329866,609,609,7
11329876,610,609,6
11329887,613,609,6
11329897,605,609,7
11329907,611,609,7
11329917,610,609,6
11329927,609,609,6
11329937,613,609,6
11329948,607,609,6
11329958,610,609,6
11329968,612,609,6
11329978,608,609,6
11329988,613,609,6
11329999,606,609,7
11330009,610,609,6
11330019,612,609,6
11330029,605,609,6
11330039,612,609,7
11330049,608,609,7
11330060,609,609,6
11330070,612,609,6
11330080,606,609,6
11330090,613,609,7
11330100,610,609,7
11330111,607,609,6
SIM
11330131,721,807,3576
11330141,750,808,3522
11330151,766,808,3508
11330161,793,808,3511
11330172,853,808,3523
11330182,901,808,3480
11330192,870,808,3506
11330202,900,808,3503
11330212,850,808,3480
11330223,868,808,3474
11330233,830,808,3475
11330243,794,808,3464
11330253,825,808,3466
11330263,737,807,3517
11330274,741,808,3502
11330284,718,807,3556
11330294,729,807,3551
11330304,746,807,3577
11330314,787,806,3544
11330325,868,806,3538
11330335,911,806,3609
11330345,849,806,3593
11330355,822,806,3597
11330365,809,807,3586
11330376,742,807,3524
11330386,738,807,3502
11330396,726,807,3557
11330406,764,807,3557
11330416,854,807,3544
11330426,883,807,3586
11330437,892,807,3556
11330447,856,807,3521
11330457,820,806,3504
11330467,916,806,3525
11330477,862,806,3500
11330488,881,806,3515
11330498,855,806,3519
11330508,808,807,3511
11330518,915,807,3645
11330529,861,808,3690
11330539,873,809,3757
11330549,845,811,3723
11330559,816,812,3577
11330569,804,812,3573
11330579,722,812,3642
11330590,741,812,3611
11330600,754,812,3622
11330610,746,812,3633
11330620,719,812,3662
11330630,735,810,3759
11330641,775,809,3755
11330651,885,809,3739
11330661,874,809,3771
11330671,891,810,3818
11330681,873,810,3872
11330692,863,812,3899
11330702,838,813,3840
11330712,748,813,3806
11330722,748,813,3806
11330732,712,812,3950
RIM
11330753,822,804,50
11330763,795,804,51
11330773,812,804,52
11330783,802,804,51
11330793,806,804,50
11330804,813,804,50
11330814,793,804,52
11330824,809,804,52
11330834,806,804,51
11330844,799,804,50
11330855,812,804,50
11330865,796,804,51
11330875,809,804,52
11330885,810,804,51
11330895,795,804,50
11330906,813,804,51
11330916,797,804,51
11330926,808,804,51
11330936,812,804,51
11330946,793,804,52
11330956,811,804,53
11330967,801,804,52
11330977,804,804,51
11330987,812,804,51
11330997,794,804,52
11331007,811,804,53
11331018,808,804,52
11331028,801,804,50
11331038,812,804,50
11331048,794,804,52
11331058,810,804,53
11331069,812,804,52
11331079,796,804,51
11331089,812,805,51
11331099,798,804,52
11331109,806,804,52
11331119,812,804,52
11331130,794,804,53
11331140,813,805,53
11331150,802,804,53
11331160,805,805,51
11331170,811,805,51
11331181,792,804,54
11331191,810,805,53
11331201,809,804,54
11331211,801,805,51
11331221,812,805,51
11331231,794,804,54
11331242,808,805,53
11331252,811,805,53
11331262,797,805,53
11331272,812,805,53
11331282,797,804,55
11331293,807,805,53
11331303,812,805,54
11331313,794,805,54
11331323,811,805,54
11331333,802,804,55
11331344,805,805,52
11331354,812,805,53
OSM
11331375,612,609,7
11331385,612,609,7
11331395,608,609,6
11331405,613,609,7
11331415,606,609,7
11331426,609,609,7
11331436,612,609,7
11331446,608,609,7
11331456,613,609,7
11331466,608,609,7
11331477,608,609,6
11331487,612,609,6
11331497,607,609,6
11331507,612,609,6
11331517,609,609,6
11331527,608,609,6
11331538,612,609,6
11331548,605,609,6
11331558,613,609,7
11331568,611,609,6
11331578,607,609,6
11331589,612,609,6
11331599,606,609,7
11331609,611,609,7
11331619,613,609,7
11331629,607,609,7
11331640,612,609,7
11331650,607,609,7
11331660,611,609,7
11331670,614,609,7
11331680,607,609,7
11331690,612,609,7
11331701,608,609,7
11331711,608,609,7
11331721,613,609,7
11331731,607,609,7
11331741,612,609,7
11331752,610,609,7
11331762,607,609,6
11331772,614,609,7
11331782,608,609,7
11331792,612,609,7
11331802,613,609,7
11331813,607,609,7
11331823,612,609,7
11331833,608,609,7
11331843,610,609,7
11331853,613,609,7
11331864,607,609,7
11331874,611,609,7
11331884,608,609,7
11331894,610,609,6
11331904,613,609,7
11331914,605,609,7
11331925,610,609,7
11331935,610,609,7
11331945,608,609,7
11331955,614,609,7
11331965,608,609,7
11331976,609,609,7
SIM
11331996,700,812,4021
11332006,744,812,4034
11332016,751,812,4061
11332026,725,811,4180
11332037,743,809,4225
11332047,703,805,4262
11332057,818,805,4195
11332067,803,803,4042
11332077,857,803,4054
11332088,907,804,4162
11332098,854,804,4193
11332108,861,805,4243
11332118,878,806,4323
11332128,795,807,4243
11332139,807,808,4168
11332149,751,809,4086
11332159,729,809,4086
11332169,771,809,4044
11332179,752,809,4090
11332190,832,808,4041
11332200,904,808,4017
11332210,866,808,4045
11332220,869,809,4102
11332230,804,809,4103
11332241,798,810,4028
11332251,769,810,3970
11332261,696,810,4069
11332271,755,810,4084
11332281,736,808,4140
11332292,816,807,4046
11332302,897,807,4061
11332312,869,807,4085
11332322,872,808,4151
11332332,905,808,4113
11332342,873,808,4135
11332353,882,808,4138
11332363,826,807,4107
11332373,810,807,4107
11332383,832,806,3923
11332393,797,805,3873
11332404,778,803,3807
11332414,722,801,3886
11332424,723,800,3983
11332434,758,799,4012
11332444,736,799,3979
11332455,771,800,3935
11332465,856,801,3949
11332475,880,804,3994
11332485,891,806,3992
11332495,840,808,3920
11332506,837,809,3914
11332516,808,808,3818
11332526,740,806,3819
11332536,754,803,3740
11332546,722,801,3765
11332557,725,799,3793
11332567,828,798,3783
11332577,886,801,3860
11332587,872,803,3892
11332597,856,805,3794
RIM
11332618,817,805,50
11332628,805,805,48
11332638,813,805,49
11332648,795,805,50
11332658,810,805,51
11332669,809,805,50
11332679,800,805,48
11332689,812,805,48
11332699,797,805,49
11332709,810,805,49
11332719,812,805,49
11332730,796,805,49
11332740,812,805,50
11332750,798,805,50
11332760,806,805,49
11332770,812,805,48
11332781,794,805,49
11332791,811,805,50
11332801,803,805,49
11332811,803,805,47
11332821,812,805,47
11332832,793,805,49
11332842,812,805,50
11332852,809,805,49
11332862,798,805,48
11332872,812,805,48
11332882,796,805,49
11332893,808,805,49
11332903,811,805,49
11332913,796,805,48
11332923,812,805,49
11332933,801,805,48
11332944,805,805,47
11332954,811,805,47
11332964,792,805,49
11332974,810,805,49
11332984,804,805,48
11332995,804,805,46
11333005,812,805,46
11333015,792,805,49
11333025,808,805,49
11333035,808,805,48
11333045,801,805,46
11333056,814,805,47
11333066,795,805,48
11333076,808,805,48
11333087,812,805,48
11333097,796,805,47
11333107,812,805,48
11333117,800,805,48
11333127,804,805,47
11333138,811,805,47
11333148,792,805,48
11333158,812,805,49
11333168,808,805,49
11333178,803,805,47
11333188,811,805,47
11333199,793,805,49
11333209,809,805,49
11333219,810,805,49
OSM
11333240,614,609,7
11333250,608,609,7
11333260,611,609,7
11333270,613,609,7
11333281,607,609,7
11333291,612,609,7
11333301,608,609,7
11333311,609,609,7
11333321,612,609,7
11333331,607,609,7
11333342,613,609,7
11333352,610,609,7
11333362,606,609,7
11333372,611,609,7
11333382,607,609,7
11333393,612,609,7
11333403,612,609,7
11333413,606,609,7
11333423,611,609,7
11333433,607,609,7
11333443,611,609,7
11333454,613,609,7
11333464,607,609,7
11333474,611,609,7
11333484,607,609,7
11333494,610,609,6
11333505,613,609,7
11333515,606,609,7
11333525,612,609,7
11333535,609,609,6
11333545,608,609,6
11333555,614,609,7
11333566,608,609,7
11333576,613,609,7
11333586,610,609,7
11333596,606,609,7
11333606,613,609,7
11333617,608,609,7
11333627,610,609,7
11333637,612,609,6
11333647,606,609,7
11333657,611,609,7
11333668,608,609,6
11333678,610,609,6
11333688,614,609,6
11333698,606,609,7
11333708,611,609,7
11333718,609,609,6
11333729,609,609,6
11333739,613,609,7
11333749,606,609,7
11333759,611,609,7
11333769,611,609,7
11333780,607,609,6
11333790,614,609,7
11333800,608,609,7
11333810,610,609,7
11333820,612,609,6
11333830,607,609,6
11333841,612,609,7
SIM
11333861,715,805,3745
11333871,747,805,3739
11333881,809,806,3688
11333892,797,808,3576
11333902,779,808,3519
11333912,696,808,3545
11333922,748,807,3603
11333932,722,806,3722
11333943,814,805,3680
11333953,901,805,3660
11333963,858,805,3667
11333973,877,805,3701
11333983,888,805,3727
11333993,870,807,3791
11334004,845,807,3816
11334014,790,808,3766
11334024,746,808,3726
11334034,765,808,3734
11334044,734,808,3773
11334055,733,806,3856
11334065,731,803,3785
11334075,794,802,3720
11334085,876,802,3736
11334095,864,803,3798
11334106,884,805,3903
11334116,876,806,3963
11334126,819,808,3756
11334136,807,809,3707
11334146,728,809,3728
11334157,720,807,3859
11334167,762,805,3756
11334177,782,804,3697
11334187,879,804,3713
11334197,852,803,3582
11334208,867,803,3568
11334218,862,803,3522
11334228,809,802,3515
11334238,761,801,3543
11334248,824,801,3535
11334259,802,801,3535
11334269,762,801,3552
11334279,720,801,3557
11334289,753,802,3493
11334299,717,801,3581
11334309,750,801,3554
11334320,775,801,3550
11334330,833,801,3517
11334340,891,801,3548
11334350,893,801,3554
11334360,868,802,3602
11334371,874,802,3668
11334381,802,802,3667
11334391,799,803,3601
11334401,773,803,3576
11334411,703,803,3634
11334422,748,803,3583
11334432,718,802,3692
11334442,813,800,3576
11334452,913,801,3700
11334462,845,801,3682
RIM
11334483,812,805,47
11334493,811,805,48
11334503,811,805,47
11334513,798,805,46
11334523,813,805,47
11334534,797,805,48
11334544,806,805,47
11334554,811,805,47
11334564,794,805,48
11334574,813,805,49
11334585,803,805,48
11334595,805,805,47
11334605,811,805,46
11334615,792,805,48
11334625,810,805,49
11334636,807,805,48
11334646,802,805,46
11334656,812,805,46
11334666,795,805,48
11334676,810,805,48
11334686,812,805,48
11334697,795,805,48
11334707,812,805,48
11334717,799,805,48
11334727,809,805,47
11334737,813,805,48
11334748,794,805,48
11334758,812,805,49
11334768,800,805,49
11334778,806,805,48
11334788,812,805,48
11334799,792,805,50
11334809,811,805,51
11334819,806,805,50
11334829,801,805,48
11334839,812,805,48
11334849,795,805,50
11334860,810,805,50
11334870,810,805,50
11334880,798,805,48
11334890,812,805,48
11334900,797,805,49
11334911,806,805,49
11334921,813,805,49
11334931,795,805,49
11334941,811,805,49
11334951,802,805,48
11334961,804,805,47
11334972,812,805,47
11334982,793,805,49
11334992,811,805,50
11335002,806,805,49
11335012,801,805,47
11335023,812,805,47
11335033,794,805,48
11335043,810,805,49
11335053,810,805,49
11335063,799,805,47
11335074,812,805,47
11335084,797,805,48
OSM
11335105,614,609,7
11335115,606,609,7
11335125,614,609,7
11335135,611,609,7
11335145,608,609,7
11335156,612,609,7
11335166,606,609,7
11335176,611,609,7
11335186,612,609,7
11335196,610,609,7
11335207,611,609,7
11335217,606,609,7
11335227,610,609,7
11335237,614,609,7
11335247,609,609,7
11335258,613,609,7
11335268,607,609,7
11335278,610,609,7
11335288,613,610,6
11335298,607,610,6
11335308,613,610,6
11335319,609,609,7
11335329,608,609,7
11335339,613,610,6
11335349,607,610,6
11335359,612,610,6
11335370,611,610,6
11335380,608,610,6
11335390,613,610,6
11335400,606,610,6
11335410,611,610,6
11335420,612,610,6
11335431,607,610,6
11335441,612,610,6
11335451,607,609,7
11335461,610,610,6
11335471,614,610,6
11335482,606,610,6
11335492,612,610,6
11335502,608,609,7
11335512,610,610,6
11335522,613,610,6
11335532,607,610,6
11335543,612,610,6
11335553,610,610,6
11335563,607,610,6
11335573,614,610,6
11335583,607,610,6
11335594,611,610,6
11335604,611,610,6
11335614,607,610,6
11335624,614,610,6
11335634,608,610,6
11335644,610,610,6
11335655,613,610,6
11335665,605,610,6
11335675,613,610,7
11335685,610,610,7
11335695,609,610,6
11335706,613,610,7
SIM
11335726,711,801,3694
11335736,775,801,3656
11335746,742,800,3714
11335756,819,801,3719
11335767,852,802,3752
11335777,894,805,3694
11335787,876,807,3717
11335797,835,809,3603
11335807,816,809,3604
11335818,807,808,3462
11335828,756,806,3463
11335838,734,803,3462
11335848,722,801,3447
11335858,773,799,3379
11335869,899,800,3509
11335879,883,802,3618
11335889,868,804,3634
11335899,841,805,3630
11335909,896,808,3675
11335920,881,810,3664
11335930,805,811,3558
11335940,805,811,3554
11335950,744,809,3557
11335960,740,807,3584
11335971,750,805,3537
11335981,707,802,3608
11335991,738,801,3671
11336001,811,801,3672
11336011,825,802,3590
11336021,905,806,3638
11336032,867,807,3666
11336042,879,809,3736
11336052,847,808,3679
11336062,794,807,3651
11336072,762,806,3624
11336083,736,804,3649
11336093,734,802,3730
11336103,757,802,3735
11336113,793,802,3729
11336123,893,803,3864
11336134,893,805,3964
11336144,873,808,3909
11336154,865,810,3907
11336164,796,811,3764
11336174,800,812,3702
11336185,755,812,3734
11336195,705,809,3914
11336205,754,807,3851
11336215,781,805,3739
11336225,721,803,3788
11336236,838,802,3724
11336246,876,804,3812
11336256,875,805,3894
11336266,872,806,3949
11336276,874,809,3835
11336287,857,811,3805
11336297,802,813,3658
11336307,785,812,3671
11336317,754,809,3554
11336327,716,807,3675
RIM
11336348,816,805,49
11336358,814,805,50
11336368,801,805,50
11336378,808,805,49
11336388,814,805,49
11336399,796,805,50
11336409,810,805,50
11336419,803,805,49
11336429,803,805,47
11336439,812,805,47
11336449,794,805,49
11336460,812,805,50
11336470,808,805,49
11336480,799,805,47
11336490,812,805,48
11336500,796,805,49
11336511,808,805,49
11336521,812,805,49
11336531,796,805,49
11336541,814,805,50
11336551,799,805,49
11336562,806,805,48
11336572,811,805,47
11336582,794,805,49
11336592,811,805,49
11336602,802,805,48
11336612,804,805,46
11336623,813,805,47
11336633,794,805,48
11336643,811,805,49
11336653,810,805,48
11336663,801,805,46
11336674,812,805,46
11336684,795,805,48
11336694,808,805,48
11336704,811,805,47
11336714,798,805,46
11336724,813,805,47
11336735,799,805,47
11336745,806,805,47
11336755,812,805,47
11336765,792,805,48
11336775,811,805,49
11336786,803,805,48
11336796,805,805,46
11336806,812,805,46
11336816,792,805,49
11336826,810,805,49
11336837,807,805,49
11336847,799,805,47
11336857,813,805,47
11336867,796,805,49
11336877,809,805,49
11336888,811,805,49
11336898,795,805,48
11336908,811,805,48
11336918,799,805,49
11336928,809,805,48
11336938,813,805,48
11336949,794,805,49
OSM
11336969,609,610,6
11336979,610,610,6
11336989,614,610,6
11337000,607,610,6
11337010,612,610,6
11337020,611,610,6
11337030,608,610,6
11337040,612,610,6
11337051,607,610,6
11337061,612,610,6
11337071,613,610,6
11337081,605,610,6
11337091,613,610,7
11337101,607,610,6
11337112,610,610,6
11337122,613,610,6
11337132,606,610,7
11337142,611,610,7
11337152,608,609,7
11337163,610,610,6
11337173,613,610,6
11337183,606,609,7
11337193,612,610,7
11337203,610,609,7
11337213,608,610,6
11337224,614,610,7
11337234,607,609,8
11337244,610,610,7
11337254,610,609,7
11337264,606,609,7
11337275,614,610,7
11337285,608,609,8
11337295,610,609,7
11337305,613,610,7
11337315,605,609,8
11337326,613,610,7
11337336,610,609,8
11337346,611,610,7
11337356,612,610,7
11337366,606,610,7
11337376,612,610,7
11337387,612,610,7
11337397,608,610,7
11337407,612,610,7
11337417,605,609,8
11337427,610,610,7
11337438,612,609,8
11337448,607,609,8
11337458,612,609,8
11337468,607,609,8
11337478,609,609,8
11337488,613,609,7
11337499,607,609,8
11337509,613,609,8
11337519,609,609,8
11337529,609,609,7
11337539,612,609,7
11337550,605,609,7
11337560,613,609,8
11337570,611,609,7
SIM
11337590,721,807,3645
11337600,744,807,3694
11337611,738,807,3703
11337621,818,807,3703
11337631,860,807,3716
11337641,895,807,3719
11337651,840,806,3658
11337662,878,807,3728
11337672,881,808,3816
11337682,841,809,3833
11337692,813,810,3785
11337702,875,812,3753
11337713,812,814,3614
11337723,786,814,3599
11337733,728,811,3595
11337743,725,808,3627
11337753,755,806,3614
11337764,732,805,3684
11337774,817,803,3547
11337784,881,803,3547
11337794,868,804,3615
11337804,882,806,3712
11337814,803,807,3647
11337825,818,808,3572
11337835,754,808,3565
11337845,737,808,3479
11337855,744,809,3464
11337865,730,807,3567
11337876,772,806,3583
11337886,875,806,3499
11337896,882,806,3533
11337906,885,806,3548
11337916,851,806,3554
11337927,845,807,3575
11337937,816,808,3540
11337947,734,808,3545
11337957,734,808,3545
11337967,771,808,3525
11337978,734,807,3613
11337988,745,805,3550
11337998,722,802,3529
11338008,795,801,3445
11338018,733,798,3450
11338029,782,798,3454
11338039,900,800,3622
11338049,866,802,3656
11338059,867,804,3563
11338069,893,807,3643
11338080,816,807,3633
11338090,782,808,3518
11338100,742,807,3575
11338110,703,804,3668
11338120,772,802,3600
11338130,767,800,3538
11338141,819,799,3453
11338151,891,800,3536
11338161,863,801,3600
11338171,892,803,3729
11338181,802,804,3688
11338192,816,805,3559
RIM
11338212,824,805,53
11338222,815,805,54
11338232,794,805,55
11338243,812,805,56
11338253,803,805,55
11338263,804,805,54
11338273,813,805,54
11338283,793,805,56
11338293,810,805,57
11338304,809,805,56
11338314,802,805,54
11338324,812,805,54
11338334,794,805,56
11338344,809,805,56
11338355,809,805,55
11338365,797,805,55
11338375,811,805,56
11338385,798,805,56
11338395,808,805,54
11338406,812,805,54
11338416,792,805,56
11338426,810,805,56
11338436,801,805,56
11338446,804,805,54
11338456,814,805,55
11338467,794,805,57
11338477,811,805,57
11338487,806,805,56
11338497,800,805,55
11338507,812,805,55
11338518,795,805,56
11338528,809,805,56
11338538,812,805,56
11338548,797,805,56
11338558,812,805,56
11338569,798,805,56
11338579,807,805,56
11338589,812,805,55
11338599,794,805,57
11338609,813,805,58
11338619,802,805,57
11338630,804,805,54
11338640,811,805,54
11338650,792,805,57
11338660,810,805,58
11338670,807,805,57
11338681,801,805,54
11338691,812,805,55
11338701,794,805,57
11338711,809,805,56
11338721,811,805,56
11338732,796,805,56
11338742,812,805,56
11338752,798,805,57
11338762,807,805,55
11338772,812,805,55
11338782,793,805,57
11338793,811,805,57
11338803,803,805,56
11338813,806,805,54
OSM
11338834,606,609,8
11338844,612,609,8
11338854,612,609,7
11338864,607,609,7
11338874,613,609,8
11338885,606,609,8
11338895,611,609,8
11338905,614,609,8
11338915,607,609,8
11338925,611,609,8
11338936,607,609,8
11338946,610,609,7
11338956,613,609,7
11338966,606,609,8
11338976,611,609,8
11338986,610,609,7
11338997,610,609,7
11339007,613,609,7
11339017,606,609,8
11339027,612,609,8
11339037,609,609,7
11339048,606,609,7
11339058,613,609,8
11339068,607,609,8
11339078,610,609,8
11339088,612,609,7
11339099,606,609,7
11339109,613,609,8
11339119,608,609,8
11339129,610,609,7
11339139,612,609,7
11339149,605,609,7
11339160,612,609,8
11339170,610,609,7
11339180,610,609,7
11339190,613,609,7
11339200,605,609,7
11339211,611,609,7
11339221,610,609,7
11339231,610,609,7
11339241,613,609,7
11339251,606,609,7
11339261,610,609,7
11339272,611,609,7
11339282,608,609,7
11339292,613,609,7
11339302,607,609,7
11339312,609,609,7
11339323,611,609,7
11339333,607,609,7
11339343,613,609,7
11339353,608,609,7
11339363,607,609,7
11339373,613,609,7
11339384,606,609,7
11339394,612,609,7
11339404,610,609,7
11339414,607,609,7
11339424,613,609,7
11339435,606,609,7
SIM
11339455,733,805,3528
11339465,724,805,3575
11339475,757,805,3539
11339485,794,805,3538
11339496,847,805,3517
11339506,891,805,3505
11339516,859,805,3533
11339526,853,805,3483
11339536,898,805,3531
11339547,875,805,3591
11339557,826,806,3596
11339567,801,804,3517
11339577,741,803,3582
11339587,769,803,3597
11339598,722,803,3612
11339608,749,803,3559
11339618,726,803,3620
11339628,819,804,3538
11339638,867,805,3599
11339649,856,805,3546
11339659,871,805,3552
11339669,869,805,3522
11339679,809,805,3522
11339689,755,804,3560
11339699,729,803,3612
11339710,736,803,3614
11339720,763,803,3583
11339730,719,803,3612
11339740,822,804,3600
11339750,881,804,3614
11339761,893,804,3645
11339771,880,804,3632
11339781,833,804,3609
11339791,816,804,3584
11339801,778,803,3592
11339812,743,803,3573
11339822,748,803,3544
11339832,727,803,3623
11339842,759,803,3576
11339852,736,803,3595
11339863,749,803,3534
11339873,798,803,3533
11339883,857,805,3493
11339893,894,807,3609
11339903,888,807,3574
11339914,870,807,3583
11339924,819,806,3526
11339934,790,805,3403
11339944,744,803,3462
11339954,756,803,3492
11339965,720,803,3545
11339975,734,803,3457
11339985,814,804,3442
11339995,887,806,3529
11340005,894,807,3653
11340015,851,806,3568
11340026,849,806,3545
11340036,810,805,3421
11340046,750,804,3471
11340056,744,803,3528
RIM
11340077,824,805,54
11340087,805,805,53
11340097,806,805,51
11340107,813,805,51
11340117,793,805,53
11340127,810,805,54
11340138,807,805,53
11340148,800,805,51
11340158,813,805,51
11340168,796,805,52
11340178,809,805,53
11340189,812,805,53
11340199,798,805,51
11340209,811,805,52
11340219,797,805,52
11340229,807,805,51
11340240,811,805,51
11340250,795,805,52
11340260,812,805,53
11340270,803,805,52
11340280,804,805,49
11340290,811,805,50
11340301,793,805,52
11340311,811,805,52
11340321,809,805,51
11340331,800,805,50
11340341,813,805,50
11340352,795,805,52
11340362,809,805,52
11340372,811,805,51
11340382,798,805,51
11340392,813,805,51
11340403,798,805,51
11340413,807,805,50
11340423,811,805,50
11340433,793,805,52
11340443,814,805,53
11340453,802,805,52
11340464,806,805,50
11340474,813,805,50
11340484,792,805,53
11340494,809,805,53
11340504,807,805,53
11340515,801,805,50
11340525,812,805,51
11340535,797,805,52
11340545,808,805,51
11340555,812,805,51
11340566,796,805,51
11340576,811,805,51
11340586,796,805,52
11340596,807,805,51
11340606,812,805,51
11340616,793,805,52
11340627,811,805,53
11340637,801,805,52
11340647,804,805,50
11340657,812,805,50
11340667,792,805,53
11340678,810,805,53
OSM
11340699,609,609,7
11340709,612,609,7
11340719,608,609,7
11340729,610,609,7
11340739,611,609,6
11340750,606,609,6
11340760,612,609,7
11340770,609,609,6
11340780,609,609,6
11340790,613,609,6
11340801,606,609,6
11340811,610,609,6
11340821,611,609,6
11340831,609,609,6
11340841,614,609,6
11340852,606,609,6
11340862,610,609,6
11340872,610,609,6
11340882,608,609,6
11340892,615,609,7
11340902,607,609,7
