Polling for available serial device...
Opening serial monitor for com port: "/dev/ttyACM0"
Serial monitor opened successfully:
12020041,1023,1020,4
12020051,1021,1020,4
12020062,1023,1020,4
12020072,1019,1020,4
12020082,1018,1020,4
12020092,1022,1020,4
12020102,1017,1020,4
12020113,1022,1020,4
12020123,1021,1020,4
12020133,1019,1020,4
12020143,1023,1020,4
12020153,1019,1020,4
12020163,1019,1020,4
12020174,1021,1020,4
12020184,1016,1020,4
12020194,1022,1020,4
12020204,1020,1020,4
12020214,1021,1020,4
12020225,1022,1020,4
12020235,1017,1020,4
12020245,1020,1020,4
12020255,1019,1020,4
12020265,1017,1020,4
SIM
12020286,719,797,3488
12020296,726,796,3569
12020306,759,795,3542
12020316,793,794,3543
12020326,890,797,3599
12020337,871,798,3677
12020347,848,798,3685
12020357,847,799,3715
12020367,855,801,3708
12020377,858,801,3738
12020388,873,802,3773
12020398,810,803,3729
12020408,893,805,3779
12020418,853,805,3661
12020428,852,805,3685
12020439,850,806,3693
12020449,783,807,3611
12020459,877,807,3604
12020469,841,807,3573
12020479,783,806,3566
12020490,761,806,3513
12020500,726,806,3533
12020510,824,805,3480
12020520,776,804,3473
12020530,732,805,3407
12020541,729,805,3415
12020551,712,802,3436
12020561,725,800,3531
12020571,755,800,3514
12020581,786,801,3485
12020592,857,801,3451
12020602,866,801,3510
12020612,869,804,3475
12020622,877,806,3501
12020632,789,804,3387
12020643,783,803,3385
12020653,730,803,3424
12020663,723,803,3418
12020673,744,801,3350
12020683,706,799,3485
12020694,815,800,3396
12020704,856,802,3421
12020714,866,802,3445
12020724,870,803,3515
12020734,819,804,3463
12020744,804,805,3420
12020755,796,803,3317
12020765,722,802,3425
12020775,721,802,3457
12020785,736,801,3495
12020795,774,800,3449
12020806,812,800,3430
12020816,861,802,3411
12020826,724,802,3433
12020836,776,799,3238
12020846,833,800,3255
12020857,887,802,3317
12020867,850,804,3303
12020877,791,803,3241
12020887,883,804,3340
RIM
12020908,729,712,42
12020918,702,712,43
12020928,718,712,44
12020938,712,712,43
12020948,710,712,42
12020958,717,712,42
12020969,701,712,44
12020979,715,712,44
12020989,716,712,43
12020999,707,712,41
12021009,721,712,42
12021020,705,712,43
12021030,714,712,43
12021040,718,712,43
12021050,703,712,43
12021060,718,712,44
12021071,708,712,44
12021081,712,712,43
12021091,717,712,43
12021101,700,712,44
12021111,717,712,44
12021121,712,712,43
12021132,710,712,42
12021142,719,712,42
12021152,703,712,44
12021162,715,712,44
12021172,714,712,43
12021183,705,712,42
12021193,719,712,42
12021203,705,711,44
12021213,714,712,43
12021223,719,712,42
12021234,702,712,43
12021244,718,712,43
12021254,707,711,44
12021264,711,712,42
12021274,719,712,43
12021284,701,711,45
12021295,717,712,44
12021305,710,711,45
12021315,708,711,43
12021325,717,711,43
12021335,702,711,45
12021346,715,711,45
12021356,715,711,44
12021366,704,711,43
12021376,718,711,43
12021386,705,711,44
12021397,714,711,44
12021407,717,711,43
12021417,703,711,44
12021427,719,711,44
12021437,709,711,44
12021447,710,711,44
12021458,718,711,43
12021468,700,711,45
12021478,716,711,45
12021488,711,711,43
12021498,710,711,42
12021509,720,711,43
OSM
12021530,1016,1020,4
12021540,1020,1020,4
12021550,1018,1020,4
12021560,1022,1020,4
12021571,1021,1020,4
12021581,1021,1020,4
12021591,1022,1020,4
12021601,1018,1020,4
12021611,1022,1020,4
12021621,1020,1020,4
12021632,1020,1020,4
12021642,1024,1020,4
12021652,1019,1020,4
12021662,1023,1020,4
12021672,1022,1020,4
12021683,1019,1020,4
12021693,1022,1020,4
12021703,1019,1020,4
12021713,1021,1020,4
12021723,1022,1020,4
12021734,1016,1020,4
12021744,1022,1020,4
12021754,1021,1020,4
12021764,1021,1020,4
12021774,1024,1020,4
12021785,1017,1020,4
12021795,1021,1020,4
12021805,1021,1020,4
12021815,1019,1020,4
12021825,1022,1020,4
12021835,1020,1020,4
12021846,1023,1020,4
12021856,1023,1020,4
12021866,1019,1020,4
12021876,1022,1020,4
12021886,1018,1020,4
12021897,1020,1020,4
12021907,1023,1020,4
12021917,1018,1020,4
12021927,1024,1020,4
12021937,1021,1020,4
12021948,1020,1020,4
12021958,1023,1020,4
12021968,1017,1020,4
12021978,1021,1020,4
12021988,1021,1020,4
12021999,1020,1020,4
12022009,1023,1020,4
12022019,1019,1020,4
12022029,1021,1020,4
12022039,1023,1020,4
12022049,1018,1020,4
12022060,1022,1020,4
12022070,1019,1020,4
12022080,1020,1020,4
12022090,1022,1020,4
12022100,1019,1020,4
12022111,1024,1020,4
12022121,1022,1020,4
12022131,1021,1020,4
SIM
12022151,729,804,3313
12022162,724,804,3319
12022172,760,804,3317
12022182,772,803,3333
12022192,861,803,3263
12022202,869,803,3259
12022212,855,803,3270
12022223,873,803,3319
12022233,791,802,3277
12022243,798,801,3226
12022253,742,799,3197
12022263,693,797,3381
12022274,733,795,3292
12022284,722,792,3321
12022294,718,790,3351
12022304,758,789,3307
12022314,786,789,3307
12022325,846,788,3232
12022335,858,788,3267
12022345,866,790,3363
12022355,870,792,3451
12022365,822,793,3391
12022376,807,793,3378
12022386,732,792,3436
12022396,725,792,3450
12022406,734,792,3440
12022416,715,792,3432
12022427,806,794,3356
12022437,877,796,3441
12022447,875,797,3542
12022457,869,797,3568
12022467,808,796,3491
12022477,797,795,3403
12022488,789,794,3291
12022498,729,793,3360
12022508,723,792,3439
12022518,735,792,3430
12022528,788,793,3349
12022539,847,795,3353
12022549,858,797,3281
12022559,717,795,3382
12022569,733,793,3384
12022579,790,792,3295
12022590,843,792,3237
12022600,846,792,3274
12022610,731,791,3333
12022620,774,791,3338
12022630,834,792,3286
12022641,880,795,3319
12022651,852,797,3309
12022661,832,798,3318
12022671,898,799,3479
12022681,846,799,3452
12022692,868,802,3428
12022702,816,802,3420
12022712,873,803,3486
12022722,868,803,3439
12022732,813,802,3404
12022743,817,802,3405
12022753,790,801,3298
RIM
12022773,730,711,44
12022783,705,711,43
12022794,720,711,44
12022804,711,711,44
12022814,711,711,43
12022824,718,711,44
12022834,699,711,44
12022844,718,711,45
12022855,714,711,45
12022865,709,711,45
12022875,720,711,44
12022885,704,711,44
12022895,715,711,45
12022906,717,711,44
12022916,702,711,45
12022926,718,711,45
12022936,703,711,46
12022946,713,711,46
12022957,717,711,46
12022967,699,711,46
12022977,714,711,46
12022987,705,711,46
12022997,708,711,46
12023007,717,711,46
12023018,698,711,48
12023028,715,711,48
12023038,711,711,47
12023048,702,711,48
12023058,716,711,47
12023069,699,711,49
12023079,713,711,49
12023089,715,711,48
12023099,701,711,49
12023109,716,711,48
12023120,702,711,49
12023130,712,711,49
12023140,717,711,49
12023150,698,711,50
12023160,717,711,50
12023170,706,710,51
12023181,707,710,51
12023191,715,710,51
12023201,696,710,53
12023211,712,710,53
12023221,711,710,52
12023232,702,710,53
12023242,716,710,52
12023252,698,710,54
12023262,710,710,54
12023272,714,710,54
12023283,699,710,55
12023293,716,710,54
12023303,702,710,55
12023313,710,710,55
12023323,715,710,54
12023333,696,710,56
12023344,715,710,56
12023354,708,709,57
12023364,708,709,57
12023374,716,709,56
OSM
12023395,1018,1020,4
12023405,1021,1020,4
12023415,1017,1020,4
12023426,1021,1020,4
12023436,1017,1020,4
12023446,1021,1020,4
12023456,1023,1020,4
12023466,1019,1020,4
12023477,1022,1020,4
12023487,1018,1020,4
12023497,1019,1020,4
12023507,1021,1020,4
12023517,1018,1020,4
12023528,1023,1020,4
12023538,1021,1020,4
12023548,1020,1020,4
12023558,1022,1020,4
12023568,1017,1020,4
12023578,1021,1020,4
12023589,1020,1020,4
12023599,1019,1020,4
12023609,1023,1020,4
12023619,1020,1020,4
12023629,1022,1020,4
12023640,1023,1020,4
12023650,1018,1020,3
12023660,1022,1020,4
12023670,1018,1020,4
12023680,1019,1020,4
12023691,1023,1020,4
12023701,1019,1020,4
12023711,1023,1020,4
12023721,1023,1020,4
12023731,1019,1020,4
12023741,1022,1020,4
12023752,1017,1020,4
12023762,1020,1020,4
12023772,1022,1020,4
12023782,1020,1020,4
12023792,1024,1020,4
12023803,1020,1020,4
12023813,1022,1020,4
12023823,1023,1020,4
12023833,1018,1020,4
12023843,1023,1020,4
12023854,1018,1020,4
12023864,1019,1020,4
12023874,1025,1020,4
12023884,1020,1020,4
12023894,1022,1020,4
12023905,1020,1020,4
12023915,1019,1020,4
12023925,1023,1020,4
12023935,1019,1020,4
12023945,1023,1020,4
12023955,1023,1020,4
12023966,1021,1020,4
12023976,1023,1020,4
12023986,1021,1020,4
12023996,1021,1020,4
SIM
12024017,710,801,3350
12024027,731,801,3333
12024037,771,801,3320
12024047,812,802,3307
12024057,885,802,3363
12024068,851,802,3329
12024078,854,802,3327
12024088,828,801,3254
12024098,787,801,3255
12024108,740,800,3317
12024118,729,800,3345
12024129,729,800,3238
12024139,754,801,3197
12024149,691,800,3295
12024159,735,800,3253
12024169,793,801,3223
12024180,807,801,3220
12024190,877,802,3281
12024200,840,801,3254
12024210,874,802,3271
12024220,873,802,3278
12024231,831,802,3285
12024241,819,802,3290
12024251,807,803,3206
12024261,730,803,3193
12024271,746,804,3167
12024282,716,804,3164
12024292,745,803,3221
12024302,807,801,3129
12024312,865,801,3106
12024322,879,801,3131
12024333,834,802,3147
12024343,809,802,3147
12024353,801,802,3144
12024363,727,802,3149
12024373,713,802,3177
12024383,722,802,3209
12024394,719,801,3320
12024404,821,800,3292
12024414,859,800,3293
12024424,883,803,3282
12024434,865,805,3257
12024445,847,806,3281
12024455,832,806,3269
12024465,796,805,3244
12024475,798,806,3152
12024485,743,806,3201
12024496,721,804,3305
12024506,715,801,3335
12024516,702,799,3452
12024526,718,797,3540
12024536,814,795,3373
12024547,841,795,3365
12024557,877,795,3389
12024567,852,796,3434
12024577,817,795,3342
12024587,817,794,3262
12024598,730,793,3323
12024608,736,791,3368
12024618,731,790,3428
RIM
12024638,729,709,55
12024648,706,709,55
12024659,720,709,55
12024669,705,709,55
12024679,713,709,55
12024689,718,709,55
12024699,702,709,54
12024710,717,709,54
12024720,709,709,54
12024730,713,709,54
12024740,718,709,53
12024750,701,709,54
12024760,716,709,54
12024771,712,709,53
12024781,708,709,52
12024791,721,709,54
12024801,705,709,53
12024811,716,709,54
12024822,719,709,54
12024832,704,710,52
12024842,719,710,53
12024852,705,710,53
12024862,716,710,54
12024873,719,710,54
12024883,702,710,53
12024893,717,710,53
12024903,709,710,53
12024913,712,710,52
12024923,721,710,54
12024934,703,710,53
12024944,718,710,53
12024954,712,710,53
12024964,709,710,52
12024974,720,710,53
12024985,703,710,53
12024995,717,710,53
12025005,718,710,54
12025015,704,711,51
12025025,718,711,51
12025036,706,711,51
12025046,713,711,51
12025056,720,711,52
12025066,702,711,49
12025076,718,711,50
12025086,709,711,50
12025097,711,711,49
12025107,717,711,49
12025117,700,711,48
12025127,718,711,49
12025137,715,711,49
12025148,707,711,47
12025158,720,712,47
12025168,702,712,47
12025178,714,712,47
12025188,717,712,47
12025199,704,712,44
12025209,719,712,45
12025219,705,712,45
12025229,712,712,45
12025239,719,712,45
OSM
12025260,1018,1020,4
12025270,1018,1020,4
12025280,1021,1020,4
12025290,1023,1020,4
12025301,1019,1020,4
12025311,1021,1020,4
12025321,1020,1020,4
12025331,1019,1020,4
12025341,1023,1020,4
12025351,1017,1020,4
12025362,1020,1020,4
12025372,1021,1020,4
12025382,1017,1020,4
12025392,1022,1020,4
12025402,1021,1020,4
12025413,1022,1020,4
12025423,1023,1020,4
12025433,1018,1020,4
12025443,1022,1020,4
12025453,1019,1020,4
12025464,1019,1020,4
12025474,1021,1020,4
12025484,1020,1020,4
12025494,1024,1020,4
12025504,1023,1020,4
12025515,1019,1020,4
12025525,1022,1020,4
12025535,1018,1020,4
12025545,1019,1020,4
12025555,1022,1020,4
12025565,1019,1020,4
12025576,1023,1020,4
12025586,1020,1020,4
12025596,1022,1020,4
12025606,1024,1020,4
12025616,1018,1020,4
12025627,1021,1020,4
12025637,1020,1020,4
12025647,1019,1020,4
12025657,1023,1020,4
12025667,1019,1020,4
12025678,1023,1020,4
12025688,1022,1020,4
12025698,1018,1020,4
12025708,1021,1020,4
12025718,1018,1020,4
12025729,1021,1020,4
12025739,1023,1020,4
12025749,1020,1020,4
12025759,1023,1020,4
12025769,1020,1020,4
12025779,1021,1020,4
12025790,1022,1020,4
12025800,1017,1020,4
12025810,1022,1020,4
12025820,1020,1020,3
12025830,1019,1020,3
12025841,1022,1020,3
12025851,1019,1020,3
12025861,1023,1020,3
SIM
12025881,706,790,3439
12025892,737,790,3428
12025902,758,790,3439
12025912,822,790,3448
12025922,725,788,3365
12025932,762,786,3309
12025943,840,786,3281
12025953,894,787,3444
12025963,857,788,3523
12025973,806,789,3487
12025983,862,792,3506
12025994,857,794,3505
12026004,885,796,3611
12026014,827,798,3436
12026024,878,801,3467
12026034,810,801,3468
12026044,766,800,3488
12026055,754,798,3423
12026065,715,796,3507
12026075,724,794,3488
12026085,715,791,3481
12026095,723,789,3530
12026106,763,788,3527
12026116,812,788,3530
12026126,848,790,3527
12026136,906,793,3708
12026146,853,795,3662
12026157,862,797,3689
12026167,807,797,3689
12026177,780,796,3616
12026187,756,794,3525
12026197,724,792,3577
12026208,744,791,3610
12026218,783,790,3610
12026228,843,792,3584
12026238,896,795,3645
12026248,834,797,3575
12026259,820,799,3476
12026269,806,799,3469
12026279,736,797,3472
12026289,822,796,3358
12026299,776,794,3284
12026310,730,792,3305
12026320,745,791,3314
12026330,710,789,3423
12026340,722,788,3496
12026350,721,788,3537
12026360,729,788,3520
12026371,779,789,3431
12026381,821,791,3317
12026391,787,792,3226
12026401,840,792,3256
12026411,874,793,3326
12026422,865,793,3295
12026432,837,793,3269
12026442,851,793,3316
12026452,814,793,3313
12026462,754,794,3272
12026473,741,794,3262
12026483,710,793,3314
RIM
12026503,724,712,43
12026513,712,712,42
12026524,721,712,43
12026534,703,712,43
12026544,717,712,44
12026554,715,712,43
12026564,706,712,42
12026574,720,712,43
12026585,704,712,44
12026595,716,712,44
12026605,720,712,44
12026615,703,712,44
12026625,719,712,44
12026636,705,712,45
12026646,712,712,45
12026656,719,712,44
12026666,702,712,45
12026676,719,712,46
12026687,712,712,45
12026697,708,712,44
12026707,719,712,44
12026717,703,712,45
12026727,717,712,45
12026737,717,712,44
12026748,706,712,43
12026758,720,712,44
12026768,703,712,45
12026778,714,712,45
12026788,718,712,45
12026799,703,712,45
12026809,720,712,45
12026819,709,712,45
12026829,712,712,45
12026839,719,712,45
12026849,701,712,45
12026860,717,712,45
12026870,713,712,45
12026880,710,712,44
12026890,719,712,44
12026900,702,712,45
12026911,716,712,45
12026921,716,712,45
12026931,705,712,44
12026941,720,712,44
12026951,705,712,45
12026962,715,712,45
12026972,718,712,45
12026982,702,712,44
12026992,718,712,44
12027002,708,712,45
12027013,711,712,44
12027023,719,712,44
12027033,701,712,44
12027043,718,712,45
12027053,712,712,44
12027063,708,712,44
12027074,719,712,44
12027084,701,712,45
12027094,716,712,45
12027104,716,712,44
OSM
12027125,1019,1020,3
12027135,1018,1020,3
12027145,1021,1020,3
12027155,1023,1020,3
12027166,1021,1020,3
12027176,1022,1020,3
12027186,1020,1020,3
12027196,1020,1020,3
12027206,1022,1020,3
12027216,1018,1020,3
12027227,1022,1020,3
12027237,1022,1020,3
12027247,1022,1020,3
12027257,1024,1020,4
12027267,1020,1020,3
12027278,1022,1020,3
12027288,1020,1020,3
12027298,1019,1020,3
12027308,1023,1020,3
12027318,1020,1020,3
12027329,1022,1020,3
12027339,1023,1020,4
12027349,1018,1020,4
12027359,1025,1020,4
12027369,1021,1020,4
12027380,1020,1020,4
12027390,1021,1020,4
12027400,1017,1020,4
12027410,1021,1020,4
12027420,1022,1020,4
12027430,1020,1020,4
12027441,1022,1020,4
12027451,1020,1020,4
12027461,1022,1020,4
12027471,1023,1020,3
12027481,1019,1020,3
12027492,1023,1020,4
12027502,1018,1020,4
12027512,1020,1020,4
12027522,1022,1020,3
12027532,1019,1020,3
12027543,1022,1020,3
12027553,1021,1020,3
12027563,1019,1020,3
12027573,1022,1020,3
12027583,1017,1020,3
12027594,1022,1020,3
12027604,1021,1020,3
12027614,1021,1020,3
12027624,1024,1020,3
12027634,1020,1020,3
12027644,1022,1020,4
12027655,1022,1020,4
12027665,1017,1020,4
12027675,1021,1020,3
12027685,1019,1020,3
12027695,1020,1020,3
12027706,1023,1020,4
12027716,1020,1020,4
12027726,1023,1020,4
SIM
12027746,708,793,3309
12027757,736,793,3310
12027767,732,793,3352
12027777,781,792,3341
12027787,758,793,3284
12027797,813,794,3273
12027807,875,794,3347
12027818,858,794,3249
12027828,850,793,3236
12027838,870,794,3329
12027848,802,793,3254
12027858,794,792,3187
12027869,742,790,3082
12027879,725,788,3129
12027889,732,786,3044
12027899,732,785,3082
12027909,816,785,3092
12027920,878,788,3211
12027930,850,790,3182
12027940,875,792,3222
12027950,817,794,3128
12027960,788,795,3043
12027971,744,795,3069
12027981,706,793,3194
12027991,734,791,3200
12028001,735,788,3027
12028011,791,787,2957
12028022,873,787,2987
12028032,856,788,3057
12028042,849,789,3115
12028052,877,791,3219
12028062,825,793,3157
12028072,805,794,3117
12028083,774,794,3122
12028093,740,792,3129
12028103,744,790,2984
12028113,719,788,3033
12028123,740,786,3054
12028134,749,785,3071
12028144,814,787,3040
12028154,895,788,3212
12028164,840,789,3252
12028174,857,791,3265
12028185,829,793,3249
12028195,800,794,3133
12028205,737,794,3101
12028215,712,794,3124
12028225,715,794,3158
12028236,742,793,3200
12028246,805,793,3189
12028256,874,794,3295
12028266,856,795,3322
12028276,860,795,3289
12028287,832,794,3230
12028297,785,793,3200
12028307,743,791,3185
12028317,763,790,3190
12028327,723,790,3244
12028338,733,790,3258
12028348,721,790,3230
RIM
12028368,721,712,43
12028378,715,712,44
12028388,720,712,43
12028399,701,712,44
12028409,718,712,44
12028419,708,712,44
12028429,711,712,44
12028439,718,712,43
12028450,701,712,44
12028460,717,712,44
12028470,715,712,43
12028480,708,712,42
12028490,720,712,43
12028500,703,712,43
12028511,715,712,43
12028521,716,712,43
12028531,703,712,42
12028541,721,712,43
12028551,707,712,43
12028562,713,712,43
12028572,718,712,43
12028582,700,712,44
12028592,716,712,44
12028602,710,712,43
12028613,712,712,43
12028623,720,712,43
12028633,702,712,43
12028643,717,712,43
12028653,715,712,43
12028663,706,712,42
12028674,719,712,42
12028684,704,712,43
12028694,717,712,43
12028704,718,712,43
12028714,703,712,42
12028725,718,712,43
12028735,706,712,43
12028745,714,712,43
12028755,719,712,43
12028765,703,712,43
12028776,719,712,43
12028786,712,712,43
12028796,710,712,42
12028806,718,712,42
12028816,701,712,43
12028826,716,712,43
12028837,715,712,43
12028847,706,712,42
12028857,718,712,42
12028867,703,712,43
12028877,716,712,43
12028888,718,712,43
12028898,704,712,42
12028908,720,712,42
12028918,707,712,43
12028928,714,712,43
12028939,718,712,42
12028949,700,712,43
12028959,717,712,43
12028969,710,712,43
OSM
12028990,1018,1020,4
12029000,1018,1020,4
12029010,1021,1020,4
12029020,1022,1020,4
12029031,1021,1020,4
12029041,1024,1020,4
12029051,1020,1020,4
12029061,1022,1020,4
12029071,1023,1020,4
12029081,1018,1020,4
12029092,1022,1020,4
12029102,1020,1020,4
12029112,1021,1020,4
12029122,1024,1020,4
12029132,1019,1020,4
12029143,1023,1020,4
12029153,1020,1020,4
12029163,1018,1020,4
12029173,1021,1020,4
12029183,1018,1020,4
12029194,1022,1020,4
12029204,1023,1020,4
12029214,1020,1020,4
12029224,1024,1020,4
12029234,1018,1020,4
12029245,1021,1020,4
12029255,1022,1020,4
12029265,1017,1020,4
12029275,1022,1020,4
12029285,1022,1020,4
12029295,1022,1020,4
12029306,1024,1020,4
12029316,1018,1020,4
12029326,1022,1020,4
12029336,1020,1020,4
12029346,1020,1020,4
12029357,1023,1020,4
12029367,1020,1020,4
12029377,1023,1020,4
12029387,1023,1020,4
12029397,1019,1020,4
12029408,1021,1020,4
12029418,1017,1020,4
12029428,1021,1020,4
12029438,1022,1020,4
12029448,1019,1020,4
12029459,1023,1020,4
12029469,1021,1020,4
12029479,1021,1020,4
12029489,1024,1020,4
12029499,1018,1020,4
12029509,1022,1020,4
12029520,1021,1020,4
12029530,1019,1020,4
12029540,1022,1020,4
12029550,1020,1020,4
12029560,1023,1020,4
12029571,1021,1020,4
12029581,1018,1020,4
12029591,1022,1020,4
SIM
12029611,711,790,3222
12029621,743,790,3211
12029632,715,790,3248
12029642,796,790,3247
12029652,827,791,3251
12029662,871,792,3347
12029672,854,792,3296
12029683,862,792,3305
12029693,838,792,3284
12029703,821,791,3197
12029713,743,790,3233
12029723,737,789,3280
12029734,725,789,3311
12029744,739,789,3284
12029754,766,790,3238
12029764,811,791,3188
12029774,862,792,3260
12029785,857,791,3208
12029795,839,791,3188
12029805,813,790,3079
12029815,844,790,3115
12029825,857,792,3185
12029836,829,793,3168
12029846,759,794,3059
12029856,747,794,3036
12029866,845,796,3015
12029876,801,796,3015
12029887,752,794,2947
12029897,712,792,2992
12029907,718,790,3025
12029917,736,787,2943
12029927,720,785,2994
12029938,750,785,3007
12029948,733,784,3050
12029958,832,785,3053
12029968,759,786,3035
12029978,822,787,2980
12029989,883,790,3086
12029999,852,791,3119
12030009,853,792,3172
12030019,852,791,3056
12030029,779,790,3019
12030039,748,789,2973
12030050,734,787,2994
12030060,701,785,3114
12030070,757,786,3088
12030080,763,787,3004
12030090,848,789,2975
12030101,873,791,3050
12030111,846,792,3096
12030121,873,792,3093
12030131,798,791,3025
12030141,774,789,2949
12030152,746,788,2948
12030162,718,787,3029
12030172,733,786,3046
12030182,728,786,3094
12030192,804,787,3030
12030203,899,790,3179
12030213,854,792,3161
RIM
12030233,718,712,42
12030243,718,712,42
12030253,718,712,42
12030264,706,712,41
12030274,719,712,41
12030284,704,712,42
12030294,713,712,42
12030304,719,712,42
12030315,703,712,41
12030325,718,712,41
12030335,709,712,41
12030345,712,712,41
12030355,718,712,41
12030365,700,712,42
12030376,717,712,42
12030386,714,712,42
12030396,707,712,41
12030406,719,712,40
12030416,701,712,42
12030427,715,712,42
12030437,716,712,42
12030447,705,712,40
12030457,719,712,41
12030467,706,712,41
12030478,715,712,41
12030488,718,712,41
12030498,700,712,42
12030508,716,712,41
12030518,709,712,41
12030528,712,712,41
12030539,719,712,41
12030549,701,712,42
12030559,716,712,42
12030569,712,711,42
12030579,706,712,40
12030590,719,712,40
12030600,704,711,42
12030610,716,712,41
12030620,717,711,42
12030630,703,711,42
12030641,718,711,41
12030651,706,711,42
12030661,713,711,42
12030671,720,711,42
12030681,701,711,42
12030691,718,711,43
12030702,709,711,43
12030712,710,711,42
12030722,719,711,42
12030732,703,711,42
12030742,718,712,42
12030753,713,711,42
12030763,707,711,42
12030773,719,711,41
12030783,703,711,42
12030793,714,711,42
12030804,719,711,42
12030814,703,711,41
12030824,720,712,41
12030834,706,711,43
OSM
12030855,1019,1020,4
12030865,1019,1020,4
12030875,1023,1020,4
12030885,1023,1020,4
12030896,1021,1020,4
12030906,1023,1020,4
12030916,1018,1020,4
12030926,1021,1020,4
12030936,1022,1020,4
12030946,1019,1020,4
12030957,1024,1020,4
12030967,1020,1020,4
12030977,1023,1020,4
12030987,1024,1020,4
12030997,1019,1020,4
12031008,1022,1020,4
12031018,1019,1020,4
12031028,1021,1020,4
12031038,1022,1021,3
12031048,1018,1021,3
12031059,1022,1021,3
12031069,1021,1020,4
12031079,1022,1021,3
12031089,1024,1021,3
12031099,1017,1020,4
12031110,1020,1020,4
12031120,1021,1020,4
12031130,1019,1020,4
12031140,1023,1021,3
12031150,1020,1020,4
12031160,1022,1020,4
12031171,1023,1020,4
12031181,1019,1020,4
12031191,1021,1020,4
12031201,1019,1020,4
12031211,1022,1020,4
12031222,1024,1020,4
12031232,1019,1020,4
12031242,1023,1020,4
12031252,1022,1020,4
12031262,1020,1020,4
12031273,1022,1020,4
12031283,1018,1021,3
12031293,1021,1021,3
12031303,1022,1021,3
12031313,1020,1021,3
12031323,1024,1021,3
12031334,1020,1021,3
12031344,1022,1021,3
12031354,1020,1020,4
12031364,1018,1020,4
12031374,1022,1020,4
12031385,1019,1020,4
12031395,1021,1020,4
12031405,1024,1021,3
12031415,1018,1020,4
12031425,1023,1020,4
12031436,1019,1020,4
12031446,1020,1020,4
12031456,1022,1020,4
SIM
12031476,717,792,3146
12031486,752,792,3132
12031497,715,792,3132
12031507,795,792,3132
12031517,871,793,3213
12031527,853,793,3172
12031537,876,793,3225
12031548,820,793,3158
12031558,813,792,3131
12031568,806,792,3120
12031578,720,791,3167
12031588,733,791,3175
12031599,726,791,3173
12031609,756,792,3147
12031619,848,793,3185
12031629,734,792,3238
12031639,839,791,3194
12031650,869,792,3221
12031660,862,792,3266
12031670,850,793,3313
12031680,822,792,3285
12031690,808,791,3219
12031701,739,790,3240
12031711,724,789,3297
12031721,737,789,3313
12031731,735,787,3309
12031741,826,788,3329
12031751,899,790,3506
12031762,849,793,3454
12031772,860,795,3430
12031782,811,796,3374
12031792,795,797,3275
12031802,757,797,3264
12031813,728,797,3276
12031823,732,796,3325
12031833,740,795,3355
12031843,762,794,3362
12031853,862,794,3307
12031864,855,794,3313
12031874,873,794,3359
12031884,840,794,3338
12031894,871,796,3428
12031904,843,797,3424
12031915,795,798,3355
12031925,737,799,3258
12031935,736,799,3295
12031945,724,798,3367
12031955,723,796,3417
12031966,734,794,3378
12031976,790,793,3333
12031986,881,793,3355
12031996,861,794,3430
12032006,879,796,3540
12032017,859,797,3561
12032027,833,799,3471
12032037,814,801,3398
12032047,711,800,3445
12032057,726,799,3536
12032067,741,797,3421
12032078,723,794,3455
RIM
12032098,717,711,42
12032108,719,711,43
12032118,714,711,42
12032129,710,711,42
12032139,720,711,42
12032149,702,711,42
12032159,715,711,43
12032169,715,711,42
12032179,705,711,41
12032190,720,711,42
12032200,705,711,42
12032210,714,711,42
12032220,719,711,43
12032230,700,711,43
12032241,718,711,43
12032251,709,711,43
12032261,713,711,43
12032271,721,712,42
12032281,702,712,42
12032292,719,712,43
12032302,712,712,42
12032312,709,712,42
12032322,719,712,42
12032332,703,712,42
12032342,716,712,42
12032353,716,712,42
12032363,704,712,41
12032373,719,712,41
12032383,703,712,43
12032393,713,712,43
12032404,719,712,43
12032414,702,712,42
12032424,720,712,43
12032434,708,712,43
12032444,712,712,43
12032455,718,712,42
12032465,700,712,44
12032475,716,712,44
12032485,712,712,43
12032495,709,712,42
12032505,719,712,42
12032516,704,712,43
12032526,716,712,43
12032536,716,712,42
12032546,705,712,41
12032556,720,712,42
12032567,706,712,42
12032577,714,712,42
12032587,720,712,42
12032597,701,712,43
12032607,718,712,43
12032618,708,712,43
12032628,711,712,43
12032638,720,712,43
12032648,701,712,44
12032658,718,712,44
12032668,712,712,43
12032679,707,712,43
12032689,719,712,42
12032699,704,712,43
OSM
12032720,1019,1020,4
12032730,1018,1020,4
12032740,1024,1020,4
12032750,1022,1020,4
12032761,1023,1020,4
12032771,1023,1020,4
12032781,1017,1020,4
12032791,1021,1020,4
12032801,1020,1020,4
12032811,1022,1020,4
12032822,1023,1020,4
12032832,1020,1020,4
12032842,1023,1020,4
12032852,1022,1020,4
12032862,1020,1020,4
12032873,1020,1020,4
12032883,1018,1020,4
12032893,1022,1020,4
12032903,1024,1020,4
12032913,1020,1020,4
12032924,1024,1021,3
12032934,1020,1021,3
12032944,1022,1021,3
12032954,1020,1020,4
12032964,1018,1020,4
12032974,1024,1021,3
12032985,1022,1021,3
12032995,1023,1021,3
12033005,1025,1021,3
12033015,1019,1021,3
12033025,1023,1021,3
12033036,1022,1021,3
12033046,1020,1021,3
12033056,1025,1021,4
12033066,1019,1021,4
12033076,1022,1021,4
12033087,1024,1021,4
12033097,1020,1021,4
12033107,1023,1021,4
12033117,1020,1021,4
12033127,1020,1021,4
12033138,1022,1021,4
12033148,1017,1021,4
12033158,1023,1021,4
12033168,1022,1021,4
12033178,1021,1021,4
12033188,1023,1021,4
12033199,1019,1021,4
12033209,1020,1021,4
12033219,1022,1021,4
12033229,1019,1021,4
12033239,1024,1021,4
12033250,1021,1021,4
12033260,1023,1021,4
12033270,1024,1021,4
12033280,1019,1021,4
12033290,1023,1021,4
12033301,1021,1021,4
12033311,1020,1021,4
12033321,1023,1021,4
SIM
12033341,719,794,3449
12033351,749,794,3454
12033362,723,794,3434
12033372,795,794,3434
12033382,872,794,3436
12033392,879,795,3497
12033402,873,795,3489
12033413,821,795,3490
12033423,811,795,3489
12033433,777,794,3493
12033443,815,796,3403
12033453,772,797,3345
12033464,716,796,3372
12033474,722,796,3436
12033484,756,794,3417
12033494,722,794,3443
12033504,793,793,3410
12033515,862,793,3394
12033525,877,793,3432
12033535,875,794,3488
12033545,796,793,3476
12033555,795,793,3472
12033566,744,793,3464
12033576,718,793,3478
12033586,739,793,3474
12033596,716,793,3517
12033606,793,792,3500
12033616,877,792,3429
12033627,870,792,3477
12033637,872,793,3505
12033647,814,793,3507
12033657,808,793,3511
12033667,800,794,3489
12033678,720,793,3508
12033688,738,794,3496
12033698,724,793,3529
12033708,722,793,3597
12033718,743,791,3556
12033729,717,788,3575
12033739,790,787,3454
12033749,839,787,3453
12033759,767,785,3340
12033769,857,785,3371
12033780,854,786,3446
12033790,856,788,3480
12033800,845,790,3482
12033810,808,792,3410
12033820,796,793,3330
12033831,729,793,3340
12033841,722,792,3423
12033851,740,789,3332
12033861,733,787,3296
12033871,831,786,3188
12033882,871,787,3218
12033892,867,787,3290
12033902,877,788,3410
12033912,812,790,3316
12033922,808,791,3251
12033932,730,791,3271
12033943,738,791,3241
RIM
12033963,721,712,44
12033973,721,712,44
12033983,709,712,44
12033994,715,712,44
12034004,719,712,44
12034014,702,712,44
12034024,717,712,44
12034034,713,712,44
12034044,710,712,44
12034055,721,712,44
12034065,704,712,44
12034075,715,712,44
12034085,716,712,44
12034095,707,712,42
12034106,721,712,42
12034116,704,712,43
12034126,714,712,43
12034136,719,712,43
12034146,703,712,42
12034157,720,712,43
12034167,708,712,43
12034177,712,712,43
12034187,716,712,42
12034197,699,712,44
12034207,718,712,44
12034218,713,712,44
12034228,710,712,43
12034238,718,712,43
12034248,702,712,43
12034258,715,712,43
12034269,715,712,42
12034279,705,712,42
12034289,721,712,42
12034299,706,712,42
12034309,714,712,42
12034320,717,712,42
12034330,701,712,42
12034340,718,712,42
12034350,708,712,42
12034360,713,712,42
12034370,719,712,42
12034381,700,712,43
12034391,716,712,43
12034401,713,712,43
12034411,707,712,43
12034421,719,712,43
12034432,703,712,43
12034442,716,712,44
12034452,716,712,43
12034462,705,712,42
12034472,718,712,42
12034483,704,712,42
12034493,713,712,42
12034503,719,712,42
12034513,702,712,42
12034523,719,712,42
12034533,707,712,42
12034544,711,712,42
12034554,719,712,42
12034564,701,712,43
OSM
12034585,1017,1021,4
12034595,1019,1021,4
12034605,1022,1021,4
12034615,1020,1021,4
12034626,1022,1021,4
12034636,1023,1021,4
12034646,1019,1021,3
12034656,1023,1021,3
12034666,1018,1021,4
12034676,1021,1021,4
12034687,1024,1021,4
12034697,1019,1021,4
12034707,1023,1021,4
12034717,1022,1021,4
12034727,1021,1021,4
12034738,1023,1021,4
12034748,1018,1021,4
12034758,1021,1021,4
12034768,1021,1021,4
12034778,1020,1021,4
12034789,1023,1021,4
12034799,1020,1021,4
12034809,1022,1021,4
12034819,1023,1021,4
12034829,1019,1021,3
12034839,1023,1021,3
12034850,1019,1021,3
12034860,1021,1021,3
12034870,1024,1021,3
12034880,1020,1021,3
12034890,1024,1021,3
12034901,1021,1021,3
12034911,1019,1021,3
12034921,1022,1021,3
12034931,1018,1021,3
12034941,1022,1021,3
12034952,1022,1021,3
12034962,1020,1021,3
12034972,1024,1021,3
12034982,1020,1021,3
12034992,1021,1021,3
12035003,1023,1021,3
12035013,1018,1021,3
12035023,1022,1021,3
12035033,1019,1021,3
12035043,1021,1021,3
12035053,1025,1021,3
12035064,1019,1021,3
12035074,1024,1021,3
12035084,1020,1021,3
12035094,1020,1021,3
12035104,1022,1021,3
12035115,1018,1021,3
12035125,1022,1021,3
12035135,1024,1021,3
12035145,1020,1021,3
12035155,1023,1021,3
12035166,1018,1021,3
12035176,1021,1021,3
12035186,1022,1021,3
SIM
12035206,732,791,3212
12035216,750,791,3211
12035227,726,792,3203
12035237,793,792,3203
12035247,867,791,3191
12035257,867,791,3158
12035267,886,791,3197
12035278,844,792,3227
12035288,822,792,3236
12035298,795,792,3232
12035308,823,792,3239
12035318,816,793,3240
12035329,746,794,3177
12035339,726,794,3167
12035349,715,793,3247
12035359,707,793,3287
12035369,718,792,3379
12035380,710,789,3404
12035390,755,787,3292
12035400,844,786,3218
12035410,833,787,3251
12035420,883,789,3399
12035431,851,790,3427
12035441,817,792,3347
12035451,807,793,3302
12035461,722,793,3287
12035471,729,792,3355
12035482,717,789,3326
12035492,715,787,3305
12035502,839,786,3230
12035512,858,787,3302
12035522,854,788,3367
12035532,849,789,3426
12035543,870,791,3449
12035553,860,793,3475
12035563,827,795,3409
12035573,803,796,3319
12035583,762,797,3290
12035594,732,797,3254
12035604,739,796,3309
12035614,735,794,3339
12035624,733,794,3389
12035634,740,792,3368
12035645,715,789,3400
12035655,756,788,3342
12035665,825,787,3312
12035675,790,787,3305
12035685,889,789,3472
12035696,853,791,3475
12035706,859,793,3467
12035716,847,795,3464
12035726,833,796,3421
12035736,806,796,3402
12035747,724,794,3391
12035757,736,791,3355
12035767,741,789,3272
12035777,713,788,3358
12035787,803,787,3356
12035798,846,789,3353
12035808,865,791,3398
RIM
12035828,723,712,44
12035838,721,712,44
12035848,706,712,44
12035859,713,712,44
12035869,720,712,44
12035879,704,712,44
12035889,719,712,44
12035899,707,712,44
12035910,711,712,44
12035920,718,712,44
12035930,701,711,45
12035940,718,712,45
12035950,713,711,46
12035960,711,712,44
12035971,717,711,44
12035981,701,711,45
12035991,716,711,45
12036001,716,711,45
12036011,706,711,44
12036022,720,711,44
12036032,706,711,44
12036042,714,711,44
12036052,718,711,45
12036062,702,712,43
12036073,717,712,43
12036083,710,711,44
12036093,713,712,43
12036103,719,712,43
12036113,700,712,44
12036124,717,712,44
12036134,712,711,45
12036144,709,712,43
12036154,722,712,43
12036164,704,712,44
12036174,716,712,44
12036185,717,712,44
12036195,705,712,43
12036205,717,712,43
12036215,705,712,43
12036225,713,712,43
12036236,719,712,43
12036246,703,712,42
12036256,719,712,43
12036266,709,712,43
12036276,711,712,42
12036287,719,712,42
12036297,702,712,43
12036307,719,712,43
12036317,713,712,43
12036327,708,712,42
12036337,718,712,42
12036348,703,712,43
12036358,715,712,43
12036368,717,712,42
12036378,706,712,41
12036388,720,712,42
12036399,706,712,42
12036409,714,712,42
12036419,719,712,42
12036429,704,712,41
OSM
12036450,1017,1021,3
12036460,1020,1021,3
12036470,1023,1021,3
12036480,1020,1021,3
12036491,1023,1021,3
12036501,1021,1021,3
12036511,1019,1021,3
12036521,1022,1021,3
12036531,1018,1021,3
12036541,1022,1021,3
12036552,1025,1021,3
12036562,1021,1021,3
12036572,1024,1021,3
12036582,1020,1021,3
12036592,1022,1021,3
12036603,1021,1021,3
12036613,1018,1021,3
12036623,1022,1021,3
12036633,1021,1021,3
12036643,1022,1021,3
12036654,1024,1021,3
12036664,1019,1021,3
12036674,1022,1021,3
12036684,1021,1021,3
12036694,1019,1021,3
12036704,1023,1021,3
12036715,1021,1021,3
12036725,1023,1021,3
12036735,1024,1021,3
12036745,1020,1021,3
12036755,1024,1021,3
12036766,1020,1021,3
12036776,1020,1021,3
12036786,1023,1021,3
12036796,1018,1021,3
12036806,1023,1021,3
12036817,1021,1021,3
12036827,1021,1021,3
12036837,1024,1021,3
12036847,1018,1021,4
12036857,1024,1021,4
12036868,1022,1021,4
12036878,1018,1021,4
12036888,1023,1021,4
12036898,1018,1021,4
12036908,1020,1021,4
12036919,1022,1021,4
12036929,1020,1021,4
12036939,1025,1021,4
12036949,1021,1021,4
12036959,1021,1021,4
12036970,1023,1021,4
12036980,1018,1021,4
12036990,1023,1021,4
12037000,1022,1021,4
12037010,1022,1021,4
12037021,1024,1021,4
12037031,1019,1021,4
12037041,1022,1021,4
12037051,1021,1021,4
SIM
12037071,720,791,3424
12037082,730,791,3458
12037092,734,791,3441
12037102,790,791,3441
12037112,784,790,3345
12037122,874,790,3364
12037133,883,790,3355
12037143,840,790,3348
12037153,837,790,3367
12037163,786,790,3367
12037173,736,788,3397
12037184,745,787,3415
12037194,715,787,3473
12037204,749,787,3435
12037214,821,789,3363
12037224,877,792,3371
12037235,866,794,3365
12037245,830,796,3262
12037255,810,797,3236
12037265,802,796,3200
12037275,877,797,3284
12037285,834,796,3184
12037296,798,795,3135
12037306,797,795,3127
12037316,754,794,3152
12037326,794,795,3063
12037336,730,795,3061
12037347,730,796,3029
12037357,705,795,3059
12037367,751,794,3058
12037377,700,791,3133
12037387,733,789,3121
12037398,761,788,3074
12037408,838,787,3004
12037418,884,788,3071
12037428,855,788,3120
12037438,860,789,3201
12037449,863,791,3275
12037459,835,792,3246
12037469,807,794,3199
12037479,788,794,3142
12037489,736,795,3135
12037500,753,795,3114
12037510,684,794,3213
12037520,736,794,3245
12037530,757,793,3251
12037540,844,794,3293
12037551,907,794,3355
12037561,845,794,3341
12037571,843,794,3310
12037581,806,793,3266
12037591,730,791,3304
12037602,732,790,3358
12037612,697,789,3430
12037622,727,789,3447
12037632,826,791,3427
12037642,848,793,3374
12037652,870,794,3469
12037663,849,794,3474
12037673,853,794,3448
RIM
12037693,723,712,41
12037703,721,712,41
12037714,703,712,42
12037724,718,712,42
12037734,716,712,41
12037744,705,712,41
12037754,720,712,41
12037764,704,712,42
12037775,714,712,42
12037785,719,712,42
12037795,704,712,41
12037805,718,712,41
12037815,707,712,42
12037826,709,712,42
12037836,718,712,42
12037846,701,712,42
12037856,717,712,42
12037866,712,712,42
12037877,708,712,42
12037887,718,712,41
12037897,703,712,42
12037907,717,712,42
12037917,716,712,42
12037927,706,712,41
12037938,720,712,42
12037948,705,712,42
12037958,713,712,42
12037968,719,712,42
12037978,702,712,42
12037989,719,712,42
12037999,710,712,42
12038009,712,712,42
12038019,719,712,41
12038029,701,712,42
12038040,718,712,42
12038050,713,712,42
12038060,709,712,41
12038070,719,712,42
12038080,702,712,43
12038090,715,712,43
12038101,715,712,42
12038111,704,712,42
12038121,719,712,42
12038131,705,712,42
12038141,714,712,42
12038152,719,712,42
12038162,701,712,43
12038172,717,712,42
12038182,708,712,43
12038192,713,712,42
12038203,720,712,43
12038213,700,712,44
12038223,717,712,44
12038233,711,712,44
12038243,707,712,44
12038253,718,712,43
12038264,703,712,44
12038274,717,712,44
12038284,717,712,44
12038294,704,712,44
OSM
12038315,1016,1021,4
12038325,1021,1021,4
12038335,1023,1021,4
12038345,1020,1021,4
12038356,1023,1021,4
12038366,1022,1021,4
12038376,1021,1021,4
12038386,1022,1021,4
12038396,1018,1021,4
12038406,1021,1021,4
12038417,1021,1021,3
12038427,1020,1021,3
12038437,1024,1021,3
12038447,1020,1021,3
12038457,1022,1021,3
12038468,1022,1021,3
12038478,1019,1021,3
12038488,1022,1021,3
12038498,1019,1021,3
12038508,1021,1021,3
12038519,1024,1021,3
12038529,1019,1021,3
12038539,1023,1021,3
12038549,1020,1021,3
12038559,1018,1021,4
12038569,1022,1021,3
12038580,1017,1021,4
12038590,1022,1021,4
12038600,1023,1021,4
12038610,1021,1021,4
12038620,1024,1021,4
12038631,1020,1021,4
12038641,1021,1021,4
12038651,1022,1021,4
12038661,1018,1021,4
12038671,1021,1021,3
12038682,1019,1021,4
12038692,1022,1021,4
12038702,1024,1021,4
12038712,1019,1021,3
12038722,1022,1021,3
12038733,1019,1020,4
12038743,1019,1021,3
12038753,1024,1021,3
12038763,1020,1021,3
12038773,1022,1021,3
12038783,1023,1021,3
12038794,1020,1021,3
12038804,1023,1021,3
12038814,1018,1021,3
12038824,1021,1021,3
12038834,1023,1021,3
12038845,1018,1021,3
12038855,1024,1021,3
12038865,1022,1021,3
12038875,1022,1021,3
12038885,1023,1021,3
12038896,1017,1020,4
12038906,1021,1020,4
12038916,1020,1020,4
SIM
12038936,727,794,3432
12038946,734,794,3423
12038957,732,794,3428
12038967,797,794,3427
12038977,829,795,3444
12038987,872,795,3439
12038997,858,795,3376
12039008,858,795,3409
12039018,846,795,3423
12039028,785,795,3423
12039038,730,795,3435
12039048,734,795,3456
12039059,718,795,3448
12039069,730,794,3484
12039079,806,794,3474
12039089,861,794,3434
12039099,875,794,3457
12039110,836,794,3465
12039120,814,794,3467
12039130,783,794,3468
12039140,729,791,3420
12039150,855,792,3456
12039161,790,792,3455
12039171,742,791,3496
12039181,721,790,3555
12039191,726,789,3623
12039201,762,790,3576
12039212,720,789,3599
12039222,698,789,3619
12039232,752,789,3618
12039242,771,790,3488
12039252,706,790,3552
12039262,725,789,3609
12039273,768,788,3577
12039283,852,788,3492
12039293,853,788,3487
12039303,857,788,3480
12039313,872,788,3504
12039324,845,788,3521
12039334,876,789,3642
12039344,795,789,3643
12039354,815,791,3603
12039364,781,791,3581
12039375,744,792,3425
12039385,733,792,3430
12039395,730,792,3474
12039405,717,789,3519
12039415,817,788,3300
12039426,849,788,3308
12039436,867,788,3361
12039446,853,789,3424
12039456,834,791,3394
12039466,812,792,3341
12039477,728,793,3258
12039487,729,793,3253
12039497,733,791,3294
12039507,742,789,3280
12039517,832,789,3201
12039528,860,789,3225
12039538,860,789,3241
RIM
12039558,728,712,46
12039568,720,712,46
12039578,703,712,46
12039589,719,712,46
12039599,711,712,46
12039609,709,712,45
12039619,718,712,45
12039629,701,712,46
12039640,716,712,46
12039650,716,712,45
12039660,707,712,45
12039670,719,712,45
12039680,703,712,46
12039690,713,712,46
12039701,718,712,46
12039711,704,712,45
12039721,720,712,45
12039731,708,712,46
12039741,712,712,45
12039752,717,712,45
12039762,701,712,46
12039772,718,712,46
12039782,712,712,46
12039792,710,712,45
12039803,719,712,45
12039813,702,712,46
12039823,715,712,46
12039833,714,712,45
12039843,705,712,44
12039853,720,712,45
12039864,706,712,45
12039874,714,712,45
12039884,719,712,45
12039894,702,712,45
12039904,718,712,45
12039915,707,711,46
12039925,713,712,45
12039935,719,712,45
12039945,702,712,45
12039955,717,712,45
12039966,714,712,45
12039976,708,712,44
12039986,718,712,44
12039996,702,712,45
12040006,717,712,45
12040016,716,712,45
12040027,706,712,43
12040037,717,712,43
12040047,704,712,44
12040057,712,712,44
12040067,719,712,44
12040078,702,712,43
12040088,718,712,43
12040098,708,712,44
12040108,710,712,43
12040118,717,712,43
12040129,700,712,44
12040139,717,712,44
12040149,713,711,45
12040159,708,712,43
OSM
12040180,1018,1020,4
12040190,1021,1020,4
12040200,1023,1020,4
12040211,1017,1020,4
12040221,1022,1020,4
12040231,1020,1020,4
12040241,1022,1020,4
12040251,1023,1020,4
12040261,1020,1020,4
12040272,1024,1021,3
12040282,1021,1021,3
12040292,1020,1021,3
12040302,1022,1020,4
12040312,1018,1020,4
12040323,1021,1020,4
12040333,1021,1020,4
12040343,1020,1020,4
12040353,1024,1020,4
12040363,1020,1020,4
12040374,1020,1020,4
12040384,1021,1020,4
12040394,1018,1020,4
12040404,1022,1020,4
12040414,1019,1020,4
12040425,1022,1020,4
12040435,1023,1020,4
12040445,1018,1020,4
12040455,1021,1020,4
12040465,1021,1020,4
12040475,1019,1020,4
12040486,1021,1020,4
12040496,1017,1020,4
12040506,1022,1020,4
12040516,1023,1020,4
12040526,1021,1020,4
12040537,1024,1020,4
12040547,1019,1020,4
12040557,1022,1020,4
12040567,1021,1020,4
