Polling for available serial device...
Opening serial monitor for com port: "/dev/ttyACM0"
Serial monitor opened successfully:
11627646,683,578,50217
11627656,698,585,49026
11627667,700,592,47810
11627677,702,598,46620
11627687,757,606,45647
11627697,712,612,44336
11627707,723,620,42554
11627718,727,627,41243
11627728,694,633,39611
11627738,717,640,37709
11627748,698,647,35831
11627758,757,655,33708
11627769,832,663,32352
11627779,828,672,30679
11627789,692,679,28061
11627799,719,685,25906
11627809,736,693,23201
11627820,814,701,21104
11627830,826,710,18600
11627840,690,717,15387
11627850,734,724,12579
RIM
11627870,774,766,57
11627881,746,766,64
11627891,764,766,64
11627901,760,766,63
11627911,757,766,62
11627921,764,766,62
11627932,746,765,69
11627942,763,765,69
11627952,762,765,67
11627962,752,765,69
11627972,765,765,68
11627983,748,765,72
11627993,759,765,72
11628003,764,764,71
11628013,746,764,76
11628023,764,764,76
11628033,753,764,76
11628044,758,764,76
11628054,764,764,73
11628064,744,763,81
11628074,763,763,80
11628084,758,763,78
11628095,756,763,77
11628105,764,763,76
11628115,747,763,80
11628125,761,763,80
11628135,761,762,79
11628146,750,762,80
11628156,766,762,79
11628166,750,762,79
11628176,761,762,79
11628186,764,762,75
11628196,747,761,79
11628207,763,761,78
11628217,752,761,77
11628227,761,761,76
11628237,765,761,74
11628247,745,761,78
11628258,763,760,78
11628268,758,760,75
11628278,755,760,75
11628288,764,760,71
11628298,748,760,72
11628309,763,760,72
11628319,764,760,68
11628329,751,759,70
11628339,764,759,69
11628349,749,759,68
11628359,759,759,68
11628370,765,759,63
11628380,746,759,66
11628390,764,758,65
11628400,753,758,62
11628410,757,758,61
11628421,763,758,56
11628431,746,758,59
11628441,763,758,58
11628451,758,757,54
11628461,754,757,54
11628472,765,757,51
OSM
11628493,776,782,29
11628503,779,781,28
11628513,773,781,29
11628523,779,781,28
11628534,776,781,26
11628544,778,781,26
11628554,780,781,24
11628564,773,780,26
11628574,776,780,24
11628584,776,780,23
11628595,774,780,23
11628605,779,779,22
11628615,772,779,22
11628625,775,779,21
11628635,775,779,19
11628646,771,779,20
11628656,776,778,19
11628666,770,778,19
11628676,776,778,18
11628686,777,778,16
11628697,770,778,17
11628707,774,777,16
11628717,771,777,16
11628727,778,777,15
11628737,782,777,14
11628747,778,777,14
11628758,782,777,13
11628768,780,777,13
11628778,779,777,12
11628788,782,777,11
11628798,778,777,11
11628809,782,777,11
11628819,784,777,11
11628829,780,777,11
11628839,785,777,12
11628849,779,777,11
11628860,783,777,12
11628870,784,777,12
11628880,780,777,13
11628890,785,777,13
11628900,782,777,14
11628910,781,777,14
11628921,783,777,14
11628931,778,777,14
11628941,784,777,15
11628951,785,777,16
11628961,781,777,16
11628972,784,777,17
11628982,780,778,16
11628992,784,778,16
11629002,785,778,17
11629012,779,778,17
11629023,785,778,17
11629033,781,778,17
11629043,783,778,18
11629053,786,778,19
11629063,777,778,18
11629073,783,778,18
11629084,782,779,18
11629094,782,779,17
SIM
11629114,681,724,12521
11629124,694,723,12532
11629135,726,722,12362
11629145,712,721,12357
11629155,720,722,12320
11629165,776,723,12357
11629175,822,723,12333
11629186,855,724,12537
11629196,833,727,12698
11629206,865,730,12964
11629216,855,731,13163
11629226,829,732,13298
11629236,811,733,13400
11629247,794,736,13326
11629257,773,736,13347
11629267,747,735,13195
11629277,715,735,13198
11629287,708,742,10004
11629298,692,748,6579
11629308,721,755,3407
11629318,764,754,3345
11629328,803,756,3344
11629338,865,759,3461
11629349,847,760,3553
11629359,829,760,3575
11629369,809,760,3597
11629379,731,761,3502
11629389,715,761,3511
11629400,719,758,3348
11629410,721,757,3359
11629420,676,757,3413
11629430,698,757,3427
11629440,754,755,3353
11629451,844,755,3321
11629461,834,757,3390
11629471,869,760,3542
11629481,840,762,3640
11629491,832,762,3620
11629502,807,762,3626
11629512,725,762,3544
11629522,739,763,3483
11629532,721,763,3446
11629542,695,763,3461
11629552,720,763,3492
11629563,709,763,3497
11629573,806,764,3499
11629583,878,766,3685
11629593,830,769,3657
11629603,820,770,3652
11629614,786,772,3565
11629624,750,772,3569
11629634,722,770,3548
11629644,670,767,3655
11629654,707,768,3620
11629665,690,767,3681
11629675,769,768,3664
11629685,850,768,3741
11629695,825,768,3739
11629705,825,770,3684
11629716,799,772,3672
RIM
11629736,774,757,51
11629746,748,757,51
11629756,764,757,51
11629766,754,757,51
11629777,758,757,51
11629787,763,757,50
11629797,745,757,51
11629807,762,757,51
11629817,759,757,50
11629828,754,757,50
11629838,764,757,50
11629848,747,757,50
11629858,760,757,50
11629868,762,757,50
11629878,750,757,48
11629889,765,757,49
11629899,751,757,49
11629909,760,757,49
11629919,763,757,49
11629929,745,757,49
11629940,763,757,49
11629950,754,757,49
11629960,758,757,49
11629970,764,757,49
11629980,743,757,50
11629991,762,757,50
11630001,757,757,50
11630011,752,757,50
11630021,764,757,49
11630031,747,757,50
11630041,761,757,50
11630052,761,757,50
11630062,747,757,50
11630072,762,757,49
11630082,747,757,51
11630092,757,757,50
11630103,763,757,50
11630113,743,757,51
11630123,759,757,50
11630133,748,756,52
11630143,751,756,53
11630154,759,756,52
11630164,741,756,54
11630174,760,756,54
11630184,756,756,53
11630194,748,756,53
11630204,761,756,53
11630215,743,756,55
11630225,755,756,55
11630235,759,756,53
11630245,743,755,56
11630255,757,755,54
11630266,742,755,57
11630276,764,755,58
11630286,775,756,63
11630296,756,756,61
11630306,777,756,68
11630317,765,756,69
11630327,768,756,71
11630337,776,756,77
OSM
11630358,776,779,17
11630368,777,779,17
11630378,774,779,17
11630388,779,779,17
11630399,774,779,17
11630409,776,779,17
11630419,778,779,17
11630429,772,779,18
11630439,778,779,18
11630449,775,779,18
11630460,776,779,17
11630470,779,779,17
11630480,773,779,17
11630490,777,779,17
11630500,775,779,17
11630511,775,779,16
11630521,779,779,16
11630531,773,779,15
11630541,777,779,15
11630551,776,779,15
11630561,772,779,15
11630572,777,779,14
11630582,774,779,14
11630592,777,779,14
11630602,779,779,14
11630612,773,779,14
11630623,777,779,14
11630633,774,779,15
11630643,776,779,15
11630653,779,779,15
11630663,772,778,16
11630674,778,778,16
11630684,776,778,15
11630694,775,778,15
11630704,779,778,15
11630714,771,778,15
11630725,777,778,15
11630735,779,778,14
11630745,774,778,15
11630755,778,778,14
11630765,774,777,15
11630775,775,777,14
11630786,778,777,14
11630796,772,777,14
11630806,779,777,13
11630816,776,777,12
11630826,776,777,12
11630837,778,777,11
11630847,772,777,12
11630857,778,776,12
11630867,777,776,10
11630877,776,776,10
11630887,779,776,9
11630898,773,776,9
11630908,775,776,8
11630918,778,776,6
11630928,774,776,6
11630938,780,776,6
11630949,773,776,5
11630959,775,775,6
SIM
11630979,599,770,4032
11630989,634,769,4244
11630999,676,768,4358
11631010,660,767,4501
11631020,750,768,4467
11631030,781,768,4469
11631040,772,767,4421
11631050,769,766,4292
11631061,705,764,4275
11631071,691,761,4187
11631081,633,757,4301
11631091,618,754,4528
11631101,646,751,4661
11631112,610,748,4954
11631122,729,747,4949
11631132,680,746,5024
11631142,768,747,5014
11631152,803,748,5038
11631163,749,749,4984
11631173,734,750,4973
11631183,759,749,4972
11631193,688,748,4985
11631203,638,744,4944
11631214,620,740,5011
11631224,633,737,5062
11631234,702,735,4993
11631244,713,735,5001
11631254,797,736,5056
11631264,766,737,5065
11631275,768,738,5076
11631285,748,739,5012
11631295,663,738,5081
11631305,636,736,5248
11631315,624,733,5254
11631326,625,729,5267
11631336,626,725,5104
11631346,664,722,4940
11631356,777,721,4789
11631366,789,721,4743
11631377,742,721,4750
11631387,755,721,4764
11631397,771,722,4803
11631407,746,723,4799
11631417,727,723,4799
11631428,627,722,4949
11631438,622,719,4990
11631448,622,714,4710
11631458,610,711,4659
11631468,646,708,4525
11631479,647,706,4482
11631489,752,706,4485
11631499,776,707,4561
11631509,752,708,4570
11631519,754,709,4604
11631530,695,709,4602
11631540,321,701,6999
11631550,313,692,9072
11631560,282,683,11512
11631570,306,675,13483
11631580,293,666,15590
RIM
11631601,778,757,78
11631611,762,757,77
11631621,778,757,84
11631631,760,757,84
11631642,773,757,88
11631652,776,758,93
11631662,758,758,90
11631672,776,758,95
11631682,761,758,95
11631692,768,758,96
11631703,776,758,101
11631713,756,759,98
11631723,776,759,103
11631733,766,759,104
11631743,764,759,103
11631754,777,759,107
11631764,757,759,106
11631774,772,760,108
11631784,771,760,110
11631794,760,760,106
11631805,777,760,111
11631815,758,760,110
11631825,771,761,111
11631835,777,761,115
11631845,758,761,110
11631856,776,761,114
11631866,762,761,113
11631876,768,762,112
11631886,775,762,114
11631896,755,762,111
11631907,775,762,114
11631917,768,762,115
11631927,765,763,110
11631937,776,763,113
11631947,757,763,109
11631957,773,763,110
11631968,771,763,111
11631978,760,764,103
11631988,777,764,106
11631998,762,764,102
11632008,770,765,98
11632019,774,765,99
11632029,756,765,91
11632039,777,765,93
11632049,763,765,92
11632059,767,766,85
11632070,776,766,87
11632080,756,766,79
11632090,775,767,78
11632100,767,767,77
11632110,763,767,67
11632120,776,767,67
11632131,758,768,57
11632141,774,768,57
11632151,772,768,57
11632161,759,768,55
11632171,776,768,55
11632182,760,768,56
11632192,770,768,56
11632202,776,768,56
OSM
11632223,777,775,6
11632233,776,775,6
11632243,776,775,6
11632253,778,775,6
11632263,772,775,6
11632274,777,775,6
11632284,776,775,6
11632294,774,775,5
11632304,779,775,6
11632314,774,775,6
11632325,776,775,6
11632335,778,775,5
11632345,773,775,5
11632355,779,775,6
11632365,775,775,6
11632376,775,775,6
11632386,778,775,6
11632396,771,775,6
11632406,779,775,6
11632416,776,775,6
11632426,775,775,6
11632437,777,775,6
11632447,772,775,6
11632457,777,775,6
11632467,777,775,6
11632477,774,775,6
11632488,778,775,6
11632498,772,775,6
11632508,776,775,6
11632518,780,775,6
11632528,773,775,6
11632538,779,775,6
11632549,773,775,6
11632559,775,775,6
11632569,778,775,6
11632579,774,775,6
11632589,780,775,6
11632600,775,775,6
11632610,774,775,6
11632620,777,775,6
11632630,773,775,6
11632640,779,775,6
11632650,776,775,6
11632661,773,775,6
11632671,778,775,6
11632681,774,775,6
11632691,777,775,6
11632701,779,775,6
11632712,774,775,6
11632722,779,775,6
11632732,774,775,6
11632742,774,775,6
11632752,778,775,6
11632763,772,775,6
11632773,779,775,6
11632783,775,775,6
11632793,774,775,6
11632803,778,775,6
11632813,773,775,6
11632824,778,775,6
SIM
11632844,292,661,17828
11632854,301,656,19951
11632864,295,649,22077
11632874,289,643,24205
11632885,314,636,25772
11632895,273,627,27551
11632905,322,620,28706
11632915,322,612,29765
11632925,320,606,31010
11632936,325,600,32174
11632946,317,595,33466
11632956,320,590,34693
11632966,332,584,35724
11632976,286,579,37172
11632987,303,572,38022
11632997,301,566,39016
11633007,286,557,39579
11633017,309,549,39544
11633027,273,541,40096
11633038,284,534,40531
11633048,293,526,40600
11633058,285,519,41094
11633068,302,514,41620
11633078,275,508,42354
11633089,302,502,42777
11633099,336,496,42544
11633109,284,489,42469
11633119,309,481,41373
11633129,284,473,40611
11633140,305,465,39581
11633150,350,459,38433
11633160,282,452,38224
11633170,315,447,37953
11633180,304,442,37748
11633191,318,437,37422
11633201,351,432,36929
11633211,274,425,36413
11633221,312,418,34514
11633231,329,410,32297
11633242,320,403,30553
11633252,325,396,28546
11633262,276,388,26379
11633272,312,380,24290
11633282,344,374,22274
11633293,315,369,21243
11633303,337,364,20174
11633313,283,358,19148
11633323,304,353,18121
11633333,334,348,16677
11633344,295,342,15207
11633354,325,335,12369
11633364,331,328,9082
11633374,321,321,6037
11633384,349,314,2880
11633395,315,307,425
11633405,299,307,422
11633415,321,307,425
11633425,296,307,417
11633435,290,307,421
11633446,272,307,439
RIM
11633466,773,768,55
11633476,768,768,54
11633486,776,768,54
11633496,756,768,55
11633507,775,768,55
11633517,770,768,54
11633527,763,768,53
11633537,775,768,53
11633547,758,768,54
11633558,771,768,54
11633568,774,768,53
11633578,760,768,52
11633588,777,768,52
11633598,760,768,53
11633609,769,768,53
11633619,775,768,53
11633629,756,768,53
11633639,776,768,54
11633649,765,768,54
11633659,766,768,53
11633670,775,768,52
11633680,756,768,53
11633690,772,768,53
11633700,769,767,53
11633710,763,768,51
11633721,776,768,51
11633731,759,768,51
11633741,771,768,51
11633751,773,768,51
11633761,757,768,50
11633772,777,768,51
11633782,761,767,53
11633792,768,768,51
11633802,775,768,51
11633812,754,767,53
11633822,775,767,54
11633833,766,767,54
11633843,767,768,52
11633853,778,768,52
11633863,756,767,55
11633873,774,768,54
11633884,769,767,55
11633894,761,768,52
11633904,777,768,52
11633914,760,767,54
11633924,772,768,53
11633934,774,768,53
11633945,756,768,53
11633955,776,768,53
11633965,762,767,54
11633975,770,768,53
11633985,776,768,53
11633996,756,768,54
11634006,773,768,54
11634016,765,767,54
11634026,764,767,53
11634036,777,767,54
11634047,757,767,55
11634057,773,767,55
11634067,769,767,54
OSM
11634088,778,775,6
11634098,773,775,6
11634108,777,775,6
11634118,779,775,6
11634128,772,775,6
11634139,777,775,6
11634149,773,775,6
11634159,775,775,6
11634169,779,775,6
11634179,773,775,6
11634190,777,775,6
11634200,776,775,6
11634210,773,775,6
11634220,779,775,6
11634230,773,775,6
11634241,777,775,6
11634251,777,775,6
11634261,771,775,6
11634271,777,775,6
11634281,773,775,6
11634291,777,775,6
11634302,778,775,6
11634312,772,775,6
11634322,776,775,6
11634332,774,775,6
11634342,776,775,6
11634353,778,775,6
11634363,772,775,6
11634373,776,775,6
11634383,776,775,6
11634393,774,775,6
11634403,780,775,6
11634414,773,775,6
11634424,775,775,6
11634434,777,775,6
11634444,772,775,6
11634454,779,775,6
11634465,773,775,6
11634475,775,775,6
11634485,777,775,6
11634495,771,775,6
11634505,779,775,6
11634515,776,775,6
11634526,776,775,6
11634536,778,775,6
11634546,771,775,6
11634556,777,775,6
11634566,778,775,6
11634577,775,775,6
11634587,779,775,6
11634597,771,775,6
11634607,777,775,6
11634617,778,775,6
11634627,774,775,6
11634638,779,775,6
11634648,773,775,6
11634658,776,775,6
11634668,778,775,6
11634678,770,775,7
11634689,777,775,7
SIM
11634709,289,307,440
11634719,293,307,443
11634729,291,307,445
11634740,327,307,446
11634750,342,308,464
11634760,311,308,444
11634770,325,308,446
11634780,314,308,443
11634790,298,308,442
11634801,302,307,439
11634811,267,307,464
11634821,283,306,471
11634831,298,305,461
11634841,319,306,457
11634852,320,306,460
11634862,316,307,460
11634872,321,307,456
11634882,333,308,466
11634892,299,308,447
11634903,305,308,438
11634913,281,308,446
11634923,303,308,438
11634933,336,309,448
11634943,310,310,428
11634954,326,310,431
11634964,321,310,422
11634974,297,310,413
11634984,306,310,414
11634994,274,310,424
11635004,327,310,428
11635015,320,310,403
11635025,318,310,391
11635035,318,310,392
11635045,309,310,391
11635055,306,310,391
11635066,307,309,363
11635076,287,310,350
11635086,285,309,361
11635096,298,309,356
11635106,326,309,359
11635117,337,309,367
11635127,305,309,350
11635137,297,309,352
11635147,301,308,333
11635157,292,308,337
11635167,316,308,324
11635178,282,308,325
11635188,333,308,335
11635198,302,308,324
11635208,316,308,322
11635218,324,308,322
11635229,307,308,313
11635239,321,308,313
11635249,335,307,298
11635259,302,307,297
11635269,296,307,298
11635280,287,306,302
11635290,285,306,308
11635300,318,307,305
11635310,310,307,285
RIM
11635331,766,767,53
11635341,766,767,53
11635351,767,767,52
11635361,753,767,53
11635371,768,767,52
11635381,755,767,54
11635392,759,767,55
11635402,767,766,55
11635412,749,766,59
11635422,767,766,58
11635432,758,766,58
11635443,757,766,59
11635453,766,766,57
11635463,747,766,62
11635473,763,765,63
11635483,763,765,62
11635493,750,765,64
11635504,764,765,62
11635514,750,765,66
11635524,762,765,66
11635534,765,764,65
11635544,735,764,78
11635555,751,764,80
11635565,749,763,84
11635575,757,763,85
11635585,754,763,83
11635595,736,763,95
11635606,752,762,96
11635616,747,762,98
11635626,744,762,103
11635636,758,761,100
11635646,750,761,102
11635657,764,761,101
11635667,761,761,98
11635677,752,761,99
11635687,768,761,96
11635697,750,760,99
11635707,760,760,98
11635718,765,760,93
11635728,749,760,95
11635738,768,760,92
11635748,756,760,91
11635758,760,760,91
11635769,766,759,88
11635779,749,759,90
11635789,765,759,87
11635799,759,759,84
11635809,758,759,83
11635820,768,759,80
11635830,751,759,81
11635840,764,758,80
11635850,764,758,75
11635860,753,758,76
11635870,769,758,74
11635881,754,758,73
11635891,763,758,73
11635901,768,758,69
11635911,751,758,70
11635921,768,758,68
11635932,756,757,67
OSM
11635953,776,775,6
11635963,772,775,6
11635973,778,775,7
11635983,777,775,6
11635993,772,775,6
11636004,776,775,6
11636014,772,775,6
11636024,776,775,6
11636034,778,775,6
11636044,772,775,6
11636055,775,775,6
11636065,773,775,6
11636075,775,775,6
11636085,780,775,6
11636095,772,775,7
11636105,776,775,6
11636116,774,775,6
11636126,775,775,6
11636136,777,775,6
11636146,774,775,6
11636156,777,775,6
11636167,776,775,6
11636177,772,775,6
11636187,779,775,6
11636197,775,775,6
11636207,776,775,6
11636218,778,775,6
11636228,773,775,6
11636238,777,775,6
11636248,775,775,6
11636258,777,775,6
11636268,778,775,6
11636279,771,775,6
11636289,777,775,6
11636299,774,775,6
11636309,775,775,6
11636319,778,775,6
11636330,772,775,6
11636340,777,775,6
11636350,776,775,6
11636360,774,775,6
11636370,778,775,6
11636380,772,775,6
11636391,775,775,6
11636401,777,775,6
11636411,773,775,5
11636421,779,775,6
11636431,774,775,6
11636442,774,775,6
11636452,777,775,5
11636462,773,775,5
11636472,778,775,5
11636482,775,775,5
11636492,774,775,5
11636503,778,775,5
11636513,777,775,5
11636523,785,775,7
11636533,786,775,8
11636543,783,775,9
11636554,786,776,10
SIM
11636574,683,314,2580
11636584,764,322,5878
11636594,707,329,8280
11636604,710,335,10656
11636615,710,341,12954
11636625,718,348,15251
11636635,699,354,17250
11636645,719,361,19387
11636655,733,368,21568
11636666,763,376,24024
11636676,794,385,26652
11636686,718,392,28271
11636696,759,400,30302
11636706,811,408,32938
11636717,832,416,35726
11636727,849,425,38589
11636737,785,433,40496
11636747,829,441,42866
11636757,859,451,45340
11636768,873,460,47861
11636778,833,469,49550
11636788,855,479,51474
11636798,871,487,53616
11636808,849,496,55180
11636819,841,505,56593
11636829,832,514,57730
11636839,821,522,58440
11636849,804,531,58906
11636859,745,538,58507
11636870,739,545,58379
11636880,721,552,57996
11636890,719,559,57498
11636900,722,565,56927
11636910,698,572,56076
11636921,714,579,55181
11636931,729,586,54272
11636941,711,593,52990
11636951,757,601,51792
11636961,782,609,50741
11636972,823,617,50098
11636982,883,626,49880
11636992,837,635,48816
11637002,844,644,47549
11637012,818,653,46010
11637023,802,661,44133
11637033,787,669,42342
11637043,717,676,39825
11637053,713,683,37837
11637063,695,689,35376
11637074,704,696,33011
11637084,707,702,30664
11637094,691,708,28019
11637104,759,716,25500
11637114,807,724,23153
11637125,824,732,20276
11637135,827,741,17166
11637145,786,749,13686
11637155,801,758,10053
11637165,798,766,6780
11637175,709,773,3318
RIM
11637196,758,757,65
11637206,758,757,64
11637216,756,757,62
11637226,748,757,63
11637237,758,757,61
11637247,742,756,66
11637257,753,756,66
11637267,757,756,64
11637277,743,756,66
11637287,758,756,64
11637298,745,756,66
11637308,752,756,66
11637318,756,756,65
11637328,738,755,69
11637338,757,755,68
11637349,751,755,67
11637359,750,755,67
11637369,756,755,66
11637379,740,755,69
11637389,754,755,69
11637400,753,754,68
11637410,746,755,62
11637420,758,755,62
11637430,742,755,64
11637440,753,755,64
11637450,755,755,64
11637461,740,755,62
11637471,755,755,61
11637481,742,755,63
11637491,749,755,62
11637501,762,755,62
11637512,752,755,62
11637522,770,755,65
11637532,761,755,65
11637542,761,755,65
11637552,771,755,66
11637563,752,755,66
11637573,768,755,69
11637583,766,755,69
11637593,757,755,68
11637603,771,755,70
11637613,754,755,70
11637624,765,755,71
11637634,769,756,71
11637644,753,756,71
11637654,773,756,74
11637664,757,756,74
11637675,764,756,75
11637685,770,756,76
11637695,752,756,76
11637705,771,756,78
11637715,762,756,78
11637726,762,756,78
11637736,770,756,79
11637746,752,756,79
11637756,768,756,81
11637766,766,756,80
11637776,756,756,79
11637787,772,756,81
11637797,755,756,81
OSM
11637818,777,776,10
11637828,776,776,10
11637838,778,776,10
11637848,776,776,10
11637859,776,776,9
11637869,777,776,10
11637879,771,776,10
11637889,776,776,10
11637899,777,776,10
11637910,773,776,9
11637920,778,776,10
11637930,773,776,10
11637940,775,776,10
11637950,777,776,9
11637961,773,776,9
11637971,779,776,9
11637981,773,776,9
11637991,775,776,9
11638001,777,776,9
11638011,772,776,10
11638022,778,776,10
11638032,775,776,10
11638042,776,776,9
11638052,777,776,9
11638062,772,776,10
11638073,777,776,10
11638083,778,776,10
11638093,775,776,9
11638103,780,776,10
11638113,773,776,10
11638123,776,776,10
11638134,777,776,10
11638144,772,776,10
11638154,778,776,10
11638164,776,776,10
11638174,777,776,10
11638185,778,776,10
11638195,771,776,10
11638205,778,776,10
11638215,775,776,10
11638225,776,776,10
11638236,780,776,10
11638246,776,776,10
11638256,778,776,10
11638266,778,776,10
11638276,774,776,10
11638287,777,776,10
11638297,774,776,10
11638307,776,776,9
11638317,778,776,10
11638327,776,776,9
11638337,778,776,9
11638348,773,776,9
11638358,774,776,9
11638368,777,776,9
11638378,771,776,10
11638388,777,776,9
11638399,774,776,7
11638409,773,775,7
11638419,776,775,5
SIM
11638439,658,772,3404
11638449,698,771,3494
11638460,666,770,3611
11638470,728,771,3578
11638480,787,772,3519
11638490,830,774,3520
11638500,834,776,3480
11638511,778,777,3424
11638521,767,778,3392
11638531,686,776,3529
11638541,677,774,3686
11638551,688,774,3757
11638562,682,773,3894
11638572,763,772,3872
11638582,842,772,3893
11638592,659,769,4001
11638602,748,768,4004
11638613,826,768,3998
11638623,826,768,3916
11638633,824,767,3785
11638643,747,765,3718
11638653,834,765,3663
11638664,830,764,3547
11638674,804,764,3453
11638684,790,763,3365
11638694,804,762,3314
11638704,788,762,3268
11638715,779,761,3244
11638725,725,761,3261
11638735,683,760,3355
11638745,723,760,3352
11638755,674,759,3448
11638765,663,758,3580
11638776,674,758,3637
11638786,690,758,3682
11638796,707,757,3712
11638806,776,758,3680
11638816,850,760,3816
11638827,813,760,3854
11638837,821,760,3850
11638847,811,759,3642
11638857,789,758,3556
11638867,736,757,3440
11638878,676,754,3482
11638888,687,752,3518
11638898,696,751,3549
11638908,690,750,3593
11638918,773,751,3576
11638929,821,753,3598
11638939,819,755,3623
11638949,832,757,3676
11638959,768,759,3601
11638969,724,758,3621
11638980,696,756,3644
11638990,684,754,3651
11639000,706,752,3598
11639010,692,750,3638
11639020,696,749,3643
11639031,696,747,3647
11639041,682,746,3694
RIM
11639061,764,756,82
11639071,765,756,84
11639081,756,756,84
11639092,759,757,81
11639102,765,757,82
11639112,743,757,82
11639122,762,757,82
11639132,760,757,82
11639143,756,757,79
11639153,766,757,80
11639163,747,757,80
11639173,762,758,79
11639183,762,758,79
11639193,748,758,74
11639204,764,758,74
11639214,751,758,74
11639224,761,758,73
11639234,765,758,74
11639244,745,758,72
11639255,762,758,72
11639265,754,758,71
11639275,758,759,68
11639285,764,759,68
11639295,746,759,66
11639306,765,759,66
11639316,759,759,66
11639326,751,759,61
11639336,764,759,61
11639346,746,760,58
11639356,761,760,56
11639367,764,760,56
11639377,748,760,57
11639387,763,760,56
11639397,751,759,58
11639407,758,759,58
11639418,763,759,56
11639428,746,759,58
11639438,765,759,57
11639448,754,759,57
11639458,756,759,57
11639469,763,759,55
11639479,744,759,58
11639489,765,759,58
11639499,761,758,57
11639509,753,758,57
11639519,765,758,54
11639530,746,758,57
11639540,760,758,56
11639550,763,758,54
11639560,748,758,55
11639570,766,758,54
11639581,749,758,55
11639591,759,758,54
11639601,763,757,53
11639611,744,757,56
11639621,764,757,54
11639631,757,757,53
11639642,758,757,53
11639652,765,757,50
11639662,744,757,53
OSM
11639683,778,775,5
11639693,774,775,5
11639703,779,775,5
11639713,774,775,5
11639724,778,775,5
11639734,779,775,6
11639744,772,775,5
11639754,779,775,6
11639764,775,775,6
11639774,777,775,6
11639785,779,775,6
11639795,772,775,6
11639805,777,775,6
11639815,775,775,6
11639825,777,775,6
11639836,779,775,6
11639846,773,775,6
11639856,777,775,6
11639866,777,775,6
11639876,775,776,5
11639886,780,776,5
11639897,774,776,5
11639907,778,776,5
11639917,779,776,5
11639927,775,776,5
11639937,780,776,5
11639948,774,776,5
11639958,776,776,5
11639968,779,776,5
11639978,773,776,5
11639988,780,776,5
11639998,777,776,5
11640009,777,776,5
11640019,780,776,5
11640029,774,776,5
11640039,777,776,5
11640049,778,776,5
11640060,775,776,5
11640070,780,776,5
11640080,773,776,5
11640090,777,776,5
11640100,779,776,5
11640111,774,776,5
11640121,781,776,6
11640131,776,776,6
11640141,778,776,6
11640151,779,776,6
11640161,773,776,6
11640172,780,776,6
11640182,778,776,6
11640192,777,776,6
11640202,778,776,6
11640212,773,776,6
11640223,779,776,6
11640233,780,776,6
11640243,775,776,6
11640253,780,776,6
11640263,774,776,6
11640273,778,776,6
11640284,781,776,7
SIM
11640304,671,747,3658
11640314,710,747,3641
11640324,665,747,3643
11640335,687,746,3698
11640345,694,745,3714
11640355,771,744,3604
11640365,782,743,3493
11640375,815,743,3559
11640385,840,745,3701
11640396,818,747,3727
11640406,791,749,3673
11640416,813,751,3674
11640426,746,752,3594
11640436,700,751,3636
11640447,700,748,3538
11640457,693,749,3454
11640467,709,748,3482
11640477,723,747,3390
11640487,803,746,3339
11640498,847,747,3406
11640508,825,748,3506
11640518,816,748,3459
11640528,775,747,3359
11640538,733,746,3307
11640549,716,744,3289
11640559,647,742,3382
11640569,702,740,3373
11640579,706,739,3367
11640589,771,740,3379
11640600,867,743,3582
11640610,818,744,3667
11640620,821,747,3673
11640630,832,750,3665
11640640,800,752,3605
11640651,787,753,3559
11640661,713,754,3549
11640671,686,752,3616
11640681,714,750,3477
11640691,669,747,3517
11640701,692,745,3475
11640712,684,743,3462
11640722,746,742,3428
11640732,817,744,3516
11640742,822,746,3534
11640752,827,748,3577
11640763,824,751,3619
11640773,786,752,3575
11640783,762,752,3569
11640793,673,750,3590
11640803,677,747,3595
11640814,696,745,3515
11640824,696,744,3546
11640834,751,744,3540
11640844,801,746,3550
11640854,835,748,3610
11640865,830,751,3684
11640875,778,752,3636
11640885,743,753,3584
11640895,811,755,3581
11640905,793,757,3512
RIM
11640926,769,757,55
11640936,766,757,55
11640946,748,757,56
11640956,763,757,57
11640966,763,757,56
11640977,750,757,54
11640987,766,757,55
11640997,751,757,55
11641007,760,757,55
11641017,766,757,55
11641028,746,757,56
11641038,765,757,56
11641048,752,757,56
11641058,755,757,55
11641068,764,757,55
11641078,745,757,57
11641089,763,757,57
11641099,758,757,56
11641109,753,757,54
11641119,764,757,54
11641129,746,757,56
11641140,762,757,57
11641150,764,757,57
11641160,749,757,56
11641170,765,757,56
11641180,748,757,57
11641191,759,757,57
11641201,764,757,57
11641211,744,757,57
11641221,765,757,58
11641231,754,757,57
11641241,758,757,56
11641252,764,757,56
11641262,742,757,59
11641272,762,757,60
11641282,759,757,59
11641292,753,757,58
11641303,764,757,57
11641313,746,757,59
11641323,760,757,59
11641333,763,757,59
11641343,748,757,58
11641354,763,757,57
11641364,749,757,58
11641374,760,757,58
11641384,764,757,58
11641394,745,757,58
11641404,762,757,58
11641415,753,756,59
11641425,758,757,57
11641435,764,757,56
11641445,745,757,58
11641455,762,757,58
11641466,760,757,58
11641476,752,757,55
11641486,764,757,55
11641496,745,756,58
11641506,762,757,58
11641517,764,757,58
11641527,748,757,56
OSM
11641548,775,776,6
11641558,777,776,6
11641568,782,776,7
11641578,775,776,7
11641588,780,777,6
11641599,779,777,6
11641609,776,777,6
11641619,783,777,6
11641629,776,777,6
11641639,779,777,6
11641650,778,777,6
11641660,775,777,6
11641670,781,777,6
11641680,776,777,6
11641690,779,777,6
11641701,781,777,6
11641711,773,777,6
11641721,780,777,6
11641731,777,777,6
11641741,778,777,6
11641751,781,777,6
11641762,774,777,6
11641772,779,777,6
11641782,778,777,6
11641792,777,777,6
11641802,781,777,6
11641813,774,777,6
11641823,778,777,6
11641833,779,777,6
11641843,777,777,6
11641853,781,777,6
11641863,775,777,6
11641874,777,777,6
11641884,781,777,7
11641894,775,777,6
11641904,782,777,7
11641914,776,777,7
11641925,778,777,7
11641935,780,777,7
11641945,774,777,7
11641955,779,777,7
11641965,777,777,7
11641975,775,777,7
11641986,780,777,6
11641996,774,777,7
11642006,779,777,7
11642016,779,777,7
11642026,774,777,7
11642037,781,777,7
11642047,775,777,7
11642057,779,777,7
11642067,781,777,7
11642077,774,777,7
11642087,779,777,7
11642098,776,777,7
11642108,778,777,7
11642118,780,777,7
11642128,773,777,7
11642138,778,777,7
11642149,776,777,7
SIM
11642169,667,756,3525
11642179,674,756,3602
11642189,705,757,3506
11642199,782,758,3433
11642210,767,759,3363
11642220,842,760,3473
11642230,820,761,3522
11642240,788,761,3486
11642250,772,760,3383
11642261,687,757,3412
11642271,688,756,3471
11642281,686,754,3495
11642291,663,752,3630
11642301,677,752,3679
11642312,665,751,3760
11642322,721,752,3718
11642332,819,753,3759
11642342,750,754,3742
11642352,839,755,3822
11642363,829,754,3772
11642373,786,754,3705
11642383,796,753,3671
11642393,759,753,3664
11642403,712,753,3685
11642413,690,752,3729
11642424,660,752,3686
11642434,685,752,3719
11642444,695,752,3738
11642454,789,752,3755
11642464,855,752,3711
11642475,818,752,3711
11642485,806,752,3681
11642495,773,751,3581
11642505,724,750,3552
11642515,701,748,3568
11642526,722,748,3559
11642536,684,748,3563
11642546,670,747,3646
11642556,680,748,3618
11642566,729,748,3572
11642577,779,750,3514
11642587,836,751,3634
11642597,815,751,3630
11642607,808,751,3600
11642617,807,751,3556
11642628,757,750,3467
11642638,725,749,3455
11642648,704,748,3485
11642658,681,748,3467
11642668,678,748,3464
11642679,679,748,3498
11642689,744,748,3454
11642699,815,749,3526
11642709,808,750,3537
11642719,814,749,3486
11642729,803,749,3425
11642740,770,749,3418
11642750,769,749,3424
11642760,674,747,3451
11642770,681,745,3486
RIM
11642791,776,757,60
11642801,766,757,60
11642811,746,757,60
11642821,765,757,61
11642831,753,757,61
11642841,758,757,60
11642852,763,757,59
11642862,743,757,62
11642872,762,757,62
11642882,760,756,62
11642892,753,757,59
11642903,764,757,59
11642913,747,756,61
11642923,760,757,60
11642933,762,757,60
11642943,748,757,59
11642954,764,757,59
11642964,751,756,60
11642974,760,757,59
11642984,765,757,60
11642994,744,757,60
11643005,762,757,60
11643015,753,756,61
11643025,757,757,59
11643035,766,757,59
11643045,745,756,61
11643055,762,757,60
11643066,758,756,61
11643076,753,757,57
11643086,764,757,57
11643096,745,756,60
11643106,760,756,60
11643117,764,756,60
11643127,748,757,57
11643137,763,757,57
11643147,748,756,59
11643157,758,756,59
11643168,764,756,59
11643178,745,756,59
11643188,764,757,59
11643198,755,756,59
11643208,756,757,57
11643218,763,757,57
11643229,743,756,60
11643239,761,756,60
11643249,761,756,60
11643259,751,756,58
11643269,766,757,58
11643280,747,756,60
11643290,761,756,61
11643300,763,756,61
11643310,746,756,60
11643320,764,757,60
11643331,751,756,61
11643341,760,757,60
11643351,764,757,60
11643361,742,756,62
11643371,763,756,62
11643381,753,756,61
11643392,759,756,60
OSM
11643413,772,777,7
11643423,779,777,7
11643433,778,777,7
11643443,774,777,7
11643453,778,777,7
11643464,773,777,7
11643474,775,777,7
11643484,779,777,6
11643494,773,777,7
11643504,778,777,6
11643515,773,777,7
11643525,775,777,7
11643535,780,777,7
11643545,773,777,7
11643555,778,777,7
11643566,775,777,7
11643576,773,777,7
11643586,778,777,6
11643596,773,776,8
11643606,777,776,8
11643616,777,776,7
11643627,773,776,7
11643637,778,776,7
11643647,774,776,7
11643657,777,776,7
11643667,779,776,7
11643678,772,776,7
11643688,776,776,7
11643698,774,776,7
11643708,776,776,7
11643718,778,776,7
11643728,772,776,7
11643739,774,776,7
11643749,775,776,7
11643759,774,776,7
11643769,777,776,6
11643779,774,776,6
11643790,776,776,6
11643800,775,776,6
11643810,771,776,6
11643820,775,775,7
11643830,773,775,7
11643840,775,775,7
11643851,777,775,7
11643861,770,775,7
11643871,776,775,7
11643881,774,775,7
11643891,774,775,7
11643902,777,775,6
11643912,770,775,6
11643922,774,775,6
11643932,774,775,6
11643942,774,775,6
11643952,776,775,5
11643963,770,775,6
11643973,773,775,6
11643983,775,775,5
11643993,771,774,6
11644003,776,774,6
11644014,770,774,6
SIM
11644034,657,745,3513
11644044,652,744,3574
11644054,692,744,3594
11644064,782,744,3594
11644075,824,745,3690
11644085,815,745,3614
11644095,771,744,3532
11644105,760,743,3504
11644115,776,743,3508
11644126,692,743,3499
11644136,654,743,3581
11644146,651,742,3669
11644156,660,742,3677
11644166,667,742,3700
11644177,630,742,3810
11644187,664,741,3903
11644197,702,739,3824
11644207,646,737,3964
11644217,710,735,3799
11644228,785,734,3694
11644238,798,734,3717
11644248,872,735,3967
11644258,837,737,4126
11644268,820,739,4226
11644279,765,740,4196
11644289,722,741,4093
11644299,724,742,4044
11644309,694,742,4046
11644319,744,741,4009
11644329,821,740,3899
11644340,853,741,4009
11644350,873,742,4227
11644360,830,743,4339
11644370,810,744,4405
11644380,768,745,4381
11644391,732,746,4374
11644401,710,746,4331
11644411,689,746,4289
11644421,716,747,4230
11644431,779,748,4240
11644442,793,748,4258
11644452,879,749,4413
11644462,838,749,4473
11644472,836,750,4540
11644482,879,751,4761
11644493,828,752,4858
11644503,839,754,4967
11644513,796,755,4952
11644523,836,758,4958
11644533,809,760,4888
11644544,734,761,4788
11644554,723,761,4807
11644564,705,759,4808
11644574,702,757,4821
11644584,738,756,4772
11644595,761,755,4736
11644605,852,756,4886
11644615,878,758,5124
11644625,843,761,5115
11644635,815,763,5049
RIM
11644656,778,757,61
11644666,762,756,61
11644676,753,757,58
11644686,765,757,58
11644696,749,756,60
11644707,762,757,59
11644717,762,757,59
11644727,748,757,57
11644737,764,757,58
11644747,751,757,58
11644757,760,757,58
11644768,763,757,58
11644778,744,757,59
11644788,763,757,59
11644798,755,756,60
11644808,757,757,58
11644819,766,757,58
11644829,745,757,60
11644839,763,757,60
11644849,759,757,59
11644859,751,757,57
11644870,764,757,58
11644880,748,757,59
11644890,762,757,59
11644900,763,757,58
11644910,747,757,58
11644920,764,757,58
11644931,749,757,59
11644941,759,757,59
11644951,765,757,59
11644961,743,757,60
11644971,766,757,61
11644982,757,757,60
11644992,758,757,59
11645002,764,757,59
11645012,745,757,60
11645022,763,757,61
11645033,760,757,60
11645043,753,757,58
11645053,765,757,58
11645063,747,757,60
11645073,760,757,60
11645083,763,757,60
11645094,746,757,59
11645104,766,757,60
11645114,751,757,60
11645124,759,757,60
11645134,765,757,59
11645145,743,757,61
11645155,762,757,61
11645165,755,757,61
11645175,757,757,59
11645185,765,757,59
11645196,745,757,61
11645206,763,757,61
11645216,759,757,60
11645226,752,757,57
11645236,766,757,58
11645246,747,757,59
11645257,763,757,60
OSM
11645278,782,775,6
11645288,789,775,9
11645298,787,775,12
11645308,788,775,14
11645318,790,775,18
11645329,782,775,19
11645339,788,776,20
11645349,788,776,23
11645359,786,776,24
11645369,790,776,27
11645380,785,776,29
11645390,787,777,29
11645400,788,777,31
11645410,783,777,32
11645420,790,777,34
11645431,786,777,36
11645441,787,778,36
11645451,789,778,38
11645461,782,778,38
11645471,789,778,40
11645481,786,778,41
11645492,788,778,42
11645502,790,779,43
11645512,783,779,43
11645522,790,779,45
11645532,788,779,46
11645543,784,779,46
11645553,790,780,47
11645563,784,780,46
11645573,789,780,48
11645583,790,780,49
11645594,786,780,49
11645604,789,781,48
11645614,784,781,48
11645624,787,781,47
11645634,791,781,49
11645644,785,781,48
11645655,790,782,48
11645665,786,782,47
11645675,787,782,46
11645685,790,782,46
11645695,782,783,44
11645706,788,783,43
11645716,788,783,43
11645726,786,783,40
11645736,791,783,40
11645746,784,784,38
11645757,788,784,36
11645767,788,784,36
11645777,784,784,33
11645787,791,785,31
11645797,786,785,29
11645807,788,785,27
11645818,791,785,26
11645828,784,785,22
11645838,789,786,19
11645848,786,786,17
11645858,788,786,13
11645869,791,786,12
11645879,784,787,6
SIM
11645899,723,764,4886
11645909,691,765,4763
11645919,749,766,4676
11645930,785,766,4678
11645940,851,767,4741
11645950,880,768,4915
11645960,824,769,4966
11645970,834,770,5033
11645981,814,770,5065
11645991,760,772,4961
11646001,735,773,4750
11646011,748,774,4510
11646021,727,776,4325
11646032,731,777,4160
11646042,694,778,3913
11646052,733,779,3728
11646062,714,779,3700
11646072,754,781,3410
11646083,823,783,3350
11646093,847,784,3417
11646103,837,784,3460
11646113,862,784,3433
11646123,829,784,3420
11646134,811,784,3410
11646144,725,783,3463
11646154,726,783,3455
11646164,707,783,3493
11646174,716,783,3436
11646185,790,784,3409
11646195,835,784,3430
11646205,847,784,3416
11646215,871,784,3411
11646225,789,784,3376
11646235,779,783,3365
11646246,754,783,3375
11646256,724,783,3390
11646266,725,783,3357
11646276,691,783,3351
11646286,755,784,3288
11646297,784,784,3288
11646307,857,785,3373
11646317,865,785,3333
11646327,829,784,3319
11646337,847,785,3339
11646348,853,784,3269
11646358,830,784,3272
11646368,794,784,3223
11646378,802,784,3226
11646388,771,783,3183
11646399,749,782,3190
11646409,691,781,3289
11646419,725,781,3286
11646429,723,781,3245
11646439,782,782,3139
11646450,881,785,3258
11646460,837,786,3292
11646470,859,786,3308
11646480,801,785,3170
11646490,765,784,3120
11646501,732,782,3149
RIM
11646521,777,757,59
11646531,752,757,59
11646541,761,757,59
11646551,765,757,59
11646562,746,757,60
11646572,763,757,60
11646582,756,757,60
11646592,754,757,59
11646602,765,757,59
11646612,746,757,60
11646623,762,757,61
11646633,760,757,60
11646643,750,757,58
11646653,764,757,58
11646663,748,757,60
11646674,761,757,60
11646684,764,757,59
11646694,748,757,58
11646704,763,757,58
11646714,750,757,59
11646725,757,757,58
11646735,764,757,58
11646745,745,757,59
11646755,764,757,60
11646765,756,757,59
11646775,754,757,58
11646786,764,757,58
11646796,744,757,60
11646806,762,757,60
11646816,761,757,59
11646826,751,757,56
11646837,765,757,56
11646847,748,757,57
11646857,761,757,58
11646867,764,757,58
11646877,746,757,57
11646888,765,757,58
11646898,753,757,58
11646908,759,757,58
11646918,764,757,57
11646928,744,757,59
11646938,763,757,59
11646949,757,757,58
11646959,756,757,56
11646969,765,757,56
11646979,745,757,58
11646989,762,757,58
11647000,759,757,57
11647010,749,757,55
11647020,765,757,56
11647030,749,757,57
11647040,761,757,57
11647051,764,757,57
11647061,746,757,56
11647071,763,757,56
11647081,749,757,57
11647091,759,757,57
11647101,765,757,57
11647112,744,757,58
11647122,763,757,58
OSM
11647143,784,787,6
11647153,790,787,6
11647163,786,787,6
11647173,788,787,6
11647183,788,787,6
11647194,784,787,6
11647204,790,787,6
11647214,786,787,6
11647224,788,787,6
11647234,791,787,6
11647245,782,787,6
11647255,788,787,6
11647265,786,787,6
11647275,788,787,6
11647285,790,787,6
11647296,783,787,6
11647306,788,787,6
11647316,787,787,6
11647326,786,787,6
11647336,791,787,6
11647346,785,787,6
11647357,788,787,6
11647367,789,787,6
11647377,784,787,6
11647387,791,787,6
11647397,787,787,6
11647408,787,787,6
11647418,791,787,6
11647428,783,787,6
11647438,789,787,6
11647448,787,787,6
11647458,788,787,6
11647469,789,787,6
11647479,782,787,6
11647489,789,787,6
11647499,787,787,6
11647509,787,787,6
11647520,789,787,6
11647530,783,787,6
11647540,787,787,6
11647550,789,787,6
11647560,786,787,6
11647570,790,787,6
11647581,784,787,6
11647591,786,787,6
11647601,790,787,6
11647611,784,787,6
11647621,791,787,6
11647632,785,787,6
11647642,786,787,6
11647652,790,787,6
11647662,784,787,6
11647672,790,787,6
11647682,787,787,6
11647693,785,787,6
11647703,789,787,6
11647713,784,787,6
11647723,789,787,6
11647733,791,787,6
11647744,785,787,6
SIM
11647764,701,782,3200
11647774,720,782,3126
11647784,736,782,3143
11647794,765,782,3148
11647805,828,781,3105
11647815,888,782,3131
11647825,844,782,3166
11647835,887,783,3303
11647845,839,783,3339
11647856,857,785,3416
11647866,847,787,3433
11647876,767,787,3415
11647886,833,789,3385
11647896,793,790,3327
11647907,776,791,3175
11647917,740,791,3162
11647927,691,791,3230
11647937,704,790,3333
11647947,729,789,3376
11647958,738,787,3360
11647968,825,787,3343
11647978,832,786,3283
11647988,867,787,3360
11647998,870,788,3464
11648009,808,789,3402
11648019,779,790,3336
11648029,723,790,3296
11648039,714,790,3301
11648049,746,789,3334
11648060,724,788,3368
11648070,820,787,3328
11648080,865,787,3312
11648090,839,788,3355
11648100,866,789,3452
11648110,780,790,3432
11648121,801,791,3359
11648131,756,792,3306
11648141,718,792,3227
11648151,760,792,3222
11648161,700,791,3361
11648172,714,788,3383
11648182,743,786,3317
11648192,735,785,3328
11648202,704,782,3369
11648212,739,780,3316
11648223,769,779,3277
11648233,881,781,3441
11648243,839,781,3490
11648253,847,783,3556
11648263,853,784,3616
11648274,814,786,3478
11648284,797,788,3414
11648294,707,787,3453
11648304,725,786,3518
11648314,714,784,3451
11648325,712,782,3487
11648335,784,780,3387
11648345,835,781,3429
11648355,860,783,3524
11648365,872,785,3608
RIM
11648386,773,757,56
11648396,746,757,57
11648406,764,757,58
11648416,761,756,58
11648426,752,757,55
11648437,764,757,56
11648447,746,756,58
11648457,761,757,58
11648467,765,757,58
11648477,749,757,57
11648488,764,757,57
11648498,750,756,59
11648508,758,757,57
11648518,764,757,57
11648528,742,757,59
11648538,763,757,60
11648549,755,756,60
11648559,757,757,58
11648569,764,757,58
11648579,745,756,60
11648589,762,757,60
11648600,760,756,60
11648610,752,757,57
11648620,766,757,58
11648630,748,757,59
11648640,761,757,59
11648651,764,757,59
11648661,748,757,58
11648671,764,757,58
11648681,750,757,59
11648691,758,757,58
11648701,766,757,58
11648712,746,757,59
11648722,764,757,60
11648732,756,757,59
11648742,756,757,57
11648752,764,757,56
11648763,745,757,59
11648773,763,757,59
11648783,762,757,59
11648793,752,757,56
11648803,764,757,57
11648814,747,757,58
11648824,761,757,58
11648834,764,757,58
11648844,748,757,57
11648854,765,757,58
11648864,749,757,59
11648875,759,757,58
11648885,763,757,57
11648895,744,757,59
11648905,763,757,59
11648915,758,757,59
11648926,756,757,57
11648936,763,757,57
11648946,743,757,59
11648956,762,757,59
11648966,760,757,58
11648977,751,757,56
11648987,764,757,56
OSM
11649008,786,787,6
11649018,790,787,6
11649028,785,787,6
11649038,789,787,6
11649048,785,787,6
11649059,787,787,6
11649069,789,787,6
11649079,784,787,6
11649089,789,787,6
11649099,786,787,6
11649110,785,787,5
11649120,789,787,5
11649130,784,787,5
11649140,791,787,6
11649150,790,787,6
11649160,785,787,5
11649171,789,787,6
11649181,784,787,6
11649191,788,787,6
11649201,790,787,6
11649211,783,787,6
11649222,789,787,6
11649232,785,787,6
11649242,787,787,6
11649252,791,787,6
11649262,783,787,6
11649273,788,787,6
11649283,787,787,6
11649293,787,787,5
11649303,791,787,6
11649313,785,787,6
11649323,787,787,6
11649334,787,787,6
11649344,785,787,5
11649354,790,787,5
11649364,787,787,5
11649374,787,787,5
11649385,788,787,5
11649395,783,787,5
11649405,789,787,5
11649415,786,787,5
11649425,790,787,5
11649435,790,787,5
11649446,782,787,6
11649456,788,787,6
11649466,786,787,6
11649476,786,787,5
11649486,790,787,5
11649497,783,787,6
11649507,787,787,6
11649517,788,787,5
11649527,785,787,5
11649537,790,787,5
11649547,785,787,5
11649558,787,787,5
11649568,789,787,5
11649578,784,787,5
11649588,791,787,5
11649598,786,787,5
11649609,786,787,5
SIM
11649629,685,785,3657
11649639,720,785,3657
11649649,734,785,3660
11649659,686,783,3816
11649670,721,781,3846
11649680,705,778,3747
11649690,797,778,3681
11649700,801,776,3490
11649710,833,776,3478
11649721,877,776,3539
11649731,852,776,3551
11649741,840,778,3613
11649751,847,778,3642
11649761,776,778,3639
11649772,785,778,3639
11649782,742,778,3637
11649792,706,778,3597
11649802,725,778,3553
11649812,735,779,3542
11649823,813,780,3532
11649833,900,781,3736
11649843,836,781,3743
11649853,852,781,3704
11649863,802,780,3579
11649874,753,779,3578
11649884,736,778,3609
11649894,690,778,3687
11649904,725,778,3666
11649914,755,778,3658
11649925,818,779,3633
11649935,866,780,3728
11649945,828,780,3646
11649955,857,780,3687
11649965,906,781,3827
11649975,841,782,3886
11649986,851,782,3960
11649996,806,783,3956
11650006,784,784,3882
11650016,813,785,3884
11650026,743,786,3792
11650037,731,786,3756
11650047,714,786,3811
11650057,714,785,3855
11650067,738,786,3781
11650077,732,786,3792
11650088,788,786,3788
11650098,863,786,3736
11650108,839,786,3736
11650118,840,786,3723
11650128,795,785,3649
11650139,768,784,3639
11650149,748,783,3659
11650159,701,783,3674
11650169,728,783,3669
11650179,750,784,3606
11650190,824,786,3542
11650200,878,787,3681
11650210,832,787,3676
11650220,838,787,3630
11650230,805,786,3515
RIM
11650251,772,757,56
11650261,750,757,55
11650271,767,757,55
11650281,752,757,56
11650291,762,757,56
11650302,765,757,56
11650312,744,757,57
11650322,763,757,57
11650332,756,757,56
11650342,757,757,55
11650353,764,757,55
11650363,746,757,56
11650373,764,757,57
11650383,760,757,56
11650393,752,757,53
11650403,764,757,53
11650414,747,757,55
11650424,760,757,55
11650434,763,757,55
11650444,748,757,54
11650454,765,757,54
