Polling for available serial device...
Opening serial monitor for com port: "/dev/ttyACM0"
Serial monitor opened successfully:
10694731,426,431,26
10694741,431,431,25
10694751,437,431,25
10694761,422,430,28
10694771,435,431,26
10694781,429,431,26
10694792,428,431,25
10694802,437,431,26
10694812,426,431,26
SIM
10694832,756,823,3534
10694843,734,820,3616
10694853,779,819,3604
10694863,865,819,3632
10694873,922,823,3596
10694883,875,823,3636
10694893,877,822,3450
10694904,906,824,3552
10694914,911,827,3565
10694924,826,827,3564
10694934,853,826,3535
10694944,782,825,3564
10694955,772,827,3371
10694965,773,825,3412
10694975,726,822,3453
10694985,769,821,3500
10694995,827,822,3450
10695006,858,823,3453
10695016,936,824,3603
10695026,850,825,3612
10695036,867,827,3533
10695046,845,827,3532
10695057,753,825,3611
10695067,767,824,3666
10695077,699,823,3860
10695087,763,822,3919
10695097,881,821,3869
10695108,892,823,3948
10695118,916,826,3967
10695128,862,826,3955
10695138,842,825,3928
10695148,947,827,4165
10695159,848,828,4086
10695169,856,829,4091
10695179,784,827,3972
10695189,752,826,4044
10695199,792,827,3894
10695209,702,825,4152
10695220,762,823,4135
10695230,755,822,4205
10695240,815,823,4066
10695250,855,824,4079
10695260,871,823,3863
10695271,912,824,3989
10695281,928,827,4038
10695291,848,827,4040
10695301,840,827,3979
10695311,749,825,4069
10695322,772,826,3951
10695332,762,825,4018
10695342,725,822,4076
10695352,809,822,4079
10695362,871,823,4056
10695373,913,825,4171
10695383,916,826,4231
10695393,829,826,4229
10695403,836,827,4047
10695413,797,827,4053
10695424,753,825,4101
10695434,755,823,4181
RIM
10695454,884,857,120
10695464,855,857,117
10695474,855,857,113
10695485,871,857,116
10695495,835,856,124
10695505,866,857,125
10695515,860,857,122
10695525,847,857,119
10695536,868,857,120
10695546,837,856,126
10695556,864,857,125
10695566,867,856,125
10695576,842,856,127
10695587,869,857,128
10695597,842,856,130
10695607,857,856,127
10695617,867,856,127
10695627,834,856,134
10695637,867,856,136
10695648,852,856,133
10695658,855,856,129
10695668,867,856,130
10695678,833,856,138
10695688,864,856,139
10695699,857,856,137
10695709,847,856,134
10695719,870,856,135
10695729,840,856,139
10695739,863,856,138
10695750,867,856,138
10695760,840,856,140
10695770,868,856,142
10695780,842,856,143
10695790,858,856,140
10695800,868,856,140
10695811,835,856,146
10695821,868,856,149
10695831,854,856,146
10695841,853,856,140
10695851,868,856,142
10695862,834,856,150
10695872,864,856,151
10695882,859,856,149
10695892,847,856,144
10695902,870,856,147
10695913,839,855,152
10695923,860,856,149
10695933,864,856,148
10695943,839,855,151
10695953,867,856,152
10695964,843,855,154
10695974,857,855,152
10695984,869,855,153
10695994,836,855,157
10696004,866,855,159
10696014,853,855,156
10696025,852,855,152
10696035,868,855,153
10696045,834,855,161
10696055,866,855,162
OSM
10696076,430,431,26
10696086,439,431,26
10696096,425,431,27
10696106,433,431,27
10696117,439,431,27
10696127,424,431,28
10696137,437,431,28
10696147,427,431,28
10696157,431,431,27
10696167,438,431,28
10696178,422,431,28
10696188,437,431,29
10696198,429,431,28
10696208,428,431,27
10696218,437,431,27
10696229,423,430,29
10696239,437,431,29
10696249,433,431,28
10696259,426,431,27
10696269,437,431,28
10696279,423,430,30
10696290,432,431,29
10696300,437,431,29
10696310,425,431,29
10696320,438,431,29
10696330,426,430,30
10696341,430,431,29
10696351,437,431,29
10696361,422,430,31
10696371,437,431,30
10696381,430,430,31
10696392,429,431,29
10696402,438,431,29
10696412,422,430,31
10696422,435,431,31
10696432,434,431,30
10696442,427,431,29
10696453,439,431,30
10696463,423,431,31
10696473,432,431,31
10696483,436,431,31
10696493,424,431,31
10696504,439,431,32
10696514,426,431,32
10696524,431,431,32
10696534,437,431,31
10696544,422,431,32
10696555,436,431,32
10696565,428,430,33
10696575,429,431,31
10696585,439,431,32
10696595,423,431,32
10696605,436,431,33
10696616,434,431,32
10696626,425,431,32
10696636,438,431,32
10696646,425,431,33
10696656,433,431,33
10696667,437,431,33
10696677,423,431,33
SIM
10696697,744,823,4211
10696707,722,823,4249
10696717,776,823,4253
10696728,728,821,4371
10696738,843,819,4209
10696748,950,821,4438
10696758,860,820,4412
10696768,892,820,4375
10696779,860,819,4264
10696789,821,819,4263
10696799,790,818,4258
10696809,725,817,4381
10696819,783,817,4367
10696830,783,818,4353
10696840,832,819,4212
10696850,927,822,4353
10696860,849,822,4365
10696870,884,823,4406
10696881,915,822,4335
10696891,868,823,4356
10696901,877,823,4372
10696911,804,822,4371
10696921,884,824,4348
10696932,872,826,4325
10696942,794,828,4069
10696952,781,828,4035
10696962,742,826,4108
10696972,756,823,4114
10696983,793,821,3984
10696993,735,819,4079
10697003,851,819,4087
10697013,925,819,4001
10697023,912,820,4129
10697033,885,821,4177
10697044,848,822,4165
10697054,857,823,4101
10697064,861,825,4104
10697074,759,826,3924
10697084,751,825,3950
10697095,719,825,4056
10697105,753,824,4140
10697115,845,824,4131
10697125,867,823,4126
10697135,912,823,4126
10697146,891,823,4019
10697156,867,823,4041
10697166,868,824,4069
10697176,756,824,4052
10697186,777,824,4044
10697197,747,824,4079
10697207,755,824,3995
10697217,817,824,3992
10697227,856,824,3972
10697237,808,822,3843
10697248,909,822,3822
10697258,899,823,3917
10697268,910,825,4037
10697278,829,825,4024
10697288,844,827,3939
10697299,847,828,3858
RIM
10697319,879,855,158
10697329,840,855,162
10697339,864,855,163
10697349,867,855,161
10697360,843,855,157
10697370,869,855,158
10697380,841,855,161
10697390,859,855,160
10697400,868,855,160
10697411,835,855,162
10697421,868,855,163
10697431,850,855,161
10697441,856,855,158
10697451,869,855,158
10697461,835,855,162
10697472,866,855,164
10697482,859,855,162
10697492,848,855,155
10697502,868,855,156
10697512,839,855,160
10697523,864,855,161
10697533,866,855,161
10697543,842,855,156
10697553,867,855,157
10697563,845,855,158
10697574,858,855,157
10697584,869,855,157
10697594,836,855,159
10697604,867,855,161
10697614,850,855,159
10697625,855,855,155
10697635,870,855,156
10697645,836,855,159
10697655,866,855,161
10697665,860,855,158
10697675,848,855,153
10697686,867,855,152
10697696,837,855,158
10697706,862,855,158
10697716,868,855,158
10697726,841,855,154
10697737,869,855,156
10697747,843,855,158
10697757,858,855,157
10697767,868,855,156
10697777,835,855,159
10697788,867,855,161
10697798,853,855,159
10697808,854,855,155
10697818,868,855,156
10697828,835,855,160
10697839,866,855,162
10697849,859,855,159
10697859,847,855,154
10697869,869,856,154
10697879,840,855,159
10697889,864,856,159
10697900,867,855,160
10697910,841,856,154
10697920,869,856,155
OSM
10697941,435,431,34
10697951,438,431,33
10697961,425,431,33
10697971,438,431,34
10697982,430,431,33
10697992,429,431,32
10698002,437,431,32
10698012,422,431,33
10698022,435,431,34
10698032,435,431,33
10698043,427,431,32
10698053,439,431,32
10698063,423,431,33
10698073,434,431,33
10698083,437,431,33
10698094,422,431,34
10698104,437,431,34
10698114,426,431,34
10698124,432,431,34
10698134,439,431,34
10698145,422,431,34
10698155,436,431,35
10698165,430,431,34
10698175,429,431,34
10698185,438,431,34
10698195,424,431,34
10698206,435,431,34
10698216,434,431,34
10698226,425,431,33
10698236,437,431,33
10698246,424,431,34
10698257,434,431,34
10698267,437,431,34
10698277,424,431,33
10698287,437,431,34
10698297,425,431,34
10698308,431,431,34
10698318,438,431,34
10698328,422,431,34
10698338,436,431,34
10698348,430,431,34
10698358,428,431,33
10698369,437,431,33
10698379,422,431,34
10698389,436,431,34
10698399,435,431,34
10698409,426,431,33
10698420,438,431,33
10698430,424,431,34
10698440,432,431,34
10698450,437,431,33
10698460,423,431,33
10698471,439,431,34
10698481,426,431,34
10698491,431,431,34
10698501,436,431,33
10698511,421,431,34
10698521,436,431,35
10698532,431,431,34
10698542,429,431,33
SIM
10698562,728,828,3907
10698572,727,828,3889
10698583,779,828,3884
10698593,723,828,3901
10698603,844,828,3902
10698613,911,827,3769
10698623,893,828,3822
10698633,910,828,3866
10698644,847,828,3855
10698654,834,828,3855
10698664,821,829,3830
10698674,757,829,3736
10698684,749,829,3808
10698695,745,828,3890
10698705,770,827,3945
10698715,875,826,3817
10698725,888,827,3871
10698735,908,827,3926
10698746,882,827,3848
10698756,840,826,3823
10698766,843,826,3784
10698776,729,824,3932
10698786,774,822,3913
10698797,761,821,3933
10698807,752,820,4000
10698817,753,819,4050
10698827,788,820,3965
10698837,857,822,3914
10698848,944,824,4140
10698858,883,827,4055
10698868,875,827,4084
10698878,809,825,3929
10698888,789,823,3823
10698898,783,822,3785
10698909,716,819,3957
10698919,777,818,3962
10698929,778,817,3957
10698939,853,818,3921
10698949,945,821,4100
10698960,877,824,3966
10698970,902,827,3975
10698980,864,827,3992
10698990,816,826,3967
10699000,793,824,3860
10699011,739,822,3902
10699021,746,819,3961
10699031,788,818,3938
10699041,756,818,3938
10699051,760,818,3966
10699062,821,819,3880
10699072,919,822,3967
10699082,930,824,4156
10699092,852,824,4152
10699102,886,825,4210
10699113,848,824,4101
10699123,786,822,4030
10699133,781,820,3926
10699143,704,818,4146
10699153,774,817,4167
10699163,809,816,4153
RIM
10699184,875,856,153
10699194,838,856,154
10699204,870,856,156
10699214,849,855,156
10699225,855,856,152
10699235,869,856,152
10699245,835,855,157
10699255,865,856,157
10699265,858,855,155
10699276,847,856,148
10699286,869,856,149
10699296,838,855,155
10699306,864,856,155
10699316,867,856,154
10699326,842,856,150
10699337,869,856,151
10699347,841,855,155
10699357,857,856,154
10699367,868,856,154
10699377,836,855,156
10699388,867,856,156
10699398,852,855,156
10699408,855,856,152
10699418,868,856,152
10699428,835,855,158
10699439,866,855,160
10699449,859,855,157
10699459,846,855,152
10699469,867,855,152
10699479,839,855,156
10699490,864,855,158
10699500,867,855,156
10699510,842,856,152
10699520,868,856,153
10699530,842,855,156
10699540,858,855,156
10699551,868,855,156
10699561,836,855,157
10699571,868,856,158
10699581,851,855,156
10699591,855,855,153
10699602,869,855,153
10699612,835,855,157
10699622,864,855,158
10699632,859,855,156
10699642,846,855,150
10699653,869,855,151
10699663,839,855,155
10699673,864,855,157
10699683,865,855,156
10699693,842,855,152
10699704,870,856,152
10699714,843,855,156
10699724,858,855,155
10699734,869,855,155
10699744,836,855,157
10699754,868,855,158
10699765,853,855,156
10699775,854,855,153
10699785,868,855,152
OSM
10699805,440,431,34
10699816,433,431,33
10699826,429,431,33
10699836,439,431,33
10699846,424,431,34
10699856,434,431,34
10699867,437,431,34
10699877,424,431,33
10699887,439,431,34
10699897,425,431,35
10699907,433,431,34
10699918,436,431,34
10699928,422,431,34
10699938,436,431,34
10699948,428,431,34
10699958,430,431,32
10699968,438,431,33
10699979,422,431,34
10699989,435,431,34
10699999,432,431,33
10700009,426,431,32
10700019,438,431,32
10700030,424,431,33
10700040,434,431,33
10700050,438,431,33
10700060,424,431,33
10700070,438,431,34
10700081,424,431,34
10700091,431,431,34
10700101,439,431,34
10700111,424,431,34
10700121,436,431,35
10700131,428,431,34
10700142,429,431,33
10700152,437,431,33
10700162,422,431,34
10700172,436,431,34
10700182,434,431,34
10700193,428,431,33
10700203,438,431,33
10700213,424,431,34
10700223,433,431,34
10700233,436,431,34
10700244,424,431,33
10700254,438,431,33
10700264,425,431,34
10700274,431,431,33
10700284,436,431,33
10700294,422,431,33
10700305,436,431,34
10700315,429,431,33
10700325,430,431,32
10700335,437,431,32
10700345,422,431,33
10700356,436,431,33
10700366,433,431,33
10700376,426,431,32
10700386,438,431,32
10700396,424,431,33
10700407,435,431,33
SIM
10700427,694,815,4273
10700437,765,816,4183
10700447,800,816,4165
10700457,823,818,4015
10700468,894,819,4098
10700478,892,819,4046
10700488,887,819,4032
10700498,886,818,3969
10700508,906,819,4081
10700519,918,821,4237
10700529,879,821,4293
10700539,849,823,4232
10700549,850,825,4148
10700559,827,826,4039
10700570,855,827,3998
10700580,782,826,3993
10700590,756,824,4008
10700600,792,822,3904
10700610,693,819,4114
10700621,767,817,4151
10700631,818,817,4140
10700641,879,820,4066
10700651,924,822,4205
10700661,886,824,4205
10700672,883,826,4169
10700682,888,829,4135
10700692,792,829,4130
10700702,780,827,4156
10700712,724,824,4097
10700722,769,822,4086
10700733,779,820,4069
10700743,783,820,4089
10700753,925,822,4251
10700763,905,824,4335
10700773,876,827,4175
10700784,870,828,4162
10700794,789,828,4146
10700804,762,827,4208
10700814,779,824,4009
10700824,849,824,3972
10700835,852,823,3884
10700845,794,822,3869
10700855,757,821,3938
10700865,758,820,3991
10700875,719,820,4052
10700886,777,820,3992
10700896,779,820,4003
10700906,853,822,3948
10700916,937,825,4094
10700926,837,825,4096
10700937,920,825,4099
10700947,892,824,3991
10700957,865,825,4005
10700967,852,824,3955
10700977,797,823,3958
10700988,771,823,3980
10700998,776,823,3987
10701008,742,823,3861
10701018,765,823,3877
10701028,819,823,3874
RIM
10701049,866,855,148
10701059,852,856,142
10701069,869,856,142
10701079,838,855,147
10701089,864,855,148
10701100,865,855,147
10701110,844,856,141
10701120,868,856,142
10701130,841,855,146
10701140,859,856,144
10701151,868,856,144
10701161,838,856,144
10701171,868,856,145
10701181,850,855,144
10701191,856,856,141
10701201,869,856,141
10701212,834,855,146
10701222,865,856,146
10701232,858,855,145
10701242,850,856,138
10701252,869,856,139
10701263,838,855,145
10701273,863,856,145
10701283,864,855,144
10701293,842,856,139
10701303,869,856,140
10701314,840,855,145
10701324,858,856,143
10701334,868,856,143
10701344,840,856,143
10701354,867,856,144
10701365,849,855,143
10701375,855,856,139
10701385,869,856,140
10701395,834,855,145
10701405,866,856,146
10701415,859,855,144
10701426,849,856,138
10701436,869,856,138
10701446,837,855,145
10701456,864,856,145
10701466,865,855,144
10701477,842,856,139
10701487,868,856,141
10701497,841,855,145
10701507,858,856,143
10701517,868,856,142
10701528,837,856,144
10701538,868,856,145
10701548,850,855,145
10701558,855,856,141
10701568,866,855,140
10701579,836,855,144
10701589,865,855,145
10701599,859,855,142
10701609,850,856,136
10701619,870,856,137
10701629,838,855,142
10701640,863,855,143
10701650,865,855,142
OSM
10701671,441,431,33
10701681,427,431,34
10701691,432,431,33
10701701,438,431,33
10701711,423,431,33
10701722,436,431,34
10701732,429,431,33
10701742,429,431,32
10701752,438,431,32
10701762,423,431,33
10701773,435,431,33
10701783,434,431,33
10701793,425,431,32
10701803,438,431,32
10701813,424,431,33
10701824,434,431,33
10701834,438,431,33
10701844,423,431,33
10701854,437,431,33
10701864,425,431,34
10701874,431,431,33
10701885,437,431,33
10701895,423,431,33
10701905,437,431,34
10701915,430,431,33
10701925,429,431,32
10701936,438,431,32
10701946,422,431,33
10701956,434,431,33
10701966,433,431,32
10701976,426,431,31
10701987,437,431,32
10701997,425,431,32
10702007,432,431,32
10702017,436,431,32
10702027,424,431,31
10702037,439,431,32
10702048,427,431,32
10702058,431,431,32
10702068,437,431,32
10702078,422,431,32
10702088,435,431,32
10702099,430,431,32
10702109,428,431,31
10702119,438,431,31
10702129,423,431,32
10702139,435,431,32
10702150,433,431,32
10702160,426,431,31
10702170,438,431,31
10702180,424,431,32
10702190,434,431,32
10702200,437,431,32
10702211,423,431,32
10702221,438,431,32
10702231,426,431,33
10702241,430,431,32
10702251,440,431,33
10702262,421,431,34
10702272,436,431,34
SIM
10702292,705,824,3827
10702302,768,824,3821
10702313,768,823,3864
10702323,858,824,3883
10702333,947,825,4052
10702343,844,824,3983
10702353,888,824,3985
10702363,852,823,3935
10702374,819,822,3820
10702384,777,819,3697
10702394,721,817,3794
10702404,770,816,3813
10702414,783,814,3812
10702425,768,813,3845
10702435,890,814,3912
10702445,888,816,3981
10702455,889,818,4004
10702465,938,820,4225
10702476,862,823,3973
10702486,890,825,3988
10702496,836,826,3988
10702506,809,824,3946
10702516,816,823,3779
10702527,716,820,3897
10702537,761,818,3886
10702547,771,816,3838
10702557,806,816,3830
10702567,883,818,3878
10702578,878,820,3784
10702588,894,822,3824
10702598,884,824,3851
10702608,813,825,3823
10702618,786,822,3678
10702629,738,820,3677
10702639,739,817,3730
10702649,787,816,3698
10702659,763,815,3733
10702669,883,817,3756
10702679,930,820,3932
10702690,892,821,4003
10702700,893,821,4074
10702710,809,822,4063
10702720,818,823,3991
10702730,906,825,4029
10702741,874,828,3872
10702751,848,829,3833
10702761,775,829,3840
10702771,756,827,3918
10702781,914,827,3843
10702792,823,827,3841
10702802,787,824,3720
10702812,746,822,3742
10702822,743,820,3813
10702832,760,818,3855
10702843,709,817,4046
10702853,762,817,4061
10702863,837,818,4038
10702873,917,821,4095
10702883,930,823,4233
10702894,875,824,4275
RIM
10702914,857,855,140
10702924,862,855,141
10702934,870,855,141
10702944,838,855,141
10702955,868,856,142
10702965,852,855,141
10702975,855,855,139
10702985,868,855,139
10702995,835,855,143
10703006,866,856,144
10703016,860,855,142
10703026,847,856,137
10703036,870,856,138
10703046,839,855,143
10703057,864,856,144
10703067,865,855,143
10703077,840,856,138
10703087,868,856,139
10703097,842,855,143
10703108,860,855,143
10703118,870,856,143
10703128,838,856,143
10703138,868,856,144
10703148,853,855,144
10703158,855,856,140
10703169,867,856,139
10703179,835,856,142
10703189,866,856,144
10703199,863,856,142
10703209,847,856,139
10703220,871,856,141
10703230,840,856,145
10703240,862,856,145
10703250,866,856,144
10703260,840,856,140
10703271,869,856,141
10703281,845,856,143
10703291,860,856,143
10703301,870,856,143
10703311,834,856,145
10703321,866,856,146
10703332,852,856,145
10703342,853,856,142
10703352,869,856,142
10703362,836,856,145
10703372,864,856,146
10703383,863,856,144
10703393,846,856,140
10703403,871,856,141
10703413,838,856,146
10703423,861,856,147
10703434,868,856,147
10703444,840,856,145
10703454,869,856,146
10703464,844,856,149
10703474,858,856,148
10703485,869,856,148
10703495,836,856,149
10703505,868,856,150
10703515,854,856,149
OSM
10703536,442,431,34
10703546,424,431,35
10703556,436,431,35
10703566,435,431,34
10703576,426,431,34
10703587,438,431,34
10703597,423,431,35
10703607,433,431,35
10703617,439,431,35
10703627,424,431,35
10703638,437,431,36
10703648,427,431,36
10703658,431,431,35
10703668,437,431,35
10703678,422,431,35
10703689,436,431,36
10703699,431,431,35
10703709,430,431,34
10703719,440,431,35
10703729,422,431,35
10703739,435,431,36
10703750,433,431,35
10703760,426,431,34
10703770,438,431,35
10703780,424,431,35
10703790,434,431,35
10703801,437,431,35
10703811,423,431,35
10703821,437,431,35
10703831,427,431,36
10703841,432,431,35
10703852,438,431,35
10703862,423,431,36
10703872,436,431,36
10703882,430,431,36
10703892,428,431,35
10703902,438,431,35
10703913,424,431,36
10703923,435,431,36
10703933,435,431,35
10703943,425,431,35
10703953,437,431,35
10703964,424,431,36
10703974,433,431,36
10703984,438,431,36
10703994,424,431,36
10704004,436,431,36
10704015,426,431,36
10704025,431,431,36
10704035,438,431,36
10704045,424,431,36
10704055,437,431,36
10704065,430,431,35
10704076,428,431,35
10704086,438,431,35
10704096,423,431,35
10704106,435,431,35
10704116,434,431,34
10704127,426,431,33
10704137,438,431,33
SIM
10704157,725,825,4201
10704167,772,825,4194
10704177,729,824,4293
10704188,777,823,4311
10704198,889,822,4127
10704208,901,823,4221
10704218,892,823,4230
10704228,896,824,4304
10704239,895,825,4386
10704249,896,827,4426
10704259,801,828,4248
10704269,792,829,4212
10704279,773,828,4230
10704290,769,828,4228
10704300,756,826,4249
10704310,730,823,4335
10704320,813,822,4265
10704330,865,821,4071
10704341,911,822,4177
10704351,897,822,4193
10704361,854,822,4207
10704371,843,823,4210
10704381,820,823,4209
10704392,742,823,4128
10704402,765,823,4120
10704412,750,823,4164
10704422,826,823,4159
10704432,944,824,4340
10704442,871,824,4328
10704453,896,824,4333
10704463,890,824,4346
10704473,832,825,4343
10704483,832,825,4319
10704493,810,827,4192
10704504,837,828,4062
10704514,774,828,4082
10704524,740,828,4141
10704534,777,826,4132
10704544,709,822,4170
10704555,757,820,4156
10704565,823,819,4067
10704575,826,819,4066
10704585,924,821,4245
10704595,909,821,4253
10704606,888,821,4281
10704616,909,822,4396
10704626,811,823,4360
10704636,814,824,4285
10704646,777,821,4183
10704657,727,820,4330
10704667,789,820,4328
10704677,775,820,4270
10704687,900,823,4266
10704697,922,826,4353
10704708,883,829,4170
10704718,862,830,4111
10704728,797,830,4128
10704738,768,827,4060
10704748,778,825,3920
10704758,719,822,4059
RIM
10704779,853,856,149
10704789,867,856,151
10704799,861,856,148
10704809,850,856,143
10704820,870,856,144
10704830,838,856,149
10704840,862,856,150
10704850,865,856,149
10704860,842,856,145
10704870,869,856,146
10704881,845,856,147
10704891,860,856,146
10704901,869,856,146
10704911,836,856,148
10704921,867,856,149
10704932,852,856,148
10704942,853,856,144
10704952,867,856,143
10704962,835,856,147
10704972,865,856,148
10704983,862,856,146
10704993,847,856,142
10705003,869,856,142
10705013,839,855,148
10705023,861,856,147
10705034,866,856,147
10705044,841,856,143
10705054,871,856,145
10705064,845,855,147
10705074,859,856,145
10705084,868,856,144
10705095,836,856,146
10705105,866,856,147
10705115,851,855,147
10705125,854,856,142
10705135,869,856,142
10705146,838,855,146
10705156,867,856,147
10705166,862,855,145
10705176,846,856,138
10705186,869,856,139
10705197,839,855,145
10705207,862,856,144
10705217,867,856,143
10705227,842,856,140
10705237,870,856,142
10705248,845,855,144
10705258,859,856,142
10705268,868,856,140
10705278,834,856,143
10705288,867,856,145
10705298,852,855,143
10705309,854,856,138
10705319,869,856,138
10705329,837,856,142
10705339,865,856,143
10705349,861,856,141
10705360,846,856,136
10705370,869,856,136
10705380,839,855,142
OSM
10705401,441,431,33
10705411,424,431,33
10705421,438,431,33
10705431,428,431,33
10705441,430,431,33
10705452,438,431,33
10705462,422,431,33
10705472,436,431,34
10705482,432,431,33
10705492,429,431,32
10705503,439,431,32
10705513,423,431,33
10705523,434,431,33
10705533,434,431,33
10705543,425,431,32
10705554,438,431,32
10705564,425,431,33
10705574,432,431,33
10705584,437,431,32
10705594,423,431,32
10705604,436,431,32
10705615,427,431,32
10705625,431,431,32
10705635,438,431,32
10705645,422,431,32
10705655,437,431,33
10705666,431,431,32
10705676,428,431,31
10705686,437,431,31
10705696,423,431,32
10705706,435,431,32
10705717,436,431,32
10705727,425,431,32
10705737,438,431,32
10705747,423,431,33
10705757,432,431,33
10705768,437,431,33
10705778,423,431,33
10705788,438,431,33
10705798,427,431,33
10705808,430,431,33
10705818,437,431,33
10705829,422,431,33
10705839,437,431,34
10705849,431,431,33
10705859,429,431,32
10705869,438,431,33
10705880,423,431,33
10705890,435,431,34
10705900,434,431,33
10705910,426,431,33
10705920,438,431,33
10705930,424,431,34
10705941,432,431,34
10705951,436,431,33
10705961,423,431,33
10705971,437,431,33
10705981,427,431,34
10705992,431,431,33
10706002,438,431,33
SIM
10706022,728,822,4050
10706032,787,822,4029
10706043,722,822,4051
10706053,769,822,4064
10706063,759,820,4053
10706073,742,817,4040
10706083,884,817,4021
10706094,703,814,4127
10706104,817,813,4017
10706114,900,813,4029
10706124,915,815,4195
10706134,906,816,4322
10706144,876,818,4344
10706155,895,820,4396
10706165,903,823,4432
10706175,819,824,4286
10706185,798,824,4295
10706195,758,822,4339
10706206,769,820,4251
10706216,769,818,4192
10706226,734,816,4284
10706236,805,815,4274
10706246,803,815,4276
10706257,833,816,4190
10706267,928,819,4344
10706277,865,821,4295
10706287,891,822,4374
10706297,863,821,4153
10706308,803,819,4117
10706318,782,818,4040
10706328,694,814,4200
10706338,765,813,4235
10706348,844,813,4245
10706359,873,814,4302
10706369,927,816,4500
10706379,872,818,4519
10706389,866,820,4451
10706399,862,821,4448
10706410,862,824,4257
10706420,875,826,4221
10706430,842,826,4225
10706440,758,825,4302
10706450,789,823,4156
10706460,743,820,4132
10706471,779,818,4081
10706481,740,815,4039
10706491,753,814,4103
10706501,815,814,4103
10706511,737,814,4179
10706522,814,815,4051
10706532,913,817,4194
10706542,897,819,4265
10706552,896,819,4254
10706562,892,819,4166
10706573,875,818,4151
10706583,865,818,4156
10706593,766,818,4193
10706603,759,818,4210
10706613,741,817,4282
10706624,751,818,4193
RIM
10706644,859,856,141
10706654,871,856,143
10706664,846,855,145
10706674,858,856,143
10706685,868,855,144
10706695,836,855,145
10706705,868,856,146
10706715,855,855,145
10706725,854,856,141
10706736,871,856,142
10706746,837,855,147
10706756,865,856,147
10706766,861,855,146
10706776,846,856,140
10706787,869,856,141
10706797,841,855,145
10706807,863,856,145
10706817,868,856,145
10706827,840,856,142
10706838,867,856,143
10706848,844,855,145
10706858,856,856,143
10706868,869,856,143
10706878,836,856,145
10706889,865,856,146
10706899,855,855,145
10706909,853,856,141
10706919,870,856,140
10706929,837,855,145
10706940,865,856,145
10706950,864,856,144
10706960,844,856,140
10706970,868,856,141
10706980,840,855,145
10706990,860,856,145
10707001,868,856,144
10707011,838,856,144
10707021,870,856,145
10707031,847,855,147
10707041,856,856,144
10707052,868,856,144
10707062,834,855,148
10707072,866,856,148
10707082,856,855,147
10707092,852,855,144
10707103,869,855,144
10707113,835,855,149
10707123,863,855,150
10707133,861,855,147
10707143,842,855,143
10707154,869,855,144
10707164,839,855,148
10707174,859,855,148
10707184,868,855,148
10707194,838,855,147
10707204,869,855,149
10707215,848,855,149
10707225,857,855,148
10707235,867,855,147
10707245,833,855,151
OSM
10707266,435,431,32
10707276,429,431,31
10707286,439,431,31
10707296,424,431,32
10707307,435,431,32
10707317,437,431,32
10707327,426,431,31
10707337,438,431,31
10707347,425,431,32
10707357,432,431,32
10707368,438,431,32
10707378,423,431,32
10707388,439,431,33
10707398,428,431,33
10707408,430,431,32
10707419,437,431,32
10707429,422,431,33
10707439,435,431,33
10707449,432,431,32
10707459,429,431,31
10707470,439,431,32
10707480,423,431,33
10707490,436,431,33
10707500,435,431,33
10707510,425,431,32
10707520,439,431,32
10707531,425,431,33
10707541,432,431,33
10707551,438,431,33
10707561,423,431,33
10707571,436,431,33
10707582,428,431,33
10707592,431,431,32
10707602,438,431,32
10707612,421,431,33
10707622,435,431,33
10707633,431,431,32
10707643,427,431,32
10707653,439,431,32
10707663,424,431,32
10707673,435,431,33
10707683,436,431,33
10707694,425,431,32
10707704,437,431,32
10707714,424,431,33
10707724,433,431,33
10707734,439,431,33
10707745,423,431,33
10707755,436,431,33
10707765,428,431,33
10707775,430,431,33
10707785,439,431,33
10707796,422,431,33
10707806,437,431,34
10707816,432,431,34
10707826,427,431,33
10707836,438,431,33
10707846,423,431,34
10707857,434,431,34
10707867,436,431,34
SIM
10707887,740,818,4160
10707897,766,818,4189
10707908,748,818,4117
10707918,752,818,4149
10707928,733,817,4212
10707938,795,818,4124
10707948,891,818,4141
10707959,736,819,4031
10707969,832,819,4033
10707979,907,819,4053
10707989,896,819,3998
10707999,929,819,4074
10708009,846,819,4032
10708020,897,819,4037
10708030,840,818,3926
10708040,800,817,3932
10708050,786,817,3942
10708060,711,816,4072
10708071,746,816,4117
10708081,769,816,4117
10708091,772,817,4036
10708101,854,817,4057
10708111,883,819,4121
10708122,912,820,4259
10708132,930,820,4266
10708142,835,820,4236
10708152,838,819,4157
10708162,752,817,4198
10708173,753,816,4263
10708183,783,816,4262
10708193,738,817,4113
10708203,858,818,4094
10708213,924,820,4265
10708224,893,820,4307
10708234,892,819,4203
10708244,804,818,4161
10708254,813,817,4124
10708264,777,816,4117
10708275,808,815,4083
10708285,904,816,4154
10708295,822,815,4144
10708305,831,817,4090
10708315,787,816,4093
10708326,820,818,3999
10708336,799,818,3980
10708346,744,818,3969
10708356,734,818,4017
10708366,797,818,4024
10708377,713,817,4099
10708387,770,816,4136
10708397,829,815,3982
10708407,912,815,4027
10708417,923,816,4110
10708427,854,815,4038
10708438,900,816,4098
10708448,873,816,4112
10708458,814,816,4070
10708468,768,817,4053
10708478,726,816,4096
10708489,752,816,4094
RIM
10708509,875,855,157
10708519,873,855,158
10708529,836,855,163
10708540,865,855,164
10708550,863,855,163
10708560,844,855,159
10708570,869,856,158
10708580,838,855,164
10708590,860,855,164
10708601,867,855,162
10708611,836,855,163
10708621,868,855,164
10708631,845,855,165
10708641,857,855,164
10708652,869,855,164
10708662,832,855,169
10708672,865,855,170
10708682,854,855,167
10708692,850,855,164
10708703,868,855,164
10708713,835,855,169
10708723,865,855,171
10708733,862,855,168
10708743,842,855,165
10708754,868,855,166
10708764,837,855,172
10708774,859,855,172
10708784,867,855,170
10708794,835,855,172
10708804,868,855,173
10708815,847,855,172
10708825,856,855,170
10708835,870,855,171
10708845,833,855,176
10708855,866,855,177
10708866,857,855,175
10708876,850,855,170
10708886,871,855,171
10708896,835,855,176
10708906,863,855,177
10708917,863,855,176
10708927,841,855,172
10708937,869,855,173
10708947,838,855,178
10708957,859,855,178
10708968,867,855,177
10708978,833,855,178
10708988,868,855,180
10708998,845,854,182
10709008,856,855,178
10709018,867,855,177
10709029,832,854,183
10709039,866,855,184
10709049,855,854,182
10709059,848,855,177
10709069,868,855,176
10709080,836,854,182
10709090,865,854,184
10709100,863,854,183
10709110,842,855,177
OSM
10709131,428,431,33
10709141,433,431,33
10709151,439,431,33
10709161,423,431,34
10709172,438,431,34
10709182,428,431,34
10709192,430,431,33
10709202,438,431,33
10709212,422,431,34
10709222,438,431,35
10709233,432,431,34
10709243,428,431,33
10709253,438,431,33
10709263,422,431,34
10709273,433,431,34
10709284,436,431,34
10709294,425,431,33
10709304,439,431,34
10709314,424,431,35
10709324,431,431,35
10709334,437,431,34
10709345,422,431,35
10709355,437,431,35
10709365,427,431,35
10709375,431,431,34
10709385,438,431,34
10709396,421,431,35
10709406,435,431,35
10709416,433,431,35
10709426,429,431,34
10709436,438,431,34
10709447,424,431,35
10709457,434,431,35
10709467,434,431,34
10709477,425,431,33
10709487,438,431,34
10709497,425,431,34
10709508,433,431,34
10709518,437,431,33
10709528,424,431,33
10709538,437,431,34
10709548,428,431,34
10709559,430,431,33
10709569,438,431,33
10709579,423,431,33
10709589,436,431,34
10709599,432,431,33
10709610,427,431,32
10709620,437,431,32
10709630,423,431,33
10709640,433,431,33
10709650,437,431,33
10709660,425,431,32
10709671,437,431,32
10709681,425,431,32
10709691,431,431,32
10709701,437,431,32
10709711,423,431,32
10709722,438,431,33
10709732,428,431,32
SIM
10709752,739,816,4096
10709762,745,816,4139
10709772,761,816,4112
10709783,785,817,4058
10709793,823,818,3939
10709803,927,820,4120
10709813,888,820,4113
10709823,871,823,4029
10709834,884,824,4089
10709844,797,822,3983
10709854,775,820,3925
10709864,767,817,3768
10709874,750,815,3828
10709885,765,813,3756
10709895,711,811,3915
10709905,769,811,3943
10709915,831,811,3939
10709925,862,814,3805
10709936,921,817,3909
10709946,867,818,3909
10709956,864,820,3904
10709966,864,820,3917
10709976,724,817,4001
10709987,861,817,3882
10709997,816,815,3666
10710007,766,813,3699
10710017,758,812,3740
10710027,744,812,3757
10710038,728,812,3816
10710048,782,812,3817
10710058,784,812,3739
10710068,868,813,3755
10710078,895,812,3662
10710089,916,812,3733
10710099,923,813,3830
10710109,865,814,3871
10710119,850,815,3892
10710129,788,815,3880
10710139,771,814,3912
10710150,776,812,3799
10710160,729,810,3912
10710170,756,809,3953
10710180,855,810,3978
10710190,922,812,4179
10710201,932,814,4409
10710211,868,816,4369
10710221,846,818,4265
10710231,843,819,4267
10710241,764,820,4128
10710252,768,820,4131
10710262,748,818,4216
10710272,772,816,4102
10710282,881,815,3983
10710292,893,816,4057
10710303,754,814,4000
10710313,847,813,3960
10710323,911,815,4115
10710333,928,817,4283
10710343,868,820,4178
10710354,910,822,4228
RIM
10710374,879,855,180
10710384,869,855,177
10710394,844,855,173
10710404,868,855,175
10710415,850,854,175
10710425,857,855,172
10710435,866,855,171
10710445,840,855,170
10710455,864,855,171
10710466,855,855,168
10710476,852,855,162
10710486,867,855,162
10710496,842,855,163
10710506,866,855,165
10710517,864,855,163
10710527,848,855,155
10710537,866,855,155
10710547,843,855,158
10710557,859,855,158
10710567,865,855,157
10710578,841,855,153
10710588,866,855,153
10710598,850,855,153
10710608,857,855,150
10710618,866,855,150
10710629,837,855,150
10710639,864,855,151
10710649,853,855,148
10710659,849,855,142
10710669,868,855,142
10710680,835,855,148
10710690,863,855,149
10710700,861,855,146
10710710,842,855,140
10710720,867,855,141
10710731,838,855,146
10710741,858,855,145
10710751,868,855,144
10710761,837,855,143
10710771,868,855,144
10710781,844,855,145
10710792,854,855,142
10710802,867,855,141
10710812,829,855,148
10710822,864,855,149
10710832,853,855,146
10710843,848,855,139
10710853,868,855,139
10710863,832,855,146
10710873,861,855,147
10710883,861,855,145
10710894,840,855,140
10710904,867,855,140
10710914,837,854,147
10710924,858,855,145
10710934,868,855,145
10710945,836,855,145
10710955,866,855,145
10710965,845,854,147
10710975,854,855,143
OSM
10710996,426,431,33
10711006,437,431,33
10711016,433,431,32
10711026,427,431,31
10711037,439,431,32
10711047,424,431,32
10711057,433,431,32
10711067,435,431,32
10711077,426,431,31
10711087,438,431,31
10711098,426,431,31
10711108,431,431,31
10711118,436,431,31
10711128,423,431,30
10711138,437,431,31
10711149,428,431,31
10711159,429,431,30
10711169,438,431,30
10711179,424,431,30
10711189,435,431,30
10711200,431,431,30
10711210,427,431,28
10711220,437,431,28
10711230,425,431,29
10711240,434,431,29
10711250,435,431,28
10711261,425,431,27
10711271,436,431,28
10711281,426,431,28
10711291,431,431,28
10711301,437,431,28
10711312,424,431,28
10711322,436,431,28
10711332,428,431,28
10711342,429,431,27
10711352,436,431,27
10711363,422,431,28
10711373,434,431,28
10711383,433,431,27
10711393,428,431,27
10711403,436,431,26
10711413,424,430,28
10711424,432,431,27
10711434,435,430,27
10711444,425,431,26
10711454,437,431,26
10711464,426,430,27
10711475,431,430,27
10711485,436,430,27
10711495,423,430,27
10711505,435,431,26
10711515,428,430,27
10711526,430,430,26
10711536,437,430,26
10711546,423,430,27
10711556,434,430,27
10711566,432,430,26
10711576,426,430,26
10711587,438,430,26
10711597,425,430,26
SIM
10711617,759,823,4178
10711627,734,823,4208
10711638,768,823,4195
10711648,754,822,4250
10711658,826,822,4251
10711668,912,822,4202
10711678,869,822,4166
10711688,882,822,4186
10711699,890,822,4199
10711709,813,822,4190
10711719,786,822,4175
10711729,753,822,4204
10711739,767,822,4168
10711750,785,823,4135
10711760,781,824,3953
10711770,908,826,4013
10711780,915,828,4140
10711790,893,828,4191
10711801,881,828,4094
10711811,803,826,4079
10711821,793,825,4074
10711831,773,824,4093
10711841,732,824,4067
10711852,748,822,4139
10711862,745,821,4237
10711872,789,821,4203
10711882,896,824,4222
10711892,896,826,4195
10711903,927,829,4191
10711913,890,831,4210
10711923,852,832,4178
10711933,854,832,4164
10711943,732,829,4261
10711953,764,827,4202
10711964,738,824,4173
10711974,753,822,4226
10711984,840,822,4219
10711994,878,823,4249
10712004,907,825,4314
10712015,921,828,4416
10712025,869,830,4274
10712035,842,832,4181
10712045,786,830,4207
10712055,755,828,4157
10712066,788,825,3999
10712076,726,823,4129
10712086,757,821,4193
10712096,829,821,4186
10712106,916,824,4272
10712117,863,825,4242
10712127,884,828,4192
10712137,908,830,4241
10712147,880,830,4239
10712157,832,829,4172
10712168,861,831,4091
10712178,771,829,4146
10712188,758,827,4116
10712198,772,824,3991
10712208,753,822,4042
10712218,833,821,3915
RIM
10712239,881,855,145
10712249,859,854,143
10712259,854,855,140
10712269,870,855,141
10712280,842,855,143
10712290,864,855,145
10712300,863,855,144
10712310,846,855,141
10712320,867,855,142
10712331,842,855,145
10712341,860,855,145
10712351,867,855,145
10712361,842,855,145
10712371,867,855,146
10712381,848,854,146
10712392,856,855,144
10712402,866,855,144
10712412,837,854,148
10712422,865,855,149
10712432,858,854,148
10712443,853,855,144
10712453,868,855,145
10712463,840,854,149
10712473,862,855,149
10712483,862,854,149
10712494,844,855,144
10712504,867,855,145
10712514,843,854,149
10712524,861,855,148
10712534,868,855,148
10712544,840,855,145
10712555,865,855,145
10712565,848,855,146
10712575,856,855,143
10712585,866,855,142
10712595,839,855,142
10712606,865,855,143
10712616,858,855,141
10712626,852,855,136
10712636,868,855,136
10712646,839,855,138
10712657,864,855,139
10712667,862,855,138
10712677,845,855,128
10712687,867,855,129
10712697,844,855,131
10712708,860,855,131
10712718,868,855,131
10712728,841,856,124
10712738,866,856,125
10712748,848,855,127
10712758,855,856,122
10712769,866,856,121
10712779,838,856,121
10712789,866,856,122
10712799,859,856,120
10712809,852,856,114
10712820,866,856,114
10712830,839,856,116
10712840,862,856,117
OSM
10712861,429,430,26
10712871,438,430,26
10712881,427,430,26
10712891,432,430,26
10712901,436,430,25
10712912,423,430,25
10712922,435,430,26
10712932,429,430,25
10712942,430,430,25
10712952,438,430,25
10712963,423,430,25
10712973,434,430,26
10712983,431,430,25
10712993,427,430,24
10713003,438,430,25
10713014,425,430,25
10713024,433,430,25
10713034,435,430,24
10713044,425,430,24
10713054,436,430,24
10713064,426,430,25
10713075,431,430,25
10713085,438,430,25
10713095,424,430,25
10713105,435,430,25
10713115,429,430,25
10713126,430,430,24
10713136,436,430,24
10713146,423,430,25
10713156,434,430,25
10713166,433,430,25
10713177,427,430,24
10713187,437,430,24
10713197,425,430,25
10713207,432,430,25
10713217,436,430,25
10713228,425,430,24
10713238,436,430,24
