Polling for available serial device...
Opening serial monitor for com port: "/dev/ttyACM0"
Serial monitor opened successfully:
10758023,438,435,34
10758033,430,435,34
10758043,443,435,35
10758053,428,435,36
10758063,440,435,35
10758074,443,435,36
10758084,428,435,36
10758094,442,435,37
10758104,432,435,36
10758114,437,435,35
10758124,443,435,36
10758135,426,435,37
10758145,440,435,37
10758155,434,435,37
SIM
10758175,737,815,3337
10758186,744,813,3382
10758196,778,812,3379
10758206,874,813,3440
10758216,862,815,3389
10758226,869,815,3436
10758237,868,815,3389
10758247,814,815,3379
10758257,779,816,3283
10758267,721,814,3372
10758277,861,814,3353
10758288,852,814,3377
10758298,742,815,3256
10758308,752,814,3319
10758318,720,810,3316
10758328,755,810,3363
10758339,764,810,3316
10758349,701,808,3513
10758359,766,806,3460
10758369,802,806,3443
10758379,732,806,3387
10758389,797,806,3382
10758400,775,804,3312
10758410,914,806,3509
10758420,904,809,3576
10758430,890,810,3664
10758440,884,811,3694
10758451,835,810,3684
10758461,862,813,3604
10758471,844,813,3607
10758481,795,812,3585
10758491,755,811,3636
10758502,731,810,3687
10758512,753,809,3741
10758522,785,808,3661
10758532,803,808,3661
10758542,915,811,3763
10758553,889,811,3816
10758563,876,811,3859
10758573,869,812,3912
10758583,776,813,3861
10758593,767,812,3890
10758604,742,809,3866
10758614,741,809,3919
10758624,793,810,3860
10758634,824,808,3742
10758644,906,809,3837
10758655,932,811,4082
10758665,862,813,3980
10758675,866,814,3993
10758685,808,812,3807
10758695,863,813,3817
10758705,859,815,3796
10758716,774,813,3773
10758726,773,812,3739
10758736,723,810,3864
10758746,744,811,3765
10758756,784,809,3735
10758767,718,806,3771
10758777,806,807,3767
RIM
10758797,872,852,143
10758807,868,852,143
10758818,830,851,151
10758828,863,852,152
10758838,849,851,150
10758848,848,852,144
10758858,865,852,145
10758869,831,851,153
10758879,860,851,154
10758889,856,851,152
10758899,840,851,147
10758909,863,852,147
10758919,834,851,153
10758930,858,851,152
10758940,864,851,152
10758950,836,851,152
10758960,864,851,154
10758970,839,851,155
10758981,851,851,151
10758991,864,851,150
10759001,829,851,157
10759011,860,851,158
10759021,851,851,155
10759032,846,851,151
10759042,864,851,151
10759052,830,851,159
10759062,859,851,160
10759072,858,851,157
10759083,838,851,154
10759093,864,851,156
10759103,834,851,159
10759113,857,851,159
10759123,864,851,159
10759133,834,851,160
10759144,863,851,161
10759154,842,851,161
10759164,851,851,157
10759174,865,851,157
10759184,829,851,163
10759195,860,851,164
10759205,851,851,162
10759215,847,851,157
10759225,865,851,158
10759235,832,851,164
10759246,858,851,165
10759256,858,851,163
10759266,837,851,159
10759276,864,851,161
10759286,836,850,165
10759297,857,851,164
10759307,865,851,165
10759317,834,851,164
10759327,863,851,165
10759337,844,850,166
10759347,851,851,162
10759358,863,851,160
10759368,829,850,167
10759378,863,851,168
10759388,854,850,167
10759398,847,851,161
OSM
10759420,432,435,37
10759430,439,435,37
10759440,444,435,38
10759450,428,435,37
10759461,442,435,38
10759471,431,435,38
10759481,434,435,38
10759491,442,435,38
10759501,427,435,38
10759511,441,435,38
10759522,436,435,38
10759532,432,435,38
10759542,442,435,37
10759552,427,435,38
10759562,439,435,38
10759573,440,435,37
10759583,430,435,36
10759593,443,435,36
10759603,429,435,37
10759613,437,435,37
10759623,442,435,37
10759634,427,435,37
10759644,441,435,37
10759654,432,435,37
10759664,435,435,37
10759674,442,435,37
10759685,426,435,37
10759695,440,435,37
10759705,436,435,36
10759715,432,435,36
10759725,444,435,36
10759736,427,435,36
10759746,438,435,36
10759756,439,435,36
10759766,429,435,35
10759776,442,435,35
10759786,430,435,35
10759797,437,435,35
10759807,442,435,35
10759817,426,435,35
10759827,440,435,34
10759837,433,435,34
10759848,436,435,34
10759858,443,435,34
10759868,426,435,35
10759878,439,435,35
10759888,437,435,35
10759899,431,435,34
10759909,443,435,34
10759919,428,435,34
10759929,439,435,34
10759939,439,435,33
10759949,429,435,33
10759960,442,435,33
10759970,429,435,34
10759980,438,435,34
10759990,443,435,34
10760000,427,435,34
10760011,440,435,34
10760021,432,435,34
SIM
10760041,730,807,3784
10760051,713,806,3865
10760061,752,806,3901
10760072,776,804,3836
10760082,779,803,3790
10760092,913,803,3919
10760102,905,804,4020
10760112,871,805,4091
10760123,880,807,4170
10760133,798,808,4046
10760143,806,807,3999
10760153,754,805,4011
10760163,729,805,4042
10760174,749,805,4047
10760184,778,806,3937
10760194,910,809,4064
10760204,926,811,4251
10760214,864,814,4085
10760225,867,816,4088
10760235,808,816,4086
10760245,769,816,4005
10760255,773,816,4030
10760265,731,815,4123
10760275,718,812,4110
10760286,838,811,3980
10760296,782,809,3889
10760306,773,807,3816
10760316,768,806,3828
10760327,767,805,3800
10760337,745,803,3833
10760347,753,802,3874
10760357,774,803,3849
10760367,717,802,3886
10760377,816,803,3847
10760388,881,805,3937
10760398,870,806,4005
10760408,885,806,3911
10760418,879,805,3886
10760428,835,805,3817
10760439,859,805,3798
10760449,762,804,3815
10760459,758,804,3827
10760469,740,804,3832
10760479,758,804,3801
10760490,800,805,3798
10760500,818,804,3796
10760510,916,805,3830
10760520,894,804,3693
10760530,860,804,3689
10760541,845,804,3653
10760551,766,803,3677
10760561,752,801,3658
10760571,767,799,3621
10760581,729,799,3693
10760592,758,798,3710
10760602,753,799,3648
10760612,764,799,3618
10760622,868,801,3689
10760632,713,801,3703
10760643,791,800,3705
RIM
10760663,876,851,164
10760673,866,851,163
10760683,835,851,160
10760693,865,851,161
10760704,844,851,162
10760714,852,851,162
10760724,864,851,161
10760734,829,851,163
10760744,863,851,164
10760755,851,851,163
10760765,847,851,161
10760775,866,851,163
10760785,833,851,163
10760795,862,851,165
10760806,860,851,163
10760816,840,851,161
10760826,865,851,162
10760836,836,851,163
10760846,855,851,163
10760856,865,851,164
10760867,832,851,162
10760877,864,851,163
10760887,844,851,164
10760897,850,851,164
10760907,865,851,164
10760918,829,851,165
10760928,860,851,165
10760938,854,851,164
10760948,845,851,162
10760958,865,851,163
10760969,835,851,162
10760979,859,851,163
10760989,861,851,161
10760999,836,851,160
10761009,864,851,161
10761020,836,851,163
10761030,855,851,164
10761040,864,851,163
10761050,833,851,160
10761060,864,851,162
10761070,846,851,162
10761081,852,851,162
10761091,865,851,162
10761101,828,851,165
10761111,862,851,166
10761121,855,851,165
10761132,845,851,163
10761142,866,851,164
10761152,833,851,165
10761162,858,851,166
10761172,861,851,164
10761183,836,851,163
10761193,864,851,163
10761203,838,851,165
10761213,855,851,166
10761223,865,851,166
10761233,832,851,164
10761244,864,851,165
10761254,846,851,165
10761264,850,851,165
OSM
10761285,431,435,34
10761295,441,435,34
10761305,438,435,33
10761315,431,435,32
10761326,444,435,33
10761336,429,435,33
10761346,438,435,33
10761356,442,435,33
10761366,429,435,33
10761376,442,435,33
10761387,432,435,33
10761397,436,435,33
10761407,442,435,33
10761417,426,435,33
10761427,441,435,34
10761438,433,435,33
10761448,434,435,33
10761458,443,435,33
10761468,427,435,33
10761478,440,435,34
10761488,437,435,33
10761499,431,435,32
10761509,443,435,33
10761519,429,435,33
10761529,437,435,33
10761539,441,435,33
10761550,428,435,32
10761560,441,435,33
10761570,430,435,33
10761580,436,435,33
10761590,443,435,33
10761601,426,435,33
10761611,440,435,33
10761621,434,435,33
10761631,433,435,32
10761641,442,435,32
10761651,427,435,33
10761662,440,435,33
10761672,437,435,33
10761682,430,435,32
10761692,442,435,32
10761702,429,435,33
10761713,438,435,33
10761723,443,435,33
10761733,427,435,32
10761743,441,435,33
10761753,430,435,33
10761764,435,435,33
10761774,442,435,33
10761784,428,435,33
10761794,441,435,33
10761804,435,435,33
10761814,432,435,32
10761825,443,435,33
10761835,426,435,33
10761845,441,435,34
10761855,439,435,33
10761865,430,435,32
10761876,443,435,33
10761886,428,435,34
SIM
10761906,738,801,3687
10761916,704,800,3715
10761926,744,800,3729
10761937,818,801,3723
10761947,869,802,3789
10761957,909,802,3775
10761967,862,802,3658
10761977,843,801,3607
10761988,863,801,3567
10761998,776,801,3577
10762008,754,800,3613
10762018,723,799,3677
10762028,744,799,3645
10762039,808,800,3602
10762049,830,801,3607
10762059,915,801,3625
10762069,894,801,3509
10762079,900,801,3606
10762090,894,802,3676
10762100,828,802,3687
10762110,827,803,3677
10762120,809,804,3661
10762130,742,804,3636
10762141,752,805,3557
10762151,719,803,3658
10762161,756,802,3688
10762171,831,803,3686
10762181,827,804,3673
10762191,915,807,3846
10762202,886,809,3881
10762212,870,811,3885
10762222,863,812,3905
10762232,762,813,3794
10762242,770,812,3826
10762253,793,811,3752
10762263,740,809,3774
10762273,756,806,3722
10762283,713,804,3774
10762293,819,803,3763
10762304,942,805,4027
10762314,880,807,4085
10762324,883,809,4135
10762334,811,810,4054
10762344,913,813,4176
10762355,917,815,4349
10762365,799,814,4354
10762375,822,813,4181
10762385,755,810,4124
10762395,825,810,4086
10762406,806,809,4066
10762416,721,808,4165
10762426,732,808,4209
10762436,771,808,4204
10762446,737,808,4184
10762457,765,808,4173
10762467,816,809,4121
10762477,916,812,4266
10762487,926,813,4428
10762497,858,815,4288
10762507,865,817,4316
RIM
10762528,879,851,168
10762538,858,851,165
10762548,844,851,161
10762558,865,851,161
10762569,835,851,165
10762579,858,851,165
10762589,862,851,165
10762599,836,851,160
10762609,863,851,160
10762620,839,851,163
10762630,853,851,162
10762640,865,851,162
10762650,831,851,163
10762660,863,851,164
10762670,848,851,162
10762681,848,851,161
10762691,865,851,161
10762701,829,851,165
10762711,860,851,166
10762721,858,851,164
10762732,841,851,159
10762742,864,851,159
10762752,834,851,163
10762762,856,851,164
10762772,862,851,162
10762783,832,851,160
10762793,865,851,162
10762803,840,851,164
10762813,854,851,164
10762823,865,851,164
10762833,831,851,166
10762844,861,851,167
10762854,849,851,165
10762864,847,851,162
10762874,863,851,161
10762884,831,851,164
10762895,861,851,165
10762905,859,851,164
10762915,841,851,160
10762925,864,851,160
10762935,835,851,164
10762946,856,851,164
10762956,865,851,164
10762966,835,851,160
10762976,864,851,160
10762986,843,851,161
10762997,853,851,161
10763007,864,851,160
10763017,830,851,162
10763027,862,851,163
10763037,851,851,161
10763047,847,851,158
10763058,865,851,158
10763068,832,851,161
10763078,860,851,163
10763088,859,851,160
10763098,840,851,156
10763109,863,851,156
10763119,835,851,160
10763129,855,851,160
OSM
10763150,431,435,34
10763160,442,435,34
10763170,433,435,34
10763180,435,435,33
10763191,443,435,33
10763201,426,435,34
10763211,439,435,34
10763221,436,435,33
10763231,432,435,33
10763241,444,435,33
10763252,427,435,34
10763262,438,435,34
10763272,440,435,34
10763282,429,435,33
10763292,442,435,33
10763303,429,435,34
10763313,437,435,34
10763323,442,435,34
10763333,427,435,34
10763343,441,435,34
10763353,432,435,34
10763364,435,435,34
10763374,443,435,34
10763384,428,435,34
10763394,440,435,34
10763404,437,435,34
10763415,431,435,33
10763425,443,435,34
10763435,427,435,34
10763445,439,435,35
10763455,441,435,34
10763466,429,435,33
10763476,442,435,34
10763486,429,435,34
10763496,435,435,34
10763506,442,435,34
10763517,426,435,35
10763527,441,435,35
10763537,434,435,35
10763547,434,435,34
10763557,443,435,35
10763567,425,435,36
10763578,439,435,36
10763588,437,435,35
10763598,432,435,34
10763608,443,435,34
10763618,428,435,35
10763629,439,435,35
10763639,441,435,35
10763649,429,435,35
10763659,442,435,35
10763669,430,435,35
10763680,436,435,35
10763690,444,435,35
10763700,427,435,35
10763710,441,435,35
10763720,434,435,35
10763730,434,435,34
10763741,443,435,34
10763751,428,435,34
SIM
10763771,761,817,4264
10763781,709,817,4246
10763792,763,817,4205
10763802,771,817,4241
10763812,827,816,4197
10763822,929,816,4266
10763832,842,816,4242
10763842,875,816,4288
10763853,877,817,4311
10763863,807,817,4285
10763873,772,817,4253
10763883,724,818,4249
10763893,756,818,4221
10763904,781,817,4243
10763914,784,816,4259
10763924,891,816,4190
10763934,903,816,4214
10763944,883,816,4172
10763955,880,816,4139
10763965,793,815,4145
10763975,804,815,4145
10763985,765,814,4186
10763995,821,815,4098
10764006,774,816,4058
10764016,711,816,4085
10764026,759,816,4079
10764036,760,814,4128
10764046,727,813,4250
10764057,816,811,4076
10764067,863,811,4027
10764077,906,811,4119
10764087,917,812,4259
10764097,859,814,4249
10764108,840,815,4226
10764118,819,815,4218
10764128,751,816,4191
10764138,780,816,4153
10764148,701,816,4196
10764158,733,814,4311
10764169,793,812,4043
10764179,873,812,4028
10764189,919,812,4134
10764199,845,813,4151
10764209,851,812,4008
10764220,868,811,3877
10764230,794,811,3879
10764240,768,810,3908
10764250,699,809,4063
10764260,828,809,4065
10764271,847,810,4087
10764281,718,810,4096
10764291,760,810,4037
10764301,761,810,4051
10764311,826,812,3962
10764322,839,813,3936
10764332,725,811,4064
10764342,738,808,3966
10764352,771,806,3754
10764362,724,804,3817
10764373,848,803,3788
RIM
10764393,879,851,160
10764403,847,851,159
10764413,852,851,159
10764423,867,851,160
10764434,832,851,161
10764444,861,851,162
10764454,856,851,161
10764464,844,851,158
10764474,865,851,159
10764485,833,851,162
10764495,859,851,163
10764505,863,851,162
10764515,838,851,158
10764525,865,851,159
10764536,840,851,161
10764546,854,851,161
10764556,864,851,160
10764566,831,851,159
10764576,863,851,160
10764587,848,851,159
10764597,851,851,157
10764607,866,851,158
10764617,830,851,161
10764627,859,851,162
10764637,855,851,160
10764648,841,851,155
10764658,864,851,155
10764668,834,851,158
10764678,860,851,159
10764688,862,851,158
10764699,837,851,154
10764709,865,851,156
10764719,838,851,159
10764729,853,851,159
10764739,865,851,159
10764750,831,851,159
10764760,863,851,160
10764770,849,851,159
10764780,850,851,157
10764790,865,851,158
10764800,830,851,161
10764811,860,851,162
10764821,856,851,159
10764831,842,851,156
10764841,865,851,157
10764851,836,851,159
10764862,859,851,160
10764872,864,851,160
10764882,834,851,158
10764892,864,851,159
10764902,839,851,161
10764913,852,851,161
10764923,864,851,160
10764933,830,851,162
10764943,863,851,163
10764953,850,851,162
10764964,850,851,160
10764974,865,851,160
10764984,830,851,164
10764994,859,851,164
OSM
10765015,435,435,34
10765025,444,435,35
10765035,429,435,35
10765045,438,435,35
10765055,442,435,35
10765066,427,435,35
10765076,442,435,35
10765086,432,435,36
10765096,436,435,35
10765106,444,435,35
10765117,427,435,35
10765127,441,435,36
10765137,434,435,35
10765147,433,435,35
10765157,443,435,35
10765168,428,435,35
10765178,440,435,36
10765188,438,435,35
10765198,429,435,35
10765208,442,435,35
10765218,429,435,35
10765229,437,435,35
10765239,443,435,35
10765249,427,435,36
10765259,441,435,36
10765269,431,435,36
10765280,435,435,36
10765290,441,435,35
10765300,425,435,36
10765310,440,435,36
10765320,436,435,35
10765331,433,435,35
10765341,443,435,35
10765351,428,435,35
10765361,440,435,36
10765371,438,435,35
10765381,430,435,34
10765392,443,435,35
10765402,429,435,35
10765412,436,435,35
10765422,442,435,35
10765432,427,435,34
10765443,441,435,35
10765453,431,435,35
10765463,436,435,35
10765473,443,435,35
10765483,427,435,35
10765494,440,435,35
10765504,434,435,35
10765514,432,435,34
10765524,443,435,34
10765534,427,435,35
10765544,439,435,35
10765555,440,435,34
10765565,429,435,34
10765575,442,435,34
10765585,428,435,35
10765595,439,435,35
10765606,443,435,35
10765616,427,435,35
SIM
10765636,754,803,3799
10765646,738,804,3720
10765656,748,803,3745
10765667,785,804,3732
10765677,893,805,3854
10765687,932,805,3867
10765697,838,805,3862
10765707,861,805,3833
10765718,838,804,3764
10765728,792,804,3766
10765738,774,804,3764
10765748,677,803,3926
10765758,842,804,3912
10765769,825,805,3909
10765779,753,805,3946
10765789,760,802,3853
10765799,716,799,3801
10765809,760,797,3708
10765820,781,796,3596
10765830,725,794,3680
10765840,747,793,3716
10765850,797,794,3701
10765860,754,793,3715
10765871,815,794,3716
10765881,822,795,3612
10765891,923,798,3850
10765901,876,800,3921
10765911,906,803,4008
10765922,911,805,4195
10765932,823,804,4144
10765942,826,803,3978
10765952,792,801,3759
10765962,743,799,3756
10765973,761,797,3751
10765983,715,796,3854
10765993,770,796,3832
10766003,878,798,3935
10766013,873,800,3865
10766024,884,803,3896
10766034,867,804,3961
10766044,835,803,3898
10766054,853,802,3717
10766064,720,800,3797
10766074,759,799,3781
10766085,723,796,3794
10766095,753,796,3825
10766105,834,797,3834
10766115,846,799,3708
10766125,904,800,3874
10766136,915,802,4053
10766146,857,804,3981
10766156,870,806,4016
10766166,780,806,3993
10766176,874,807,4062
10766187,876,808,4123
10766197,779,808,4022
10766207,769,809,3964
10766217,739,808,4023
10766227,758,809,3945
10766238,775,808,3938
RIM
10766258,876,851,162
10766268,831,851,168
10766278,855,851,168
10766288,864,851,167
10766299,828,851,170
10766309,863,851,170
10766319,835,851,174
10766329,849,851,174
10766339,862,851,172
10766350,819,850,185
10766360,859,850,185
10766370,846,850,182
10766380,839,850,182
10766390,861,850,180
10766401,820,850,194
10766411,857,850,194
10766421,854,850,191
10766431,829,850,192
10766441,863,850,192
10766452,824,849,204
10766462,850,849,204
10766472,861,849,202
10766482,820,849,210
10766492,861,849,210
10766502,835,849,213
10766513,845,849,212
10766523,862,849,211
10766533,815,848,228
10766543,859,848,227
10766553,846,848,224
10766564,835,848,225
10766574,861,848,223
10766584,820,848,234
10766594,854,848,234
10766604,856,848,231
10766615,827,848,233
10766625,863,848,233
10766635,824,847,243
10766645,850,847,243
10766655,860,847,240
10766666,816,847,252
10766676,862,847,252
10766686,836,846,254
10766696,845,847,253
10766706,861,846,252
10766717,815,846,266
10766727,857,846,265
10766737,847,846,260
10766747,833,846,260
10766757,862,846,259
10766767,819,845,271
10766778,853,845,271
10766788,855,845,267
10766798,823,845,271
10766808,860,845,270
10766818,826,845,275
10766829,847,845,275
10766839,859,845,272
10766849,814,844,284
10766859,860,844,285
OSM
10766880,436,435,35
10766890,445,435,36
10766900,424,435,37
10766910,442,435,38
10766920,437,435,37
10766931,430,435,36
10766941,444,435,37
10766951,424,435,39
10766961,439,435,39
10766971,442,435,38
10766982,427,435,38
10766992,445,435,40
10767002,428,435,40
10767012,435,435,40
10767022,444,435,41
10767032,425,435,41
10767043,442,435,42
10767053,433,435,42
10767063,432,435,41
10767073,444,435,42
10767083,422,435,44
10767094,441,435,45
10767104,437,435,44
10767114,431,435,43
10767124,445,435,44
10767134,424,435,46
10767145,438,435,46
10767155,442,435,46
10767165,426,435,46
10767175,445,435,47
10767185,428,435,48
10767195,437,435,48
10767206,445,435,48
10767216,424,435,49
10767226,443,435,50
10767236,432,435,50
10767246,432,435,50
10767257,444,435,50
10767267,425,435,51
10767277,442,435,52
10767287,438,435,51
10767297,428,435,51
10767308,444,435,52
10767318,426,435,53
10767328,439,435,53
10767338,444,435,53
10767348,427,435,53
10767358,443,435,54
10767369,428,435,55
10767379,435,435,55
10767389,444,435,55
10767399,425,435,56
10767409,443,435,56
10767420,433,435,56
10767430,433,435,56
10767440,444,435,56
10767450,425,435,57
10767460,442,435,58
10767471,439,435,57
10767481,430,435,56
SIM
10767501,727,807,4000
10767511,742,807,3991
10767521,782,808,3941
10767532,749,807,3991
10767542,886,807,3972
10767552,924,807,3939
10767562,855,807,3962
10767572,851,807,3946
10767583,842,807,3950
10767593,728,806,4051
10767603,791,806,4037
10767614,705,807,3928
10767624,824,807,3912
10767634,895,808,4035
10767644,876,810,4056
10767654,894,812,4125
10767664,786,813,3981
10767675,832,814,3937
10767685,803,815,3919
10767695,735,815,3891
10767705,738,815,3912
10767715,700,813,4126
10767726,749,813,4137
10767736,801,813,4139
10767746,741,812,4223
10767756,864,811,4062
10767766,786,809,4000
10767777,868,808,3902
10767787,929,809,3968
10767797,815,809,3965
10767807,866,809,4015
10767817,847,810,4032
10767828,806,811,3955
10767838,786,812,3922
10767848,695,811,3994
10767858,754,811,4020
10767868,742,809,4022
10767879,805,808,3953
10767889,907,808,4020
10767899,824,807,3967
10767909,879,808,4038
10767919,878,808,4086
10767929,759,809,3995
10767940,772,809,3976
10767950,740,810,3931
10767960,754,810,3929
10767970,803,809,3920
10767980,772,808,3920
10767991,862,807,3816
10768001,920,807,3834
10768011,864,807,3846
10768021,887,808,3886
10768031,823,808,3876
10768042,872,808,3872
10768052,854,808,3830
10768062,768,808,3843
10768072,758,808,3859
10768082,696,807,3989
10768093,727,806,4056
10768103,785,807,4046
RIM
10768123,873,844,282
10768133,823,844,286
10768143,860,844,289
10768154,857,844,285
10768164,836,844,282
10768174,866,844,284
10768184,828,844,287
10768194,856,844,289
10768205,863,844,289
10768215,826,844,284
10768225,863,844,286
10768235,837,844,287
10768245,850,845,286
10768256,865,845,289
10768266,824,845,286
10768276,863,845,289
10768286,848,845,287
10768296,843,845,283
10768307,866,845,285
10768317,824,845,285
10768327,859,845,288
10768337,858,845,287
10768347,835,845,278
10768357,865,845,280
10768368,829,845,283
10768378,855,845,285
10768388,864,845,286
10768398,827,846,275
10768408,864,846,277
10768419,839,846,278
10768429,851,846,277
10768439,865,846,279
10768449,824,846,276
10768459,863,846,279
10768470,851,846,278
10768480,842,846,272
10768490,864,846,273
10768500,826,846,272
10768510,858,847,273
10768521,860,847,273
10768531,834,847,260
10768541,864,847,261
10768551,829,847,264
10768561,855,847,265
10768571,865,847,267
10768582,826,847,257
10768592,864,847,261
10768602,840,847,261
10768612,848,847,258
10768622,866,847,260
10768633,823,848,256
10768643,861,848,258
10768653,850,848,258
10768663,844,848,247
10768673,867,848,251
10768684,830,848,248
10768694,861,848,251
10768704,861,848,252
10768714,835,849,234
10768724,865,849,236
OSM
10768745,441,435,57
10768755,446,435,57
10768765,429,435,56
10768775,444,435,56
10768785,433,435,56
10768796,435,435,56
10768806,444,435,56
10768816,426,435,55
10768826,442,435,56
10768836,438,435,55
10768847,432,435,54
10768857,445,435,54
10768867,426,435,55
10768877,439,435,55
10768887,440,435,54
10768898,429,435,53
10768908,444,435,53
10768918,428,435,54
10768928,437,435,54
10768938,443,435,54
10768948,426,435,52
10768959,443,436,52
10768969,432,435,53
10768979,435,435,53
10768989,444,435,52
10768999,425,435,52
10769010,441,436,51
10769020,437,435,52
10769030,432,436,49
10769040,444,436,49
10769050,427,436,49
10769061,438,436,49
10769071,440,435,49
10769081,428,436,47
10769091,444,436,47
10769101,429,435,49
10769111,437,436,47
10769122,444,436,47
10769132,428,436,46
10769142,442,436,46
10769152,433,436,47
10769162,435,436,46
10769173,443,436,45
10769183,425,436,46
10769193,441,436,46
10769203,436,436,45
10769213,430,436,44
10769224,441,436,44
10769234,425,435,46
10769244,438,436,45
10769254,441,435,45
10769264,429,436,43
10769274,443,436,43
10769285,428,435,45
10769295,435,436,44
10769305,442,435,44
10769315,426,435,44
10769325,442,435,44
10769336,432,435,44
10769346,434,435,43
SIM
10769366,715,806,4081
10769376,753,807,4059
10769386,774,806,4067
10769397,754,806,4058
10769407,877,806,4036
10769417,897,806,3942
10769427,875,806,3981
10769437,927,807,4188
10769448,866,808,4224
10769458,880,810,4196
10769468,855,811,4221
10769478,815,813,4027
10769488,872,814,4080
10769499,810,813,3971
10769509,814,812,3904
10769519,789,810,3798
10769529,725,809,3909
10769539,727,807,4011
10769550,742,806,4081
10769560,747,806,4055
10769570,858,808,4016
10769580,857,811,3850
10769590,927,814,3999
10769601,876,815,4058
10769611,866,817,4003
10769621,858,817,3994
10769631,754,817,4044
10769641,765,815,4043
10769652,759,812,3873
10769662,741,811,3957
10769672,819,810,3908
10769682,862,810,3930
10769692,906,812,4077
10769703,925,814,4272
10769713,842,817,4038
10769723,840,818,3979
10769733,765,819,3928
10769743,753,818,3997
10769753,809,816,3864
10769764,736,815,3969
10769774,740,812,3990
10769784,768,810,3950
10769794,761,810,3946
10769804,756,810,3971
10769815,712,810,4049
10769825,800,811,3998
10769835,918,812,4185
10769845,883,814,4235
10769855,895,815,4304
10769866,859,814,4152
10769876,870,814,4163
10769886,855,813,4103
10769896,735,812,4202
10769906,761,810,4184
10769917,754,808,4203
10769927,723,808,4297
10769937,783,808,4266
10769947,777,809,4070
10769957,898,812,4077
10769968,909,814,4214
RIM
10769988,874,849,237
10769998,835,849,229
10770008,865,849,231
10770018,845,849,231
10770029,853,849,228
10770039,866,849,228
10770049,830,849,227
10770059,861,849,228
10770069,853,849,225
10770080,846,849,217
10770090,866,850,217
10770100,834,849,220
10770110,861,850,221
10770120,861,850,219
10770131,839,850,210
10770141,865,850,211
10770151,837,850,213
10770161,856,850,213
10770171,866,850,213
10770181,833,850,207
10770192,864,850,209
10770202,847,850,208
10770212,853,850,204
10770222,867,850,205
10770232,831,850,204
10770243,861,850,205
10770253,854,850,202
10770263,845,851,193
10770273,866,851,194
10770283,836,851,195
10770294,861,851,197
10770304,863,851,196
10770314,837,851,187
10770324,865,851,188
10770334,838,851,191
10770345,854,851,190
10770355,865,851,190
10770365,833,851,185
10770375,865,851,187
10770385,848,851,186
10770395,852,851,181
10770406,867,851,183
10770416,830,851,182
10770426,861,851,184
10770436,856,851,181
10770446,843,852,170
10770457,865,852,171
10770467,834,851,175
10770477,860,852,175
10770487,863,852,173
10770497,836,852,164
10770508,866,852,165
10770518,838,852,169
10770528,854,852,168
10770538,866,852,167
10770548,832,852,166
10770559,865,852,167
10770569,848,852,166
10770579,851,852,161
10770589,865,852,161
OSM
10770610,442,435,43
10770620,438,435,42
10770630,432,435,41
10770640,443,435,41
10770650,429,435,41
10770661,437,435,41
10770671,441,435,41
10770681,428,435,40
10770691,443,435,40
10770701,431,435,41
10770712,436,435,40
10770722,443,435,40
10770732,425,435,40
10770742,441,435,40
10770752,433,435,40
10770763,433,435,40
10770773,444,435,40
10770783,427,435,40
10770793,439,435,40
10770803,437,435,39
10770814,430,435,38
10770824,442,435,38
10770834,428,435,39
10770844,438,435,39
10770854,442,435,38
10770864,427,435,38
10770875,442,435,38
10770885,430,435,38
10770895,434,435,38
10770905,442,435,37
10770915,427,435,37
10770926,441,435,38
10770936,434,435,37
10770946,432,435,37
10770956,442,435,36
10770966,426,435,37
10770977,439,435,37
10770987,439,435,36
10770997,430,435,36
10771007,444,435,36
10771017,428,435,37
10771027,438,435,37
10771038,441,435,37
10771048,427,435,36
10771058,441,435,36
10771068,432,435,36
10771078,436,435,36
10771089,443,435,36
10771099,424,435,37
10771109,440,435,37
10771119,434,435,36
10771129,433,435,36
10771139,444,435,36
10771150,427,435,36
10771160,438,435,36
10771170,439,435,36
10771180,430,435,35
10771190,443,435,35
10771201,428,435,36
10771211,439,435,36
SIM
10771231,691,814,4303
10771241,755,814,4299
10771252,791,814,4281
10771262,738,814,4317
10771272,766,812,4288
10771282,758,810,4213
10771292,838,809,4156
10771303,745,806,3987
10771313,721,804,4045
10771323,827,803,3957
10771333,908,804,4094
10771343,884,805,4197
10771354,866,805,4184
10771364,865,806,4242
10771374,913,807,4429
10771384,885,809,4520
10771394,825,811,4402
10771404,872,813,4340
10771415,826,814,4256
10771425,815,816,4177
10771435,787,814,4161
10771445,727,812,4255
10771455,744,809,4107
10771466,723,807,4152
10771476,754,805,4138
10771486,853,805,4129
10771496,866,807,4144
10771506,895,809,4239
10771517,875,811,4265
10771527,863,813,4224
10771537,866,813,4270
10771547,742,811,4314
10771557,757,809,4210
10771568,741,806,4056
10771578,740,804,4106
10771588,813,804,4086
10771598,834,805,4074
10771608,914,808,4217
10771619,940,810,4502
10771629,850,812,4433
10771639,838,813,4355
10771649,791,814,4328
10771659,753,814,4343
10771670,811,814,4288
10771680,733,815,4222
10771690,743,814,4304
10771700,753,811,4181
10771710,768,809,4124
10771720,765,807,4031
10771731,764,805,4017
10771741,882,806,4044
10771751,919,807,4215
10771761,876,809,4202
10771771,903,811,4303
10771782,843,813,4260
10771792,828,815,4124
10771802,819,815,4107
10771812,742,815,4172
10771822,747,812,4129
10771833,760,810,4014
RIM
10771853,866,852,157
10771863,844,852,153
10771873,867,852,154
10771883,837,852,157
10771894,859,852,157
10771904,865,852,157
10771914,836,852,153
10771924,866,852,155
10771934,842,852,157
10771945,854,852,156
10771955,865,852,156
10771965,831,852,158
10771975,864,852,159
10771985,853,852,157
10771996,849,852,155
10772006,866,852,155
10772016,831,852,159
10772026,861,852,160
10772036,859,852,157
10772047,841,852,153
10772057,867,852,155
10772067,838,852,158
10772077,858,852,158
10772087,866,852,158
10772097,834,852,156
10772108,864,852,157
10772118,842,852,158
10772128,852,852,158
10772138,866,852,158
10772148,831,852,161
10772159,865,852,162
10772169,853,852,160
10772179,848,852,157
10772189,865,852,157
10772199,832,852,160
10772210,862,852,162
10772220,860,852,160
10772230,840,852,156
10772240,866,852,157
10772250,838,852,160
10772261,858,852,160
10772271,867,852,160
10772281,833,852,158
10772291,864,852,159
10772301,843,852,160
10772311,851,852,159
10772322,866,852,160
10772332,831,852,162
10772342,863,852,162
10772352,854,852,161
10772362,848,852,157
10772373,866,852,157
10772383,833,852,159
10772393,860,852,160
10772403,860,852,158
10772413,838,852,155
10772424,866,852,155
10772434,838,852,158
10772444,857,852,159
10772454,865,852,159
OSM
10772475,445,435,37
10772485,432,435,37
10772495,435,435,37
10772505,444,435,37
10772516,426,435,38
10772526,440,435,38
10772536,437,435,38
10772546,431,435,37
10772556,443,435,37
10772566,427,435,38
10772577,439,435,38
10772587,442,435,38
10772597,428,435,37
10772607,442,435,37
10772617,429,435,38
10772628,435,435,38
10772638,442,435,37
10772648,427,435,37
10772658,442,435,38
10772668,432,435,38
10772679,434,435,38
10772689,441,435,37
10772699,425,435,38
10772709,440,435,38
10772719,437,435,38
10772729,431,435,37
10772740,443,435,37
10772750,427,435,38
10772760,437,435,38
10772770,441,435,38
10772780,430,435,37
10772791,442,435,37
10772801,430,435,38
10772811,435,435,37
10772821,441,435,37
10772831,426,435,37
10772842,442,435,38
10772852,432,435,38
10772862,434,435,37
10772872,444,435,37
10772882,425,435,38
10772892,439,435,38
10772903,436,435,38
10772913,431,435,37
10772923,443,435,37
10772933,428,435,38
10772943,437,435,38
10772954,439,435,37
10772964,427,435,36
10772974,441,435,36
10772984,429,435,37
10772994,436,435,37
10773004,443,435,37
10773015,426,435,37
10773025,439,435,37
10773035,432,435,37
10773045,433,435,37
10773055,442,435,36
10773066,428,435,36
10773076,440,435,37
SIM
10773096,689,810,4022
10773106,765,810,4006
10773116,741,809,4079
10773127,747,809,4059
10773137,818,810,4028
10773147,833,811,3989
10773157,912,812,4144
10773167,932,816,4292
10773178,876,818,4195
10773188,883,819,4262
10773198,807,817,4132
10773208,805,816,4060
10773218,788,815,4031
10773229,729,813,4109
10773239,772,810,3965
10773249,726,808,3985
10773259,831,808,3989
10773269,934,809,4184
10773280,839,809,4194
10773290,888,810,4296
10773300,836,811,4296
10773310,804,812,4177
10773320,777,813,4119
10773331,715,813,4144
10773341,767,813,4121
10773351,785,812,4107
10773361,827,811,4062
10773371,924,812,4156
10773382,831,811,4096
10773392,917,812,4237
10773402,918,813,4374
10773412,849,814,4309
10773422,842,816,4263
10773432,827,817,4168
10773443,815,818,4067
10773453,781,818,4089
10773463,709,816,4280
10773473,761,813,4167
10773483,756,810,3947
10773494,780,809,3936
10773504,894,810,4040
10773514,874,811,4100
10773524,880,814,4114
10773534,883,815,4192
10773545,814,816,4078
10773555,824,817,3987
10773565,737,817,4025
10773575,732,817,4106
10773585,772,817,4094
10773596,744,816,4137
10773606,863,816,4101
10773616,906,816,4059
10773626,867,816,4043
10773636,883,815,3992
10773647,843,815,3992
10773657,870,816,4038
10773667,845,816,4052
10773677,770,817,3994
10773687,764,817,3959
10773698,727,817,4040
RIM
10773718,855,852,155
10773728,854,852,154
10773738,867,852,154
10773748,832,852,157
10773759,864,852,159
10773769,855,852,156
10773779,846,852,153
10773789,865,852,152
10773799,833,852,156
10773810,860,852,157
10773820,862,852,156
10773830,838,852,152
10773840,868,852,154
10773850,839,852,157
10773860,858,852,157
10773871,865,852,157
10773881,833,852,156
10773891,863,852,156
10773901,846,852,156
10773911,851,852,154
10773922,866,852,154
10773932,832,852,157
10773942,862,852,158
10773952,856,852,155
10773962,845,852,150
10773973,865,852,151
10773983,834,852,155
10773993,860,852,156
10774003,863,852,154
10774013,838,852,150
10774024,867,852,151
10774034,839,852,154
10774044,857,852,154
10774054,865,852,154
10774064,832,852,154
10774074,864,852,155
10774085,848,852,154
10774095,851,852,152
10774105,866,852,152
10774115,832,852,155
10774125,861,852,156
10774136,857,852,153
10774146,844,852,148
10774156,866,852,148
10774166,835,852,152
10774176,859,852,153
10774187,864,852,152
10774197,836,852,149
10774207,867,852,151
10774217,840,852,153
10774227,854,852,153
10774238,865,852,152
10774248,832,852,153
10774258,863,852,154
10774268,850,852,153
10774278,852,852,150
10774288,866,852,150
10774299,831,852,154
10774309,861,852,155
10774319,856,852,152
OSM
10774340,447,435,37
10774350,429,435,38
10774360,438,435,38
10774370,444,435,38
10774381,428,435,37
10774391,442,435,38
10774401,431,435,38
10774411,435,435,38
10774421,442,435,37
10774431,427,435,37
10774442,440,435,38
10774452,435,435,37
10774462,432,435,36
10774472,442,435,36
10774482,427,435,37
10774493,439,435,37
10774503,440,435,36
10774513,430,435,36
10774523,443,435,36
10774533,427,435,37
10774543,437,435,37
10774554,442,435,37
10774564,428,435,36
10774574,443,435,37
10774584,431,435,37
10774594,435,435,37
10774605,442,435,37
10774615,426,435,37
10774625,441,435,37
10774635,436,435,37
10774645,434,435,36
10774656,442,435,36
10774666,426,435,37
10774676,439,435,38
10774686,439,435,37
10774696,430,435,36
10774706,443,435,37
10774717,429,435,37
10774727,437,435,37
10774737,441,435,36
10774747,427,435,36
10774757,441,435,36
10774768,432,435,36
10774778,435,435,36
10774788,443,435,36
10774798,426,435,37
10774808,440,435,37
10774819,435,435,37
10774829,432,435,36
10774839,443,435,36
10774849,428,435,36
10774859,439,435,37
10774869,439,435,36
10774880,428,435,35
10774890,442,435,36
10774900,429,435,36
10774910,438,435,36
10774920,443,435,37
10774931,426,435,37
10774941,441,435,37
SIM
10774961,704,817,3980
10774971,772,817,3968
10774981,748,817,3951
10774992,791,818,3879
10775002,898,819,3983
10775012,860,820,4007
10775022,890,819,3948
10775032,857,818,3759
10775043,823,817,3704
10775053,824,816,3633
10775063,722,815,3778
10775073,723,813,3917
10775083,767,813,3942
10775094,758,814,3873
10775104,853,815,3868
10775114,868,817,3776
10775124,884,818,3845
10775134,896,817,3723
10775145,871,818,3762
10775155,881,818,3746
10775165,810,817,3743
10775175,789,817,3753
10775185,775,817,3756
10775196,730,817,3708
10775206,743,817,3758
10775216,766,817,3784
10775226,767,816,3824
10775236,879,815,3695
10775246,839,815,3701
10775257,909,815,3674
10775267,890,814,3592
10775277,867,815,3617
10775287,835,815,3612
10775297,766,814,3649
10775308,751,813,3714
10775318,776,813,3720
10775328,746,813,3614
10775338,781,813,3586
10775348,845,815,3543
10775359,913,817,3676
10775369,915,818,3737
10775379,853,817,3705
10775389,841,817,3649
10775399,816,815,3576
10775410,874,816,3631
10775420,865,817,3668
10775430,765,818,3605
10775440,766,818,3527
10775450,729,817,3624
10775461,763,818,3583
10775471,751,816,3621
10775481,709,813,3668
10775491,750,811,3682
10775501,870,810,3655
10775512,759,809,3680
10775522,894,809,3738
10775532,900,810,3852
10775542,880,812,3900
10775552,883,814,3940
10775563,809,815,3811
RIM
10775583,850,852,152
10775593,861,852,153
10775603,867,852,153
10775613,838,852,150
10775624,866,852,151
10775634,841,852,153
10775644,853,852,152
10775654,867,852,153
10775664,832,852,154
10775675,863,852,155
10775685,852,852,153
10775695,851,852,150
10775705,866,852,149
10775715,833,852,152
10775725,859,852,152
10775736,857,852,150
10775746,840,852,146
10775756,866,852,147
10775766,837,852,150
10775776,859,852,151
10775787,867,852,152
10775797,835,852,150
10775807,864,852,151
10775817,843,852,152
10775827,853,852,151
10775838,864,852,150
10775848,831,852,152
10775858,863,852,153
10775868,854,852,151
10775878,849,852,148
10775889,866,852,148
10775899,832,852,152
10775909,860,852,152
10775919,860,852,151
10775929,840,852,146
10775939,866,852,147
10775950,838,852,150
10775960,858,852,151
10775970,866,852,151
10775980,834,852,149
10775990,864,852,150
10776001,842,852,152
10776011,852,852,151
10776021,865,852,150
10776031,832,852,152
10776041,864,852,154
10776052,855,852,151
10776062,848,852,147
10776072,866,852,147
10776082,834,852,150
10776092,858,852,150
10776102,860,852,149
10776113,839,852,145
10776123,866,852,146
10776133,839,852,149
10776143,856,852,149
10776153,865,852,149
10776164,833,852,147
10776174,863,852,148
10776184,845,852,149
OSM
10776205,447,435,37
10776215,427,435,38
10776225,441,435,38
10776235,438,435,37
10776246,431,435,37
10776256,443,435,37
10776266,427,435,38
10776276,437,435,38
10776286,441,435,37
10776296,429,435,37
10776307,442,435,37
10776317,430,435,38
10776327,435,435,38
10776337,442,435,38
10776347,426,435,38
10776358,440,435,38
10776368,433,435,38
10776378,435,435,37
10776388,443,435,37
10776398,426,435,38
10776408,440,435,38
10776419,437,435,37
10776429,430,435,37
10776439,443,435,37
10776449,428,435,37
10776459,438,435,37
10776470,440,435,37
10776480,427,435,37
10776490,442,435,37
10776500,430,435,37
10776510,437,435,37
10776521,443,435,38
10776531,426,435,38
10776541,440,435,38
10776551,432,435,38
10776561,433,435,37
10776571,443,435,37
10776582,427,435,38
10776592,439,435,38
10776602,437,435,38
10776612,429,435,37
10776622,442,435,37
10776633,429,435,38
10776643,438,435,38
10776653,441,435,37
10776663,428,435,37
10776673,443,435,38
10776684,429,435,38
10776694,436,435,38
10776704,443,435,38
10776714,426,435,39
10776724,442,435,39
10776734,434,435,39
10776745,433,435,38
10776755,441,435,38
10776765,427,435,38
10776775,440,435,39
10776785,438,435,38
10776796,431,435,37
10776806,443,435,37
SIM
10776826,723,816,3745
10776836,782,816,3732
10776846,729,816,3781
10776857,804,816,3773
10776867,910,816,3808
10776877,899,817,3889
10776887,898,817,3910
10776897,829,816,3886
10776908,833,817,3889
10776918,825,817,3890
10776928,727,817,3874
10776938,722,817,3877
10776948,754,816,3903
10776959,751,816,3917
10776969,844,816,3907
10776979,863,816,3899
10776989,906,816,3957
10776999,879,816,3916
10777010,913,817,4021
10777020,910,817,4097
10777030,834,818,4099
10777040,848,819,4099
10777050,840,820,4072
10777061,824,821,3935
10777071,835,823,3831
10777081,741,822,3890
10777091,748,822,3931
10777101,787,821,3897
10777112,729,819,4029
10777122,811,817,3894
10777132,882,817,3876
10777142,894,817,3933
10777152,913,819,4076
10777162,826,820,4028
10777173,839,821,3953
10777183,820,822,3917
10777193,749,822,3909
10777203,715,821,4072
10777213,731,819,4196
10777224,749,816,4126
10777234,848,815,3980
10777244,885,816,4036
10777254,907,817,4162
10777264,855,817,4186
10777275,907,818,4265
10777285,912,819,4374
10777295,839,820,4330
10777305,835,821,4283
10777315,805,822,4143
10777326,770,823,4129
10777336,771,823,4087
10777346,710,823,4084
10777356,753,823,4076
10777366,807,822,4044
10777377,761,822,4040
10777387,857,821,3974
10777397,871,821,3912
10777407,892,821,3938
10777417,885,821,3942
10777428,849,822,3951
RIM
10777448,848,852,149
10777458,865,852,150
10777468,856,852,147
10777478,847,852,144
10777489,866,852,144
10777499,835,852,147
10777509,859,852,147
10777519,861,852,145
10777529,836,852,143
10777540,865,852,143
10777550,838,852,147
10777560,857,852,147
10777570,867,852,148
10777580,833,852,148
10777591,863,852,149
10777601,847,852,149
10777611,849,852,147
10777621,865,852,146
10777631,830,852,150
10777641,862,852,151
10777652,857,852,148
10777662,843,852,145
10777672,864,852,145
10777682,834,852,149
10777692,858,852,149
10777703,862,852,148
10777713,834,852,146
10777723,866,852,148
10777733,838,852,151
10777743,856,852,151
10777754,866,852,151
10777764,829,852,153
10777774,863,852,154
10777784,848,851,154
10777794,846,852,152
10777804,863,851,151
10777815,828,851,157
10777825,860,851,158
10777835,857,851,155
10777845,839,851,152
10777855,864,851,152
10777866,831,851,157
10777876,856,851,158
10777886,862,851,157
10777896,833,851,156
10777906,866,851,157
10777917,838,851,160
10777927,853,851,159
10777937,864,851,158
10777947,829,851,162
10777957,863,851,163
10777968,847,851,162
10777978,846,851,160
10777988,864,851,159
10777998,829,851,165
10778008,861,851,166
10778018,857,851,164
10778029,841,851,160
10778039,866,851,161
10778049,833,851,166
OSM
10778070,446,435,37
10778080,428,435,36
10778090,444,435,37
10778100,432,435,37
10778110,434,435,37
10778121,442,435,37
10778131,425,435,37
10778141,441,435,38
10778151,436,435,37
10778161,433,435,37
10778172,443,435,37
10778182,427,435,38
10778192,439,435,38
10778202,438,435,37
10778212,429,435,36
10778223,443,435,37
10778233,429,435,38
10778243,437,435,38
10778253,442,435,37
10778263,425,435,38
10778273,442,435,38
10778284,432,435,38
10778294,435,435,38
10778304,444,435,38
10778314,425,435,39
10778324,440,435,39
10778335,435,435,39
10778345,431,435,38
10778355,442,435,38
10778365,427,435,39
10778375,440,435,39
10778386,439,435,38
10778396,429,435,37
10778406,442,435,38
10778416,427,435,39
10778426,436,435,39
10778436,443,435,39
10778447,427,435,39
10778457,443,435,40
10778467,431,435,40
10778477,435,435,39
10778487,443,435,39
