Polling for available serial device...
Opening serial monitor for com port: "/dev/ttyACM0"
Serial monitor opened successfully:
10921764,474,481,22
10921774,487,482,21
10921785,479,481,22
10921795,482,482,20
10921805,487,482,20
10921815,474,481,22
10921825,484,482,21
10921836,482,481,21
10921846,478,481,21
10921856,488,482,21
10921866,476,481,22
10921876,485,482,21
10921886,485,481,21
10921897,476,481,21
10921907,487,482,21
10921917,476,481,22
10921927,483,482,20
10921937,488,482,20
10921948,476,481,22
10921958,486,482,21
10921968,478,481,22
10921978,482,482,20
10921988,487,482,21
10921998,475,481,22
10922009,486,482,21
10922019,483,481,22
10922029,478,482,21
10922039,487,482,21
10922049,475,481,22
10922060,485,482,21
10922070,486,482,21
10922080,478,482,21
10922090,486,482,21
10922100,476,481,22
SIM
10922121,726,814,3641
10922131,696,811,3818
10922141,768,810,3766
10922151,847,810,3786
10922161,887,813,3771
10922172,922,814,3966
10922182,844,814,3855
10922192,910,816,3992
10922202,899,818,4003
10922212,834,818,4007
10922223,853,818,3984
10922233,876,819,4030
10922243,812,820,3815
10922253,800,820,3796
10922263,704,817,3973
10922274,743,816,4059
10922284,729,816,4083
10922294,750,815,4155
10922304,811,814,4102
10922314,864,814,4135
10922325,899,817,4141
10922335,914,818,4295
10922345,817,818,4266
10922355,829,818,4267
10922365,748,818,4269
10922376,739,817,4371
10922386,780,815,4338
10922396,749,814,4407
10922406,847,816,4309
10922416,909,816,4306
10922426,862,816,4317
10922437,902,818,4430
10922447,843,819,4382
10922457,894,820,4450
10922467,898,820,4488
10922477,828,822,4312
10922488,827,824,4196
10922498,862,823,4166
10922508,828,823,4148
10922518,819,823,4131
10922528,734,823,4122
10922539,760,821,4141
10922549,752,819,4111
10922559,733,819,4148
10922569,770,819,4136
10922579,738,816,4149
10922590,799,815,4098
10922600,778,815,4101
10922610,851,817,4016
10922620,916,817,4032
10922630,852,817,4000
10922641,873,819,3932
10922651,870,820,3937
10922661,812,820,3919
10922671,792,818,3876
10922681,731,817,3998
10922692,736,817,4011
10922702,778,815,3944
10922712,774,814,3944
10922722,917,817,4023
RIM
10922742,869,843,119
10922753,853,843,118
10922763,832,843,117
10922773,853,843,118
10922783,833,843,119
10922793,848,843,118
10922804,853,843,118
10922814,827,843,120
10922824,853,843,122
10922834,835,843,120
10922844,842,843,118
10922855,854,843,118
10922865,826,843,122
10922875,852,843,123
10922885,846,843,122
10922895,839,843,118
10922905,854,843,119
10922916,827,843,123
10922926,850,843,124
10922936,850,843,122
10922946,830,843,122
10922956,854,843,123
10922967,831,843,125
10922977,847,843,124
10922987,854,843,124
10922997,827,843,127
10923007,854,843,128
10923018,840,842,127
10923028,844,843,123
10923038,856,843,124
10923048,825,843,128
10923058,851,843,129
10923069,846,843,127
10923079,836,843,122
10923089,855,843,122
10923099,829,843,125
10923109,851,843,126
10923120,853,843,125
10923130,830,843,121
10923140,854,843,122
10923150,832,843,124
10923160,846,843,123
10923170,855,843,123
10923181,827,843,123
10923191,855,843,125
10923201,842,843,123
10923211,842,843,119
10923221,854,843,120
10923232,825,843,123
10923242,852,843,125
10923252,848,843,123
10923262,836,843,118
10923272,857,843,119
10923283,830,843,121
10923293,849,843,122
10923303,852,843,120
10923313,828,843,118
10923323,853,843,119
10923334,833,843,120
10923344,847,843,120
OSM
10923365,477,481,23
10923375,486,481,23
10923385,485,481,23
10923395,479,481,22
10923405,488,481,22
10923416,475,481,22
10923426,484,481,23
10923436,485,481,22
10923446,476,481,22
10923456,486,481,22
10923467,478,481,22
10923477,482,481,22
10923487,488,481,22
10923497,476,481,22
10923507,486,481,22
10923518,479,481,22
10923528,481,481,22
10923538,487,481,22
10923548,476,481,22
10923558,486,481,22
10923569,484,481,22
10923579,478,481,22
10923589,487,481,22
10923599,477,481,21
10923609,485,481,22
10923619,486,481,21
10923630,477,481,21
10923640,487,481,21
10923650,477,481,21
10923660,482,481,21
10923670,488,481,21
10923681,475,481,21
10923691,486,481,21
10923701,479,481,21
10923711,481,481,21
10923721,487,481,21
10923731,475,481,21
10923742,487,481,21
10923752,484,481,21
10923762,479,481,21
10923772,488,482,20
10923782,475,481,21
10923793,483,481,21
10923803,487,481,21
10923813,477,481,21
10923823,488,482,20
10923833,479,482,20
10923844,482,482,20
10923854,487,482,20
10923864,475,482,20
10923874,487,482,20
10923884,481,482,20
10923894,480,482,20
10923905,488,482,20
10923915,476,482,20
10923925,486,482,20
10923935,483,482,20
10923945,479,482,20
10923956,487,482,20
10923966,477,482,20
SIM
10923986,751,817,3958
10923996,710,817,3905
10924007,774,818,3895
10924017,814,817,3881
10924027,854,816,3823
10924037,903,816,3762
10924047,856,816,3775
10924057,850,815,3648
10924068,866,815,3574
10924078,892,816,3665
10924088,887,816,3726
10924098,872,816,3718
10924108,831,817,3721
10924119,851,817,3735
10924129,817,819,3515
10924139,825,821,3415
10924149,769,821,3319
10924159,739,821,3347
10924170,740,820,3455
10924180,718,817,3593
10924190,755,815,3543
10924200,765,813,3418
10924210,813,813,3418
10924221,893,814,3519
10924231,875,816,3503
10924241,898,818,3509
10924251,896,820,3579
10924261,812,821,3494
10924272,809,821,3485
10924282,754,818,3425
10924292,723,816,3541
10924302,779,814,3437
10924312,772,813,3452
10924323,876,812,3409
10924333,919,813,3476
10924343,872,813,3530
10924353,848,814,3546
10924363,783,812,3523
10924374,759,811,3566
10924384,775,811,3586
10924394,884,813,3570
10924404,859,815,3554
10924414,787,815,3501
10924425,756,816,3446
10924435,770,816,3446
10924445,699,815,3572
10924455,759,814,3621
10924465,764,814,3641
10924475,845,814,3634
10924486,922,814,3655
10924496,789,813,3642
10924506,911,814,3741
10924516,888,814,3780
10924526,862,815,3816
10924537,846,816,3822
10924547,836,817,3705
10924557,832,819,3594
10924567,813,820,3565
10924577,738,819,3642
10924588,741,816,3578
RIM
10924608,869,843,120
10924618,850,843,119
10924628,838,843,117
10924639,856,843,118
10924649,829,843,120
10924659,850,843,120
10924669,854,843,121
10924679,830,843,119
10924689,853,843,119
10924700,833,843,120
10924710,845,843,120
10924720,854,843,120
10924730,825,843,120
10924740,853,843,121
10924751,842,843,121
10924761,842,843,120
10924771,854,843,120
10924781,829,843,119
10924791,852,843,120
10924802,849,843,120
10924812,832,843,119
10924822,855,844,118
10924832,829,843,120
10924842,850,844,120
10924853,854,844,120
10924863,830,844,118
10924873,854,844,118
10924883,833,843,121
10924893,844,843,121
10924903,854,843,120
10924914,824,843,120
10924924,853,843,121
10924934,842,843,121
10924944,842,843,120
10924954,856,843,121
10924965,827,843,122
10924975,851,843,122
10924985,849,843,120
10924995,833,843,119
10925005,854,843,119
10925016,830,843,120
10925026,848,843,120
10925036,855,843,120
10925046,828,843,120
10925056,855,843,120
10925067,836,843,121
10925077,844,843,121
10925087,854,843,121
10925097,827,843,120
10925107,854,843,120
10925117,844,843,120
10925128,840,843,119
10925138,855,843,118
10925148,827,843,120
10925158,851,843,120
10925168,850,843,120
10925179,832,843,118
10925189,854,843,118
10925199,831,843,119
10925209,848,843,119
OSM
10925230,478,482,20
10925240,487,482,20
10925250,480,482,20
10925260,483,482,20
10925270,488,482,20
10925281,475,482,20
10925291,485,482,20
10925301,482,482,20
10925311,479,482,19
10925321,488,482,20
10925332,476,482,20
10925342,485,482,20
10925352,486,482,20
10925362,476,482,20
10925372,487,482,20
10925383,477,482,20
10925393,484,482,20
10925403,488,482,20
10925413,475,482,21
10925423,486,482,21
10925433,479,482,21
10925444,481,482,20
10925454,487,482,20
10925464,475,482,21
10925474,486,482,21
10925484,482,482,21
10925495,478,482,20
10925505,486,482,20
10925515,475,482,21
10925525,486,482,21
10925535,486,482,21
10925546,477,482,20
10925556,487,482,20
10925566,476,482,21
10925576,482,482,21
10925586,488,482,21
10925596,476,482,21
10925607,486,482,21
10925617,479,482,21
10925627,480,482,21
10925637,486,482,20
10925647,475,482,20
10925658,486,482,21
10925668,482,481,21
10925678,479,482,20
10925688,488,482,20
10925698,476,481,21
10925709,484,481,21
10925719,486,481,21
10925729,476,481,21
10925739,488,482,20
10925749,477,481,22
10925759,482,481,22
10925770,487,481,21
10925780,475,481,21
10925790,486,481,21
10925800,480,481,21
10925810,482,481,21
10925821,488,481,22
10925831,474,481,22
SIM
10925851,750,816,3580
10925861,698,816,3625
10925871,749,815,3671
10925882,773,815,3700
10925892,791,814,3684
10925902,924,814,3754
10925912,846,814,3741
10925922,874,814,3780
10925933,875,814,3797
10925943,817,813,3696
10925953,816,812,3605
10925963,728,810,3659
10925973,744,808,3723
10925984,771,807,3715
10925994,737,806,3794
10926004,826,806,3794
10926014,897,808,3905
10926024,902,810,3965
10926035,901,813,4009
10926045,831,815,3859
10926055,818,816,3797
10926065,752,816,3822
10926075,736,815,3927
10926086,781,813,3842
10926096,748,811,3844
10926106,732,808,3814
10926116,766,806,3711
10926126,744,804,3774
10926137,853,805,3811
10926147,862,807,3816
10926157,740,807,3774
10926167,871,809,3824
10926177,873,810,3866
10926187,885,811,3886
10926198,877,810,3764
10926208,871,810,3762
10926218,879,810,3817
10926228,784,810,3816
10926238,772,811,3796
10926249,757,810,3823
10926259,745,808,3801
10926269,745,806,3822
10926279,721,805,3937
10926289,801,806,3895
10926300,860,807,3920
10926310,890,810,3825
10926320,884,813,3864
10926330,848,814,3842
10926340,832,814,3832
10926351,804,812,3636
10926361,719,811,3771
10926371,745,808,3670
10926381,754,806,3608
10926391,801,805,3555
10926402,928,806,3778
10926412,862,806,3815
10926422,881,807,3895
10926432,855,808,3931
10926442,807,809,3847
10926453,764,809,3804
RIM
10926473,867,843,118
10926483,840,843,117
10926493,845,843,116
10926503,856,843,116
10926514,825,843,119
10926524,852,843,119
10926534,846,843,117
10926544,838,843,115
10926554,855,843,116
10926565,828,843,118
10926575,851,843,119
10926585,852,843,118
10926595,833,843,114
10926605,856,844,114
10926615,832,843,117
10926626,847,843,118
10926636,854,843,118
10926646,825,843,120
10926656,853,843,120
10926666,838,843,120
10926677,844,843,118
10926687,857,843,119
10926697,824,843,122
10926707,851,843,122
10926717,846,843,120
10926728,836,843,118
10926738,854,843,118
10926748,828,843,120
10926758,851,843,121
10926768,853,843,121
10926779,831,843,117
10926789,854,843,117
10926799,832,843,119
10926809,844,843,119
10926819,854,843,119
10926829,828,843,118
10926840,855,843,120
10926850,839,843,119
10926860,842,843,118
10926870,854,843,118
10926880,825,843,120
10926891,849,843,120
10926901,847,843,118
10926911,837,843,115
10926921,856,843,115
10926931,831,843,117
10926942,849,843,118
10926952,853,843,117
10926962,830,843,116
10926972,855,843,116
10926982,835,843,117
10926992,846,843,117
10927003,853,843,116
10927013,825,843,118
10927023,854,843,119
10927033,843,843,118
10927043,842,843,116
10927054,855,843,116
10927064,825,843,119
10927074,851,843,120
OSM
10927095,480,481,22
10927105,488,481,22
10927115,477,481,22
10927125,484,481,23
10927135,487,481,22
10927146,477,481,22
10927156,485,481,22
10927166,478,481,22
10927176,481,481,22
10927186,489,481,22
10927197,475,481,23
10927207,485,481,23
10927217,481,481,22
10927227,480,481,22
10927237,488,481,22
10927248,475,481,22
10927258,485,481,22
10927268,486,481,22
10927278,478,481,22
10927288,488,481,22
10927299,476,481,22
10927309,483,481,22
10927319,487,481,22
10927329,476,481,22
10927339,488,481,23
10927349,480,481,23
10927360,481,481,22
10927370,487,482,22
10927380,474,481,23
10927390,485,481,23
10927400,483,481,22
10927411,479,481,22
10927421,487,481,22
10927431,476,481,22
10927441,484,481,22
10927451,485,481,22
10927462,477,481,22
10927472,489,482,21
10927482,479,482,21
10927492,484,482,21
10927502,488,482,22
10927512,475,482,22
10927523,486,482,22
10927533,479,482,22
10927543,483,482,22
10927553,488,482,22
10927563,475,482,22
10927574,485,482,22
10927584,483,482,22
10927594,479,482,21
10927604,487,482,21
10927614,477,482,21
10927625,485,482,21
10927635,486,482,21
10927645,477,482,21
10927655,486,482,21
10927665,477,482,21
10927675,483,482,21
10927686,487,482,21
10927696,476,482,20
SIM
10927716,754,810,3795
10927726,732,810,3687
10927737,731,810,3729
10927747,780,810,3722
10927757,812,810,3716
10927767,919,810,3697
10927777,852,810,3705
10927787,881,810,3721
10927798,867,810,3704
10927808,815,810,3704
10927818,831,810,3711
10927828,723,810,3725
10927838,732,810,3754
10927849,756,810,3777
10927859,732,810,3789
10927869,826,810,3789
10927879,860,809,3705
10927889,894,809,3682
10927900,907,809,3701
10927910,807,809,3693
10927920,814,809,3692
10927930,740,809,3717
10927940,733,808,3725
10927951,774,808,3733
10927961,768,809,3698
10927971,721,809,3728
10927981,761,808,3736
10927991,802,809,3666
10928002,929,811,3869
10928012,863,811,3871
10928022,915,814,3957
10928032,914,814,4070
10928042,862,814,4050
10928053,837,813,3976
10928063,795,812,3913
10928073,816,811,3855
10928083,794,810,3782
10928093,723,809,3896
10928103,757,808,3919
10928114,736,808,3962
10928124,770,808,3920
10928134,884,811,3940
10928144,870,813,3856
10928154,872,814,3909
10928165,881,815,3947
10928175,818,814,3852
10928185,822,813,3771
10928195,722,810,3885
10928205,733,809,3975
10928216,766,808,4006
10928226,767,809,3900
10928236,866,811,3880
10928246,868,813,3875
10928256,865,814,3915
10928267,888,813,3791
10928277,787,812,3762
10928287,887,812,3776
10928297,816,811,3747
10928307,799,811,3749
10928318,782,812,3725
RIM
10928338,866,843,119
10928348,833,843,121
10928358,850,843,121
10928368,856,843,121
10928379,827,843,120
10928389,855,843,121
10928399,836,843,122
10928409,843,843,121
10928419,854,843,121
10928430,825,843,123
10928440,853,843,123
10928450,846,843,122
10928460,840,843,121
10928470,854,843,120
10928480,828,843,122
10928491,851,843,122
10928501,852,843,122
10928511,831,843,119
10928521,855,843,119
10928531,833,843,121
10928542,848,843,121
10928552,856,843,121
10928562,827,843,119
10928572,854,843,120
10928582,837,843,120
10928593,843,843,119
10928603,854,843,119
10928613,824,843,122
10928623,852,843,122
10928633,847,843,121
10928644,838,843,119
10928654,855,843,119
10928664,827,843,121
10928674,848,843,122
10928684,851,843,121
10928694,831,843,119
10928705,853,843,119
10928715,832,843,120
10928725,847,843,121
10928735,855,843,121
10928745,827,843,120
10928756,853,843,121
10928766,839,843,121
10928776,842,843,120
10928786,855,843,120
10928796,825,843,123
10928807,852,843,124
10928817,848,843,122
10928827,837,843,120
10928837,855,843,120
10928847,829,843,122
10928858,848,843,123
10928868,852,843,122
10928878,829,843,120
10928888,854,843,120
10928898,832,843,122
10928908,846,843,122
10928919,855,843,122
10928929,826,843,122
10928939,853,843,122
OSM
10928960,484,482,20
10928970,488,482,20
10928980,475,482,21
10928990,485,482,21
10929001,487,482,21
10929011,479,482,20
10929021,487,482,21
10929031,477,482,21
10929041,484,482,21
10929051,487,482,21
10929062,476,482,20
10929072,487,482,21
10929082,479,482,21
10929092,482,482,21
10929102,487,482,20
10929113,474,482,21
10929123,486,482,21
10929133,483,482,21
10929143,480,482,20
10929153,488,482,20
10929164,476,482,20
10929174,484,482,20
10929184,485,482,20
10929194,479,482,20
10929204,488,482,20
10929214,478,482,20
10929225,484,482,20
10929235,487,482,20
10929245,475,482,20
10929255,489,482,20
10929265,480,482,20
10929276,481,482,20
10929286,487,482,20
10929296,475,482,21
10929306,485,482,21
10929316,481,482,20
10929326,479,482,20
10929337,488,482,20
10929347,475,482,21
10929357,484,482,21
10929367,485,482,20
10929377,477,482,20
10929388,487,482,20
10929398,478,482,20
10929408,483,482,20
10929418,488,482,20
10929428,475,482,20
10929439,486,482,20
10929449,478,482,20
10929459,482,482,20
10929469,488,482,20
10929479,475,482,21
10929489,486,482,21
10929500,481,482,21
10929510,479,482,20
10929520,487,482,21
10929530,478,482,20
10929540,486,482,21
10929551,485,482,20
10929561,477,482,20
SIM
10929581,735,811,3768
10929591,741,811,3746
10929601,767,812,3669
10929612,773,812,3678
10929622,893,813,3784
10929632,925,813,3806
10929642,866,814,3826
10929652,839,813,3762
10929663,807,812,3714
10929673,786,811,3726
10929683,771,810,3747
10929693,697,810,3833
10929703,755,810,3782
10929714,770,811,3759
10929724,850,813,3676
10929734,927,814,3887
10929744,844,814,3867
10929754,872,814,3816
10929765,828,812,3675
10929775,782,812,3689
10929785,850,813,3712
10929795,767,813,3659
10929805,758,813,3603
10929816,767,813,3612
10929826,737,813,3675
10929836,749,813,3602
10929846,800,814,3558
10929856,904,816,3687
10929867,920,815,3655
10929877,843,815,3629
10929887,876,814,3526
10929897,839,813,3370
10929907,794,812,3336
10929917,767,811,3359
10929928,710,809,3525
10929938,751,808,3581
10929948,747,808,3639
10929958,818,809,3518
10929968,914,812,3646
10929979,860,814,3583
10929989,879,816,3616
10929999,867,815,3583
10930009,784,814,3549
10930019,757,812,3545
10930030,737,810,3556
10930040,757,809,3601
10930050,780,808,3612
10930060,711,808,3646
10930070,750,808,3608
10930081,741,808,3654
10930091,821,809,3627
10930101,805,808,3572
10930111,829,807,3519
10930121,902,807,3614
10930132,889,807,3617
10930142,845,808,3631
10930152,853,808,3561
10930162,792,807,3565
10930172,756,807,3607
10930183,778,807,3611
RIM
10930203,864,843,121
10930213,829,843,123
10930223,852,843,123
10930233,851,843,121
10930244,835,843,118
10930254,854,843,118
10930264,832,843,119
10930274,848,843,119
10930284,854,843,119
10930295,826,843,119
10930305,854,843,119
10930315,837,843,120
10930325,847,843,120
10930335,855,843,120
10930345,824,843,122
10930356,852,843,123
10930366,844,843,121
10930376,838,843,119
10930386,854,843,119
10930396,826,843,122
10930407,851,843,123
10930417,852,843,121
10930427,833,843,119
10930437,854,843,119
10930447,830,843,121
10930458,845,843,121
10930468,854,843,121
10930478,827,843,119
10930488,854,843,120
10930498,838,843,120
10930509,844,843,120
10930519,855,843,120
10930529,823,843,122
10930539,850,843,122
10930549,845,843,121
10930559,838,843,119
10930570,854,843,120
10930580,828,843,121
10930590,849,843,122
10930600,851,843,120
10930610,831,843,119
10930621,853,843,119
10930631,830,843,121
10930641,845,843,121
10930651,855,843,121
10930661,826,843,121
10930672,854,843,121
10930682,839,843,121
10930692,842,843,121
10930702,854,843,120
10930712,825,843,122
10930723,850,843,123
10930733,847,843,122
10930743,835,843,119
10930753,856,843,120
10930763,828,843,122
10930773,850,843,123
10930784,852,843,122
10930794,830,843,120
10930804,854,843,120
OSM
10930825,485,482,20
10930835,488,482,20
10930845,475,482,20
10930855,487,482,21
10930866,482,482,20
10930876,480,482,20
10930886,487,482,20
10930896,475,482,21
10930906,486,482,21
10930916,485,482,20
10930927,477,482,20
10930937,488,482,20
10930947,476,482,21
10930957,483,482,21
10930967,487,482,21
10930978,478,482,20
10930988,487,482,20
10930998,479,482,20
10931008,483,482,20
10931018,487,482,20
10931028,475,482,20
10931039,486,482,21
10931049,482,482,20
10931059,481,482,20
10931069,487,482,20
10931079,475,482,21
10931090,484,482,21
10931100,485,482,20
10931110,477,482,20
10931120,487,482,20
10931130,478,482,20
10931141,482,482,20
10931151,486,482,20
10931161,475,482,20
10931171,486,482,20
10931181,478,482,20
10931191,483,482,20
10931202,488,482,20
10931212,477,482,19
10931222,485,482,20
10931232,481,482,19
10931242,480,482,19
10931253,487,482,19
10931263,477,482,19
10931273,486,482,19
10931283,485,482,19
10931293,477,482,19
10931304,488,482,19
10931314,476,482,19
10931324,483,482,19
10931334,488,482,19
10931344,478,482,19
10931354,487,482,19
10931365,479,482,19
10931375,479,482,19
10931385,487,482,19
10931395,475,482,20
10931405,486,482,20
10931416,483,482,19
10931426,479,482,19
SIM
10931446,721,806,3649
10931456,738,806,3655
10931467,775,807,3645
10931477,773,807,3645
10931487,890,807,3636
10931497,916,806,3603
10931507,865,806,3601
10931517,846,806,3610
10931528,801,806,3610
10931538,807,807,3602
10931548,776,807,3596
10931558,721,807,3518
10931568,764,807,3504
10931579,746,807,3543
10931589,839,807,3529
10931599,747,804,3342
10931609,719,802,3432
10931619,830,801,3363
10931630,849,801,3390
10931640,883,803,3490
10931650,833,803,3468
10931660,854,804,3487
10931670,896,806,3585
10931681,832,808,3567
10931691,888,810,3583
10931701,902,813,3653
10931711,838,813,3660
10931721,844,812,3539
10931732,837,811,3355
10931742,742,809,3416
10931752,772,807,3363
10931762,746,806,3408
10931772,750,805,3458
10931783,774,805,3450
10931793,802,807,3295
10931803,854,809,3275
10931813,915,811,3391
10931823,887,812,3483
10931834,877,812,3380
10931844,783,811,3355
10931854,774,809,3298
10931864,757,807,3285
10931874,720,806,3403
10931884,753,806,3409
10931895,744,806,3394
10931905,829,807,3360
10931915,930,810,3590
10931925,851,812,3449
10931935,878,814,3451
10931946,859,816,3389
10931956,815,816,3389
10931966,812,816,3387
10931976,729,814,3510
10931986,733,812,3487
10931997,761,810,3428
10932007,758,808,3451
10932017,755,806,3464
10932027,750,806,3513
10932037,844,807,3493
10932048,921,810,3686
RIM
10932068,861,843,118
10932078,826,843,120
10932088,852,843,120
10932098,846,843,119
10932109,840,843,118
10932119,854,843,118
10932129,826,843,120
10932139,849,843,121
10932149,850,843,119
10932160,832,843,117
10932170,856,843,117
10932180,832,843,119
10932190,848,843,119
10932200,855,843,119
10932211,828,843,117
10932221,851,843,116
10932231,836,843,117
10932241,844,843,117
10932251,855,843,117
10932261,827,843,117
10932272,852,843,117
10932282,845,843,116
10932292,837,843,115
10932302,854,843,115
10932312,829,843,115
10932323,850,843,116
10932333,852,843,115
10932343,832,843,113
10932353,855,843,113
10932363,832,843,115
10932374,848,843,115
10932384,853,843,115
10932394,826,843,113
10932404,853,843,114
10932414,837,843,114
10932425,843,843,114
10932435,855,843,114
10932445,823,843,117
10932455,851,843,117
10932465,848,843,117
10932475,836,843,115
10932486,854,843,116
10932496,827,843,117
10932506,850,843,118
10932516,853,843,117
10932526,831,843,115
10932537,856,843,115
10932547,832,843,117
10932557,846,843,117
10932567,854,843,117
10932577,824,843,118
10932588,853,843,119
10932598,840,843,119
10932608,843,843,118
10932618,855,843,117
10932628,825,843,119
10932639,852,843,119
10932649,846,843,118
10932659,833,843,117
10932669,854,843,117
OSM
10932690,486,482,19
10932700,488,482,19
10932710,477,482,19
10932720,488,482,19
10932730,477,482,20
10932741,481,482,19
10932751,488,482,20
10932761,475,482,20
10932771,487,482,20
10932781,482,482,20
10932792,481,482,19
10932802,487,482,19
10932812,474,482,20
10932822,484,482,20
10932832,485,482,19
10932843,478,482,19
10932853,488,482,19
10932863,477,482,20
10932873,483,482,20
10932883,487,482,20
10932893,476,482,20
10932904,488,482,20
10932914,479,482,20
10932924,482,482,20
10932934,488,482,20
10932944,475,482,20
10932955,485,482,20
10932965,482,482,20
10932975,480,482,20
10932985,488,482,20
10932995,477,482,20
10933006,485,482,20
10933016,483,482,20
10933026,478,482,19
10933036,488,482,20
10933046,478,482,20
10933056,483,482,20
10933067,487,482,20
10933077,474,482,20
10933087,487,482,21
10933097,478,482,21
10933107,481,482,21
10933118,488,482,21
10933128,476,482,21
10933138,487,482,21
10933148,483,482,21
10933158,479,482,21
10933169,488,482,21
10933179,475,482,21
10933189,485,482,21
10933199,486,482,21
10933209,477,482,21
10933219,488,482,21
10933230,476,482,22
10933240,483,482,22
10933250,487,482,22
10933260,475,482,22
10933270,487,482,22
10933281,479,482,22
10933291,482,482,22
SIM
10933311,708,809,3728
10933321,753,810,3695
10933332,785,810,3685
10933342,810,810,3662
10933352,900,811,3689
10933362,881,810,3587
10933372,866,810,3589
10933382,852,810,3597
10933393,777,810,3614
10933403,764,809,3649
10933413,766,809,3661
10933423,739,809,3614
10933433,774,809,3601
10933444,779,810,3548
10933454,903,811,3676
10933464,934,814,3848
10933474,856,816,3720
10933484,861,817,3749
10933495,814,816,3732
10933505,801,815,3661
10933515,875,816,3714
10933525,770,814,3724
10933535,770,812,3643
10933546,767,811,3670
10933556,743,809,3644
10933566,755,806,3543
10933576,723,804,3640
10933586,800,803,3614
10933597,902,805,3754
10933607,891,807,3805
10933617,885,809,3881
10933627,836,810,3824
10933637,823,812,3762
10933648,809,812,3738
10933658,718,811,3883
10933668,751,809,3911
10933678,758,806,3764
10933688,804,805,3655
10933698,925,806,3807
10933709,864,807,3851
10933719,886,809,3931
10933729,872,811,3946
10933739,816,813,3804
10933749,804,813,3745
10933760,709,813,3846
10933770,742,811,3925
10933780,764,809,3723
10933790,731,807,3792
10933800,762,805,3738
10933811,726,803,3790
10933821,806,802,3788
10933831,786,802,3791
10933841,814,803,3702
10933851,918,806,3826
10933862,894,809,3911
10933872,879,811,3945
10933882,878,813,3962
10933892,802,814,3897
10933902,807,813,3883
10933913,763,810,3726
RIM
10933933,864,843,119
10933943,830,843,117
10933953,854,843,118
10933963,837,843,118
10933974,846,843,118
10933984,857,843,119
10933994,825,843,120
10934004,852,843,121
10934014,846,843,120
10934025,841,843,118
10934035,854,843,117
10934045,827,843,120
10934055,851,843,120
10934065,854,843,120
10934076,833,843,118
10934086,855,843,119
10934096,832,843,120
10934106,847,843,120
10934116,854,843,120
10934126,826,843,121
10934137,853,843,121
10934147,840,843,121
10934157,844,843,120
10934167,855,843,121
10934177,824,843,124
10934188,852,843,124
10934198,846,843,123
10934208,837,843,122
10934218,854,843,121
10934228,828,843,123
10934239,851,843,124
10934249,853,843,124
10934259,832,843,121
10934269,853,843,121
10934279,831,843,123
10934290,847,843,123
10934300,854,843,122
10934310,825,843,121
10934320,854,843,122
10934330,841,843,122
10934340,843,843,121
10934351,855,843,121
10934361,823,843,124
10934371,851,843,124
10934381,847,843,123
10934391,836,843,121
10934402,855,843,121
10934412,829,843,122
10934422,849,843,122
10934432,853,843,122
10934442,832,843,118
10934453,855,843,119
10934463,833,843,120
10934473,845,843,120
10934483,854,843,120
10934493,823,843,121
10934504,852,843,121
10934514,843,843,121
10934524,844,843,119
10934534,855,843,120
OSM
10934555,488,482,22
10934565,485,482,22
10934575,478,482,21
10934585,487,482,21
10934595,477,482,21
10934605,483,482,21
10934616,486,482,21
10934626,476,482,21
10934636,487,482,21
10934646,479,482,21
10934656,482,482,21
10934667,487,482,21
10934677,475,482,21
10934687,485,482,21
10934697,481,482,20
10934707,481,482,20
10934718,487,482,20
10934728,476,482,20
10934738,484,482,20
10934748,483,482,20
10934758,478,482,20
10934768,488,482,20
10934779,478,482,20
10934789,483,482,20
10934799,489,482,20
10934809,476,482,20
10934819,486,482,20
10934830,478,482,20
10934840,482,482,20
10934850,486,482,20
10934860,476,482,20
10934870,485,482,20
10934881,482,482,20
10934891,479,482,20
10934901,486,482,19
10934911,477,482,20
10934921,485,482,20
10934931,485,482,19
10934942,478,482,19
10934952,486,482,18
10934962,477,482,19
10934972,482,482,19
10934982,486,482,18
10934993,478,482,18
10935003,487,482,18
10935013,480,482,18
10935023,482,482,18
10935033,485,482,17
10935044,476,482,17
10935054,485,482,17
10935064,483,482,17
10935074,481,482,16
10935084,487,482,16
10935094,476,482,16
10935105,483,482,16
10935115,485,482,16
10935125,478,482,15
10935135,486,482,15
10935145,479,482,15
10935156,483,482,15
SIM
10935176,695,810,3773
10935186,760,810,3761
10935196,788,810,3758
10935207,828,811,3763
10935217,920,811,3829
10935227,877,811,3820
10935237,878,811,3844
10935247,876,811,3886
10935257,792,812,3872
10935268,892,814,3935
10935278,865,816,3936
10935288,817,817,3835
10935298,801,817,3809
10935308,727,816,3920
10935319,747,814,3871
10935329,758,811,3676
10935339,722,809,3771
10935349,753,807,3775
10935359,740,806,3848
10935370,783,805,3857
10935380,893,806,3904
10935390,735,805,3966
10935400,829,806,3953
10935410,894,808,4050
10935421,894,811,4094
10935431,903,813,4176
10935441,856,815,4065
10935451,852,816,4081
10935461,818,815,3958
10935472,754,812,3920
10935482,772,811,3857
10935492,723,809,3973
10935502,769,808,3996
10935512,852,809,4027
10935523,898,812,4012
10935533,886,814,4036
10935543,855,815,4009
10935553,828,816,4008
10935563,806,814,3809
10935574,743,812,3849
10935584,741,809,3838
10935594,754,807,3822
10935604,740,806,3895
10935614,850,807,3926
10935624,863,809,3810
10935635,921,812,3930
10935645,879,814,3958
10935655,905,817,3968
10935665,906,820,4039
10935675,834,821,3892
10935686,830,822,3888
10935696,819,822,3867
10935706,818,823,3865
10935716,769,820,3757
10935726,736,817,3780
10935737,715,815,3886
10935747,769,813,3852
10935757,727,812,3973
10935767,829,812,3977
10935777,911,814,4093
RIM
10935798,860,843,117
10935808,838,844,114
10935818,856,844,114
10935828,836,844,115
10935838,849,844,115
10935849,854,844,114
10935859,832,844,110
10935869,853,844,111
10935879,838,844,111
10935889,844,844,111
10935900,853,844,111
10935910,830,844,109
10935920,854,844,110
10935930,846,844,108
10935940,841,844,106
10935951,853,844,106
10935961,829,844,107
10935971,850,844,108
10935981,850,844,107
10935991,837,844,102
10936001,854,844,102
10936012,834,844,104
10936022,847,844,104
10936032,853,844,103
10936042,831,844,99
10936052,852,844,99
10936063,838,844,100
10936073,845,844,99
10936083,854,844,99
10936093,831,844,98
10936103,851,844,98
10936114,846,844,96
10936124,840,844,94
10936134,852,844,94
10936144,831,844,94
10936154,849,844,94
10936165,852,844,94
10936175,834,844,89
10936185,852,844,89
10936195,835,844,90
10936205,846,844,90
10936215,853,844,89
10936226,830,844,85
10936236,852,844,85
10936246,841,844,85
10936256,845,844,84
10936266,853,844,84
10936277,829,844,84
10936287,850,844,84
10936297,848,844,83
10936307,840,844,81
10936317,855,844,81
10936328,834,844,80
10936338,849,844,81
10936348,851,844,80
10936358,834,844,74
10936368,854,844,75
10936378,837,844,76
10936389,847,844,76
10936399,853,844,75
OSM
10936420,488,482,15
10936430,481,482,15
10936440,482,482,15
10936450,486,482,15
10936460,477,482,15
10936471,484,482,15
10936481,483,482,15
10936491,477,482,14
10936501,486,482,14
10936511,478,482,14
10936522,485,482,15
10936532,486,482,14
10936542,477,482,14
10936552,485,482,14
10936562,479,482,14
10936573,481,482,14
10936583,486,482,14
10936593,479,482,14
10936603,485,482,14
10936613,482,482,14
10936624,480,482,13
10936634,486,482,13
10936644,477,482,13
10936654,484,482,13
10936664,485,482,13
10936674,479,482,12
10936685,487,482,12
10936695,478,482,12
10936705,483,482,12
10936715,486,482,12
10936725,478,482,12
10936736,486,482,12
10936746,480,482,12
10936756,481,482,12
10936766,486,482,12
10936776,476,482,12
10936787,485,482,12
10936797,484,482,12
10936807,480,482,12
10936817,487,482,12
10936827,478,482,12
10936837,484,482,12
10936848,485,482,12
10936858,478,482,12
10936868,486,482,12
10936878,479,482,12
10936888,483,482,12
10936899,486,482,12
10936909,476,482,12
10936919,486,482,12
10936929,479,482,12
10936939,482,482,12
10936950,487,482,12
10936960,477,482,12
10936970,484,482,12
10936980,483,482,12
10936990,480,482,12
10937000,486,482,12
10937011,477,482,12
10937021,484,482,12
SIM
10937041,701,815,4069
10937051,755,814,4079
10937062,779,814,4088
10937072,856,815,4113
10937082,915,815,4096
10937092,847,814,4049
10937102,873,814,4039
10937112,853,814,4000
10937123,803,814,3994
10937133,768,812,3925
10937143,829,811,3884
10937153,804,811,3884
10937163,784,811,3894
10937174,714,811,3934
10937184,750,811,3927
10937194,749,810,3945
10937204,742,811,3892
10937214,758,811,3883
10937225,764,811,3835
10937235,879,813,3894
10937245,853,812,3814
10937255,892,815,3812
10937265,884,816,3886
10937276,866,815,3827
10937286,827,814,3726
10937296,868,814,3642
10937306,796,813,3617
10937316,768,811,3624
10937327,745,810,3696
10937337,733,810,3742
10937347,771,810,3744
10937357,792,811,3622
10937367,915,813,3766
10937378,897,814,3856
10937388,879,814,3809
10937398,852,813,3747
10937408,791,812,3725
10937418,757,811,3771
10937429,755,810,3823
10937439,746,810,3816
10937449,771,810,3762
10937459,784,811,3719
10937469,890,813,3731
10937479,925,815,3913
10937490,860,815,3908
10937500,871,814,3773
10937510,882,814,3780
10937520,868,813,3691
10937530,846,812,3565
10937541,795,812,3562
10937551,755,810,3610
10937561,770,810,3635
10937571,725,808,3752
10937581,756,808,3772
10937592,728,808,3792
10937602,816,809,3647
10937612,890,811,3722
10937622,895,814,3709
10937632,885,815,3788
10937643,848,814,3652
RIM
10937663,858,844,74
10937673,843,844,73
10937683,853,844,72
10937693,834,844,73
10937704,850,844,73
10937714,851,844,72
10937724,837,844,71
10937734,853,844,71
10937744,836,844,71
10937755,848,844,71
10937765,853,844,71
10937775,834,844,70
10937785,852,844,69
10937795,842,844,69
10937806,845,844,69
10937816,853,844,69
10937826,832,844,68
10937836,850,844,68
10937846,847,844,67
10937856,841,844,67
10937867,854,844,67
10937877,834,844,67
10937887,849,844,67
10937897,851,844,66
10937907,836,844,65
10937918,853,845,64
10937928,839,845,64
10937938,848,845,64
10937948,853,845,64
10937958,833,845,63
10937969,851,845,63
10937979,841,845,63
10937989,846,845,63
10937999,853,845,63
10938009,833,845,62
10938019,850,845,62
10938030,847,845,61
10938040,840,845,60
10938050,853,845,60
10938060,836,845,60
10938070,851,845,60
10938081,853,845,60
10938091,837,845,58
10938101,851,845,57
10938111,837,845,58
10938121,846,845,58
10938132,853,845,58
10938142,835,845,56
10938152,852,845,56
10938162,844,845,56
10938172,844,845,55
10938182,852,845,55
10938193,833,845,55
10938203,852,845,56
10938213,850,845,55
10938223,841,845,54
10938233,852,845,53
10938244,835,845,54
10938254,848,845,54
10938264,851,845,53
OSM
10938285,488,482,12
10938295,480,482,12
10938305,483,482,12
10938315,486,482,12
10938325,478,482,12
10938336,484,482,12
10938346,481,482,12
10938356,481,482,12
10938366,486,482,12
10938376,480,482,11
10938387,484,482,11
10938397,484,482,11
10938407,478,482,11
10938417,485,482,11
10938427,478,482,11
10938438,484,482,11
10938448,486,482,11
10938458,479,482,11
10938468,486,482,11
10938478,480,482,11
10938489,482,482,11
10938499,485,482,11
10938509,478,482,11
10938519,484,482,11
10938529,483,482,11
10938539,482,482,11
10938550,485,482,10
10938560,478,482,10
10938570,483,482,10
10938580,483,482,10
10938590,480,482,10
10938601,486,482,10
10938611,480,482,10
10938621,482,482,10
10938631,484,482,10
10938641,478,482,9
10938651,486,482,9
10938662,481,482,9
10938672,482,482,9
10938682,485,482,9
10938692,477,482,9
10938702,484,482,9
10938713,484,482,9
10938723,481,482,9
10938733,484,482,9
10938743,479,482,9
10938753,482,482,9
10938764,484,482,9
10938774,481,482,8
10938784,486,482,8
10938794,479,482,8
10938804,483,482,8
10938814,486,482,8
10938825,479,482,8
10938835,486,482,8
10938845,480,482,8
10938855,482,482,8
10938865,485,482,8
10938876,478,482,7
10938886,485,482,8
SIM
10938906,709,814,3623
10938916,768,814,3600
10938926,777,814,3603
10938937,829,814,3577
10938947,914,814,3574
10938957,857,814,3586
10938967,876,814,3593
10938977,831,814,3572
10938988,798,814,3574
10938998,763,814,3582
10939008,710,812,3755
10939018,755,811,3808
10939028,760,810,3839
10939039,735,811,3778
10939049,751,811,3776
10939059,816,812,3711
10939069,743,812,3709
10939079,798,813,3662
10939090,842,814,3635
10939100,908,814,3712
10939110,905,815,3822
10939120,908,815,3867
10939130,909,816,3933
10939140,860,816,3924
10939151,847,816,3938
10939161,811,815,3894
10939171,813,815,3888
10939181,750,815,3921
10939191,729,815,3963
10939202,730,815,3971
10939212,766,815,3979
10939222,768,814,4008
10939232,849,813,3858
10939242,901,813,3870
10939253,895,814,3908
10939263,893,814,3988
10939273,805,814,3981
10939283,811,815,3924
10939293,756,815,3922
10939304,721,815,3990
10939314,773,815,3987
10939324,780,815,3992
10939334,879,815,3966
10939344,921,815,3952
10939355,879,815,3986
10939365,848,815,3952
10939375,805,813,3878
10939385,855,813,3857
10939395,842,813,3853
10939406,742,812,3932
10939416,762,812,3919
10939426,741,812,3974
10939436,742,812,3930
10939446,761,812,3921
10939456,747,812,3873
10939467,808,812,3873
10939477,908,813,3924
10939487,908,813,3963
10939497,895,813,3988
10939507,855,813,3997
RIM
10939528,853,845,52
10939538,847,845,52
10939548,854,845,52
10939558,835,845,51
10939569,850,845,51
10939579,847,845,51
10939589,843,845,50
10939599,853,845,50
10939609,837,845,50
10939619,851,845,50
10939630,852,845,50
10939640,839,845,48
10939650,851,845,48
10939660,838,845,49
10939670,847,845,49
10939681,853,845,49
10939691,836,845,47
10939701,851,845,48
10939711,841,845,48
10939721,844,845,48
10939732,852,845,47
10939742,834,845,47
10939752,852,845,48
10939762,847,845,47
10939772,841,845,46
10939782,852,845,46
10939793,834,845,47
10939803,850,845,47
10939813,851,845,47
10939823,839,845,45
10939833,853,845,46
10939844,839,845,46
10939854,849,845,46
10939864,853,845,46
10939874,834,845,46
10939884,851,845,46
10939895,844,845,46
10939905,845,845,46
10939915,851,845,45
10939925,833,845,46
10939935,850,845,46
10939945,848,845,45
10939956,842,845,44
10939966,854,845,45
10939976,837,845,45
10939986,849,845,45
10939996,850,845,44
10940007,837,845,44
10940017,852,845,44
10940027,840,845,44
10940037,850,845,45
10940047,854,845,45
10940058,835,845,44
10940068,851,845,44
10940078,843,845,44
10940088,844,845,44
10940098,853,845,44
10940108,835,845,44
10940119,851,845,44
10940129,848,845,44
OSM
10940150,488,482,8
10940160,480,482,8
10940170,484,482,8
10940180,487,482,8
10940191,478,482,8
10940201,485,482,8
10940211,480,482,8
10940221,482,482,8
10940231,486,482,8
10940241,479,482,8
10940252,485,482,8
10940262,481,482,8
10940272,481,482,8
10940282,486,482,8
10940292,479,482,8
10940303,484,482,8
10940313,484,482,8
10940323,478,482,8
10940333,486,482,8
10940343,480,482,8
10940353,483,482,8
10940364,486,482,8
10940374,477,482,8
10940384,485,482,8
10940394,481,482,8
10940404,483,482,8
10940415,486,482,8
10940425,477,482,8
10940435,483,482,8
10940445,482,482,8
10940455,482,482,8
10940465,486,482,8
10940476,478,482,8
10940486,483,482,8
10940496,483,482,8
10940506,480,482,8
10940516,487,482,8
10940527,479,482,8
10940537,482,482,8
10940547,485,482,8
10940557,478,482,8
10940567,486,482,8
10940577,480,482,8
10940588,481,482,8
10940598,485,482,9
10940608,477,482,9
10940618,485,482,9
10940628,483,482,9
10940639,479,482,9
10940649,485,482,9
10940659,479,482,9
10940669,484,482,9
10940679,484,482,9
10940689,480,482,9
10940700,485,482,9
10940710,478,482,9
10940720,482,482,9
10940730,486,482,9
10940740,478,482,9
10940751,484,482,9
SIM
10940771,728,813,3938
10940781,757,813,3956
10940791,744,813,4014
10940801,771,812,4038
10940812,838,810,3876
10940822,879,811,3917
10940832,894,811,3961
10940842,883,812,4039
10940852,819,812,4037
10940863,842,814,4007
10940873,727,814,3953
10940883,739,814,3989
10940893,756,814,3996
10940903,741,814,3981
10940914,830,815,3917
10940924,877,816,3979
10940934,886,818,3964
10940944,822,819,3956
10940954,887,820,4023
10940965,900,819,4001
10940975,871,819,3923
10940985,817,817,3791
10940995,929,818,3857
10941005,866,818,3866
10941016,881,818,3918
10941026,828,819,3918
10941036,803,819,3922
10941046,901,821,3948
10941056,816,822,3805
10941067,810,824,3661
10941077,762,824,3669
10941087,745,823,3721
10941097,764,822,3768
10941107,724,819,3818
10941118,757,817,3782
10941128,800,815,3689
10941138,845,816,3701
10941148,889,817,3787
10941158,910,820,3860
10941168,877,822,3743
10941179,886,824,3765
10941189,808,825,3736
10941199,814,824,3688
10941209,765,821,3583
10941219,724,818,3680
10941230,760,817,3721
10941240,737,816,3824
10941250,816,815,3799
10941260,918,816,3961
10941270,888,819,3946
10941281,823,820,3890
10941291,884,822,3847
10941301,886,825,3799
10941311,893,827,3803
10941321,818,828,3696
10941332,808,828,3696
10941342,765,826,3652
10941352,724,823,3704
10941362,772,820,3658
10941372,724,818,3790
RIM
10941393,851,845,43
10941403,850,845,44
10941413,853,845,44
10941423,837,845,43
10941433,852,845,43
10941444,840,845,44
10941454,846,845,44
10941464,853,845,44
10941474,834,845,45
10941484,852,845,45
10941495,848,845,44
10941505,842,845,44
10941515,852,845,44
10941525,835,845,45
10941535,849,845,45
10941546,852,845,45
10941556,839,845,44
10941566,853,845,44
10941576,839,845,45
10941586,847,845,45
10941597,853,845,45
10941607,835,845,45
10941617,854,845,45
10941627,844,845,45
10941637,847,845,45
10941647,853,845,45
10941658,832,845,46
10941668,851,845,46
10941678,849,845,46
10941688,844,846,44
10941698,854,846,45
10941709,835,845,47
10941719,850,845,47
10941729,850,845,46
10941739,839,846,44
10941749,853,846,44
10941759,840,845,46
10941770,848,846,45
10941780,852,846,45
10941790,835,846,44
10941800,850,846,44
10941810,843,846,44
10941821,845,846,44
10941831,853,846,44
10941841,833,845,46
10941851,849,845,46
10941861,846,845,46
10941872,841,845,45
10941882,853,845,45
10941892,836,845,46
10941902,848,845,46
10941912,852,845,45
10941922,836,845,45
10941933,851,845,45
10941943,839,845,45
10941953,849,845,46
10941963,852,845,45
10941973,834,845,46
10941984,851,845,46
10941994,842,845,46
OSM
10942015,488,482,9
10942025,479,482,9
10942035,484,482,9
10942045,485,482,9
10942055,479,482,9
10942066,484,482,8
10942076,478,482,9
10942086,483,482,9
10942096,487,482,9
10942106,479,482,9
10942117,485,482,9
10942127,480,482,9
10942137,482,482,9
10942147,487,482,9
10942157,478,482,9
10942168,484,482,9
10942178,481,482,9
10942188,480,482,9
10942198,486,482,9
10942208,479,482,9
10942218,484,482,9
10942229,482,482,9
10942239,479,482,8
10942249,487,482,9
10942259,479,482,9
10942269,483,482,9
10942280,486,482,9
10942290,478,482,9
10942300,484,482,9
10942310,480,482,9
10942320,483,482,9
10942330,486,482,9
10942341,478,482,9
10942351,484,482,9
10942361,482,482,9
10942371,481,482,9
10942381,486,482,9
10942392,478,482,9
10942402,482,482,9
10942412,483,482,9
10942422,479,482,9
10942432,486,482,9
10942442,480,482,9
10942453,483,482,9
10942463,484,482,8
10942473,478,482,8
10942483,486,482,8
10942493,481,482,8
10942504,481,482,8
10942514,485,482,8
10942524,478,482,8
10942534,484,482,8
10942544,483,482,8
10942554,481,482,8
10942565,486,482,8
10942575,477,482,9
10942585,483,482,9
10942595,485,482,8
10942605,481,482,8
10942616,484,482,8
SIM
10942636,716,818,3829
10942646,756,818,3831
10942656,763,818,3790
10942666,852,820,3767
10942677,921,821,3930
10942687,892,821,3958
10942697,893,821,3955
10942707,827,820,3893
10942717,815,820,3893
10942728,795,820,3895
10942738,726,820,3899
10942748,750,820,3871
10942758,747,820,3891
10942768,786,820,3807
10942779,904,822,3918
10942789,889,822,3943
10942799,868,821,3911
10942809,892,823,3990
10942819,877,822,3971
10942830,835,821,3874
10942840,788,820,3850
10942850,761,819,3908
10942860,786,817,3721
10942870,717,814,3843
10942881,757,812,3821
10942891,733,811,3920
10942901,750,810,3980
10942911,774,808,3860
10942921,753,806,3909
10942931,845,807,3932
10942942,912,810,4072
10942952,878,812,4074
10942962,896,814,4147
10942972,813,815,4009
10942982,809,816,3951
10942993,779,816,3970
10943003,746,814,4037
10943013,745,812,4020
10943023,743,809,3934
10943033,823,808,3861
10943044,884,808,3856
10943054,876,809,3930
10943064,890,811,4035
10943074,870,812,4055
10943084,828,814,3923
10943095,808,815,3874
10943105,742,815,3861
10943115,729,814,3983
10943125,733,810,3904
10943135,748,808,3865
10943146,802,808,3862
10943156,838,807,3781
10943166,905,807,3837
10943176,913,808,3899
10943186,871,809,3963
10943197,837,809,3976
10943207,809,810,3942
10943217,770,811,3844
10943227,769,810,3849
10943237,718,810,3867
RIM
10943258,850,845,46
10943268,852,845,46
10943278,851,845,46
10943288,841,845,45
10943298,853,845,45
10943309,838,845,45
10943319,847,845,45
10943329,853,845,45
10943339,836,845,45
10943349,853,845,45
10943359,840,845,45
10943370,847,845,45
10943380,851,845,45
10943390,832,845,46
10943400,851,845,46
10943410,847,845,46
10943421,845,845,45
10943431,852,845,45
10943441,835,845,46
10943451,849,845,46
10943461,849,845,45
10943471,839,845,44
10943482,854,845,44
10943492,837,845,45
10943502,848,845,45
10943512,852,845,45
10943522,834,845,44
10943533,851,845,44
10943543,842,845,44
10943553,846,845,44
10943563,854,845,44
10943573,833,845,45
10943584,849,845,45
10943594,847,845,44
10943604,842,845,44
10943614,853,845,44
10943624,836,845,45
10943634,850,845,45
10943645,850,845,45
10943655,837,845,44
10943665,852,845,45
10943675,838,845,45
10943685,849,845,46
10943696,854,845,46
10943706,835,845,45
10943716,851,845,46
10943726,842,845,46
10943736,844,845,45
10943747,850,845,45
10943757,833,845,46
10943767,852,845,46
10943777,849,845,46
10943787,842,845,45
10943797,852,845,45
10943808,834,845,46
10943818,848,845,46
10943828,851,845,46
10943838,839,845,45
10943848,853,845,45
10943859,838,845,46
OSM
10943880,489,482,8
10943890,478,482,9
10943900,486,482,9
10943910,482,482,9
10943920,480,482,9
10943931,485,482,9
10943941,478,482,9
10943951,485,482,9
10943961,484,482,8
10943971,480,482,8
10943982,484,482,8
10943992,479,482,8
10944002,483,482,8
10944012,487,482,8
10944022,479,482,8
10944033,484,482,8
10944043,479,482,8
10944053,481,482,8
10944063,486,482,8
10944073,478,482,8
10944083,485,482,9
10944094,482,482,9
10944104,480,482,8
10944114,486,482,8
10944124,480,482,8
10944134,483,482,8
10944145,484,482,8
10944155,478,482,8
10944165,485,482,8
10944175,479,482,8
10944185,483,482,8
10944195,484,482,8
10944206,478,482,8
10944216,486,482,8
10944226,482,482,8
10944236,484,482,8
10944246,485,482,8
10944257,477,482,8
10944267,485,482,8
10944277,483,482,8
10944287,482,482,8
10944297,486,482,8
10944307,478,482,8
10944318,483,482,8
10944328,484,482,8
10944338,480,482,8
10944348,487,482,8
10944358,479,482,9
10944369,482,482,9
10944379,484,482,8
10944389,479,482,8
10944399,485,482,8
10944409,482,482,8
10944419,481,482,8
10944430,485,482,8
10944440,477,482,8
10944450,485,482,8
10944460,482,482,8
10944470,480,482,8
10944481,486,482,8
SIM
10944501,719,810,3858
10944511,774,811,3830
10944521,750,811,3853
10944531,848,810,3849
10944542,908,810,3804
10944552,892,810,3804
10944562,881,810,3773
10944572,852,810,3797
10944582,827,811,3801
10944593,825,811,3800
10944603,747,811,3747
10944613,734,811,3784
10944623,747,811,3784
10944633,734,810,3873
10944644,771,808,3750
10944654,772,806,3661
10944664,887,807,3705
10944674,908,807,3755
10944684,896,807,3805
10944695,896,808,3922
10944705,828,809,3920
10944715,816,810,3881
10944725,755,809,3923
10944735,737,810,3867
10944745,760,810,3862
10944756,741,810,3842
10944766,791,810,3788
10944776,890,812,3866
10944786,895,815,3913
10944796,876,815,3960
10944807,878,815,3869
10944817,832,814,3808
10944827,824,813,3697
10944837,735,811,3797
10944847,752,810,3856
10944858,730,810,3947
10944868,757,810,3925
10944878,831,811,3860
10944888,708,811,3960
10944898,762,810,3996
10944909,747,807,3967
10944919,809,806,3888
10944929,910,807,3950
10944939,793,805,3886
10944949,910,807,4056
10944960,918,808,4259
10944970,860,810,4224
10944980,851,812,4135
10944990,879,815,4094
10945000,820,816,4017
10945011,817,816,4014
10945021,734,815,4117
10945031,733,812,4087
10945041,730,809,4021
10945051,757,807,3999
10945062,829,807,3992
10945072,872,808,4061
10945082,881,810,4122
10945092,894,812,4207
10945102,841,814,4069
RIM
10945123,853,845,46
10945133,853,845,47
10945143,847,845,46
10945153,845,845,46
10945163,854,845,46
10945174,834,845,47
10945184,849,845,48
10945194,850,845,47
10945204,838,845,46
10945214,853,845,46
10945224,838,845,47
10945235,848,845,47
10945245,853,845,47
10945255,835,845,46
10945265,851,845,46
10945275,842,845,46
10945286,848,845,46
10945296,852,845,46
10945306,834,845,47
10945316,851,845,47
10945326,845,845,47
10945337,843,845,46
10945347,853,845,46
10945357,835,845,47
10945367,850,845,47
10945377,850,845,46
10945387,838,845,45
10945398,853,845,46
10945408,838,845,46
10945418,848,845,47
10945428,854,845,47
10945438,836,845,45
10945449,850,845,46
10945459,841,845,46
10945469,845,845,46
10945479,852,845,45
10945489,835,845,46
10945500,851,845,46
10945510,848,845,46
10945520,842,845,45
10945530,852,845,45
10945540,835,845,46
10945550,851,845,46
10945561,851,845,45
10945571,838,845,44
10945581,851,845,44
10945591,839,845,45
10945601,847,845,45
10945612,852,845,45
10945622,836,845,44
10945632,852,845,44
10945642,842,845,44
10945652,845,845,44
10945662,853,845,44
10945673,833,845,45
10945683,852,845,45
10945693,849,845,45
10945703,842,845,44
10945713,853,845,44
10945724,836,845,45
OSM
10945745,489,482,8
10945755,479,482,8
10945765,486,482,8
10945775,480,482,8
10945785,482,482,8
10945796,485,482,8
10945806,477,482,9
10945816,485,482,9
10945826,483,482,8
10945836,481,482,8
10945847,486,482,9
10945857,478,482,9
10945867,483,482,9
10945877,484,482,8
10945887,479,482,8
10945898,486,482,9
10945908,478,482,9
10945918,482,482,9
10945928,484,482,8
10945938,479,482,8
10945948,486,482,8
10945959,481,482,9
10945969,482,482,8
10945979,484,482,8
10945989,477,482,9
10945999,485,482,9
10946010,483,482,9
10946020,480,482,8
10946030,485,482,8
10946040,478,482,9
10946050,484,482,9
10946060,485,482,9
10946071,479,482,9
10946081,486,482,9
10946091,479,482,9
10946101,483,482,9
10946111,486,482,9
10946122,478,482,9
10946132,484,482,9
10946142,481,482,9
10946152,481,482,9
10946162,487,482,9
10946172,478,482,9
10946183,484,482,9
10946193,482,482,9
10946203,480,482,9
10946213,485,482,8
10946223,479,482,8
10946234,485,482,9
10946244,484,482,9
10946254,479,482,9
10946264,485,482,9
10946274,479,482,9
10946285,483,482,9
10946295,486,482,9
10946305,478,482,9
10946315,485,482,9
10946325,480,482,9
10946335,482,482,9
10946346,486,482,9
SIM
10946366,722,814,4059
10946376,771,814,4064
10946386,745,814,4075
10946396,852,814,4080
10946407,913,814,4096
10946417,884,814,4076
10946427,893,814,4105
10946437,826,813,4084
10946447,812,813,4081
10946458,788,813,4089
10946468,741,812,4104
10946478,733,812,4106
10946488,797,813,4037
10946498,758,814,3982
10946509,759,813,4003
10946519,734,813,4079
10946529,754,811,4042
10946539,745,808,3951
10946549,789,806,3826
10946560,834,805,3704
10946570,879,806,3785
10946580,886,807,3888
10946590,913,810,4020
10946600,873,812,3991
10946611,867,814,3991
10946621,798,815,3906
10946631,752,814,3962
10946641,764,812,3905
10946651,711,809,3954
10946662,760,807,3917
10946672,778,805,3846
10946682,874,806,3911
10946692,923,808,4129
10946702,860,810,4081
10946713,874,812,4088
10946723,819,813,3974
10946733,805,814,3921
10946743,780,813,3936
10946753,708,813,3936
10946763,756,813,3947
10946774,726,813,4000
10946784,822,813,4001
10946794,924,813,4050
10946804,756,813,4097
10946814,847,812,3959
10946825,912,811,3939
10946835,892,812,4006
10946845,889,813,4079
10946855,904,813,4144
10946865,895,814,4253
10946876,903,816,4380
10946886,843,818,4276
10946896,816,819,4154
10946906,876,821,4069
10946916,822,822,3998
10946927,841,823,4002
10946937,732,820,4095
10946947,757,818,4098
10946957,775,816,4032
10946967,719,814,4177
RIM
10946988,854,845,45
10946998,854,845,46
10947008,841,845,46
10947018,847,845,46
10947028,852,845,45
10947039,833,845,46
10947049,850,845,46
10947059,847,845,45
10947069,842,845,45
10947079,854,845,45
10947090,836,845,46
10947100,849,845,46
10947110,850,845,45
10947120,839,845,44
10947130,852,845,44
10947141,839,845,45
10947151,849,845,45
10947161,853,845,45
10947171,835,845,45
10947181,850,845,44
10947191,841,845,45
10947202,845,845,45
10947212,854,845,45
10947222,836,845,45
10947232,851,845,45
10947242,846,845,44
10947253,842,845,44
10947263,852,845,44
10947273,836,845,44
10947283,850,845,44
10947293,851,845,44
10947303,837,845,43
10947314,852,845,44
10947324,837,845,44
10947334,846,845,44
10947344,852,845,44
10947354,836,845,44
10947365,851,845,44
10947375,842,845,44
10947385,845,845,44
10947395,851,845,44
10947405,834,845,44
10947416,850,845,44
10947426,848,845,44
10947436,842,845,43
10947446,851,845,43
10947456,836,845,44
10947467,848,845,44
10947477,851,845,43
10947487,839,845,43
10947497,852,845,43
10947507,839,845,43
10947517,847,845,43
10947528,851,845,43
10947538,835,845,42
10947548,851,845,42
10947558,844,845,42
10947568,846,845,41
10947579,852,845,41
10947589,834,845,42
OSM
10947610,486,482,8
10947620,482,482,8
10947630,487,482,8
10947640,479,482,8
10947650,482,482,8
10947661,485,482,8
10947671,478,482,8
