Polling for available serial device...
Opening serial monitor for com port: "/dev/ttyACM0"
Serial monitor opened successfully:
11817642,800,795,3654
11817652,905,798,3785
11817662,841,799,3770
11817672,864,799,3759
11817683,818,799,3743
11817693,797,800,3662
11817703,887,802,3778
11817713,836,801,3683
11817723,811,801,3682
11817734,812,803,3597
11817744,726,801,3696
11817754,877,802,3723
11817764,842,802,3744
11817774,810,804,3629
11817785,758,803,3638
11817795,735,801,3657
11817805,817,802,3660
11817815,738,802,3662
11817825,723,801,3727
11817835,748,799,3709
11817846,718,798,3816
11817856,725,798,3748
RIM
11817876,753,737,39
11817886,745,737,39
11817897,729,737,40
11817907,743,737,40
11817917,737,737,39
11817927,735,737,38
11817937,743,737,38
11817948,730,737,39
11817958,742,737,39
11817968,741,737,39
11817978,734,737,38
11817988,745,737,39
11817998,731,737,39
11818009,740,737,38
11818019,743,737,37
11818029,730,737,38
11818039,743,737,38
11818049,735,737,38
11818060,741,737,37
11818070,742,737,37
11818080,728,737,38
11818090,742,737,38
11818100,739,737,38
11818111,739,737,36
11818121,744,737,36
11818131,730,737,37
11818141,742,737,37
11818151,739,737,37
11818161,732,737,36
11818172,743,737,37
11818182,733,737,36
11818192,741,737,36
11818202,745,738,36
11818212,731,738,36
11818223,743,738,36
11818233,734,737,37
11818243,739,738,34
11818253,746,738,35
11818263,730,738,35
11818274,743,738,36
11818284,736,738,36
11818294,736,738,34
11818304,743,738,34
11818314,730,738,35
11818324,742,738,35
11818335,742,738,35
11818345,733,738,34
11818355,742,738,34
11818365,731,738,35
11818375,740,738,34
11818386,744,738,34
11818396,731,738,34
11818406,743,738,34
11818416,734,738,34
11818426,737,738,33
11818436,743,738,32
11818447,729,738,34
11818457,744,738,34
11818467,740,738,33
11818477,736,738,31
OSM
11818498,888,893,4
11818508,894,893,4
11818518,895,893,4
11818528,892,893,4
11818538,895,893,4
11818549,890,893,4
11818559,893,893,4
11818569,896,893,4
11818579,892,893,4
11818589,895,893,4
11818600,891,893,4
11818610,892,893,4
11818620,895,893,4
11818630,892,893,4
11818640,895,893,4
11818650,892,893,4
11818661,891,893,4
11818671,896,893,4
11818681,892,893,4
11818691,896,893,4
11818701,895,893,4
11818712,891,893,4
11818722,895,893,4
11818732,894,893,4
11818742,895,893,4
11818752,895,893,4
11818763,891,893,4
11818773,895,893,4
11818783,891,893,4
11818793,895,893,4
11818803,896,893,4
11818813,892,893,4
11818824,893,893,4
11818834,891,893,4
11818844,892,893,4
11818854,896,893,4
11818864,891,893,4
11818875,893,893,4
11818885,894,893,4
11818895,891,893,4
11818905,894,893,4
11818915,893,893,4
11818925,894,893,4
11818936,895,893,4
11818946,889,893,4
11818956,895,893,4
11818966,893,893,4
11818976,895,893,4
11818987,895,893,4
11818997,889,893,4
11819007,894,893,4
11819017,894,893,4
11819027,893,893,4
11819037,896,893,4
11819048,890,893,4
11819058,892,893,4
11819068,894,893,4
11819078,893,893,4
11819088,896,893,4
11819099,890,893,4
SIM
11819119,722,798,3678
11819129,720,797,3768
11819139,745,795,3751
11819149,855,796,3809
11819160,839,798,3698
11819170,878,799,3793
11819180,856,799,3770
11819190,859,800,3805
11819200,842,802,3769
11819211,792,801,3723
11819221,774,800,3705
11819231,729,800,3746
11819241,713,799,3808
11819251,762,797,3682
11819262,786,796,3671
11819272,881,799,3742
11819282,883,801,3814
11819292,848,801,3817
11819302,815,800,3752
11819313,765,800,3732
11819323,736,800,3717
11819333,855,799,3574
11819343,803,799,3546
11819353,746,799,3538
11819364,731,799,3549
11819374,726,796,3504
11819384,818,796,3467
11819394,736,796,3445
11819404,725,796,3477
11819415,738,793,3353
11819425,762,792,3361
11819435,719,792,3397
11819445,720,791,3433
11819455,799,790,3302
11819466,861,790,3335
11819476,866,793,3316
11819486,840,795,3312
11819496,847,794,3268
11819506,863,795,3345
11819516,853,794,3200
11819527,798,794,3163
11819537,824,793,3097
11819547,778,792,3091
11819557,745,791,3128
11819567,725,789,3044
11819578,719,787,3086
11819588,743,786,3108
11819598,795,785,3098
11819608,867,788,3142
11819618,887,788,3174
11819629,850,788,3189
11819639,859,789,3263
11819649,819,790,3261
11819659,774,791,3213
11819669,756,789,3223
11819680,710,789,3283
11819690,733,789,3263
11819700,805,790,3237
11819710,859,792,3222
11819720,876,795,3253
RIM
11819741,758,738,34
11819751,743,738,34
11819761,735,738,32
11819771,746,738,33
11819781,733,738,33
11819792,739,738,33
11819802,745,738,34
11819812,730,738,34
11819822,745,738,34
11819832,736,738,34
11819843,739,738,34
11819853,743,738,34
11819863,727,738,35
11819873,742,738,35
11819883,738,738,34
11819893,736,738,33
11819904,745,738,34
11819914,729,738,35
11819924,741,738,35
11819934,740,738,35
11819944,732,738,34
11819955,746,738,35
11819965,732,738,35
11819975,741,738,35
11819985,744,738,35
11819995,728,738,36
11820006,744,738,36
11820016,733,738,37
11820026,736,738,36
11820036,744,738,36
11820046,726,738,38
11820056,743,738,39
11820067,738,738,38
11820077,734,738,37
11820087,743,738,37
11820097,728,738,39
11820107,742,738,39
11820118,741,738,38
11820128,731,738,38
11820138,745,738,38
11820148,732,738,39
11820158,739,738,39
11820169,743,738,39
11820179,729,738,39
11820189,744,738,39
11820199,736,738,39
11820209,739,738,39
11820219,744,738,39
11820230,728,738,40
11820240,742,738,40
11820250,739,738,39
11820260,736,738,39
11820270,746,738,39
11820281,729,738,40
11820291,740,738,40
11820301,743,738,40
11820311,730,738,40
11820321,743,738,40
11820332,733,738,40
11820342,741,738,40
OSM
11820363,889,893,4
11820373,894,893,4
11820383,894,893,4
11820393,894,893,4
11820404,896,893,4
11820414,892,893,4
11820424,895,893,4
11820434,893,893,3
11820444,892,893,3
11820454,896,893,4
11820465,893,893,3
11820475,894,893,3
11820485,894,893,3
11820495,890,893,4
11820505,896,893,4
11820516,892,893,4
11820526,894,893,4
11820536,895,893,3
11820546,890,893,4
11820556,894,893,3
11820566,893,893,3
11820577,894,893,3
11820587,896,893,3
11820597,891,893,4
11820607,894,893,3
11820617,895,893,3
11820628,893,893,3
11820638,896,893,3
11820648,893,893,3
11820658,894,893,3
11820668,894,893,3
11820679,890,893,3
11820689,894,893,3
11820699,894,893,3
11820709,894,893,3
11820719,896,893,3
11820729,890,893,3
11820740,894,893,3
11820750,894,893,3
11820760,894,893,3
11820770,896,893,4
11820780,891,893,4
11820791,894,893,4
11820801,896,893,4
11820811,894,893,3
11820821,896,893,3
11820831,891,893,4
11820841,893,893,3
11820852,895,893,3
11820862,892,893,3
11820872,896,893,3
11820882,893,893,3
11820892,892,893,3
11820903,895,893,3
11820913,892,893,3
11820923,896,893,3
11820933,894,893,3
11820943,892,893,3
11820953,895,893,3
11820964,891,893,3
SIM
11820984,740,795,3214
11820994,704,795,3259
11821004,745,795,3259
11821015,799,794,3199
11821025,865,795,3248
11821035,857,794,3198
11821045,847,794,3181
11821055,856,794,3174
11821065,845,794,3179
11821076,809,794,3183
11821086,822,795,3187
11821096,746,795,3154
11821106,728,796,3116
11821116,746,795,3139
11821127,723,794,3225
11821137,772,793,3106
11821147,834,792,2998
11821157,864,792,3032
11821167,877,793,3142
11821178,847,794,3175
11821188,824,796,3128
11821198,800,795,3070
11821208,725,794,3150
11821218,715,793,3216
11821229,722,793,3236
11821239,782,794,3161
11821249,840,794,3187
11821259,876,797,3234
11821269,874,799,3240
11821280,846,801,3209
11821290,814,802,3185
11821300,847,804,3098
11821310,770,805,2999
11821320,752,804,3045
11821331,727,802,3086
11821341,712,799,3148
11821351,740,797,3177
11821361,707,795,3269
11821371,819,794,3203
11821381,883,795,3275
11821392,873,796,3374
11821402,869,797,3448
11821412,814,797,3447
11821422,795,798,3399
11821432,748,799,3350
11821443,733,799,3316
11821453,722,799,3363
11821463,736,798,3428
11821473,794,796,3348
11821483,902,797,3396
11821494,856,797,3408
11821504,866,797,3423
11821514,831,797,3434
11821524,792,797,3426
11821534,768,798,3411
11821545,710,798,3411
11821555,725,797,3430
11821565,713,796,3546
11821575,727,794,3556
11821585,773,792,3449
RIM
11821606,756,738,39
11821616,739,738,39
11821626,739,738,39
11821636,745,738,38
11821646,729,738,39
11821657,741,738,39
11821667,741,738,39
11821677,731,738,38
11821687,745,738,38
11821697,731,738,39
11821708,741,738,39
11821718,744,738,40
11821728,729,738,39
11821738,743,738,39
11821748,733,738,39
11821758,740,738,39
11821769,745,738,39
11821779,729,738,39
11821789,743,738,40
11821799,737,738,40
11821809,736,738,39
11821820,744,738,39
11821830,730,738,39
11821840,743,738,39
11821850,741,738,39
11821860,732,738,38
11821870,744,738,38
11821881,730,738,39
11821891,740,738,39
11821901,746,738,39
11821911,729,738,38
11821921,744,738,38
11821932,733,738,39
11821942,737,738,38
11821952,743,738,38
11821962,728,738,38
11821972,745,738,39
11821983,737,738,39
11821993,735,738,38
11822003,744,738,38
11822013,728,738,39
11822023,743,738,39
11822033,743,738,39
11822044,732,738,39
11822054,745,738,39
11822064,731,738,40
11822074,739,738,40
11822084,744,738,40
11822095,728,738,40
11822105,744,738,40
11822115,734,738,40
11822125,739,738,40
11822135,744,738,40
11822146,727,738,40
11822156,742,738,40
11822166,738,738,40
11822176,735,738,39
11822186,745,738,40
11822196,730,738,40
11822207,742,738,40
OSM
11822228,889,893,3
11822238,896,893,3
11822248,894,893,3
11822258,894,893,3
11822269,896,893,3
11822279,892,893,3
11822289,895,893,3
11822299,895,893,3
11822309,894,893,3
11822320,896,893,3
11822330,891,893,3
11822340,895,893,3
11822350,895,893,4
11822360,893,893,3
11822370,897,893,3
11822381,891,893,4
11822391,893,893,4
11822401,895,893,4
11822411,894,893,3
11822421,897,893,4
11822432,892,893,4
11822442,894,893,4
11822452,895,893,4
11822462,892,893,4
11822472,896,893,4
11822482,895,893,4
11822493,893,893,4
11822503,894,893,4
11822513,891,893,4
11822523,895,893,4
11822533,895,893,4
11822544,892,893,4
11822554,894,893,4
11822564,892,893,4
11822574,893,893,4
11822584,896,893,4
11822595,892,893,3
11822605,895,893,3
11822615,892,893,3
11822625,893,893,3
11822635,896,893,3
11822645,892,893,3
11822656,897,893,4
11822666,893,893,3
11822676,892,893,3
11822686,895,893,3
11822696,893,893,3
11822707,896,893,3
11822717,895,893,3
11822727,891,893,4
11822737,896,893,4
11822747,893,893,4
11822757,896,893,4
11822768,896,893,4
11822778,891,893,4
11822788,895,893,4
11822798,893,893,4
11822808,894,893,4
11822819,896,893,4
11822829,890,893,4
SIM
11822849,739,792,3451
11822859,719,792,3411
11822869,749,792,3405
11822880,784,792,3405
11822890,866,792,3407
11822900,891,793,3499
11822910,838,792,3485
11822920,827,792,3437
11822931,804,791,3393
11822941,736,790,3439
11822951,842,790,3467
11822961,790,791,3432
11822971,742,791,3406
11822982,740,791,3416
11822992,729,791,3403
11823002,730,791,3459
11823012,725,789,3498
11823022,729,787,3460
11823033,823,786,3346
11823043,873,786,3410
11823053,897,787,3589
11823063,869,789,3694
11823073,850,791,3684
11823084,829,792,3609
11823094,756,793,3546
11823104,739,792,3594
11823114,714,790,3656
11823124,732,788,3586
11823134,770,786,3466
11823145,791,785,3407
11823155,869,786,3508
11823165,877,787,3583
11823175,856,788,3656
11823185,825,789,3654
11823196,808,791,3592
11823206,734,791,3542
11823216,757,791,3518
11823226,719,791,3487
11823236,740,790,3517
11823247,825,789,3394
11823257,868,789,3380
11823267,764,787,3283
11823277,821,787,3291
11823287,878,789,3422
11823298,860,791,3473
11823308,851,793,3473
11823318,876,795,3497
11823328,830,797,3454
11823338,810,797,3456
11823349,757,795,3296
11823359,711,792,3347
11823369,727,790,3324
11823379,731,788,3353
11823389,766,788,3360
11823400,856,789,3428
11823410,857,792,3391
11823420,881,794,3441
11823430,854,797,3381
11823440,826,798,3311
11823450,801,799,3299
RIM
11823471,755,738,40
11823481,734,738,40
11823491,738,738,40
11823501,745,738,40
11823512,729,738,40
11823522,745,738,41
11823532,739,738,40
11823542,734,738,40
11823552,744,738,40
11823562,728,738,41
11823573,743,738,41
11823583,742,738,40
11823593,733,738,40
11823603,744,738,40
11823613,731,738,40
11823624,740,738,40
11823634,744,738,40
11823644,729,738,40
11823654,745,738,40
11823664,735,738,40
11823675,739,738,40
11823685,743,738,40
11823695,725,738,42
11823705,742,738,42
11823715,738,738,42
11823725,736,738,41
11823736,745,738,41
11823746,727,738,42
11823756,741,738,42
11823766,740,738,41
11823776,732,738,41
11823787,746,738,41
11823797,731,738,42
11823807,741,738,42
11823817,746,738,42
11823827,730,738,42
11823838,743,738,41
11823848,732,738,42
11823858,738,738,42
11823868,744,738,42
11823878,728,738,42
11823889,742,738,42
11823899,738,738,41
11823909,736,738,41
11823919,743,738,40
11823929,727,738,41
11823939,742,738,42
11823950,741,738,41
11823960,732,738,40
11823970,745,738,40
11823980,731,738,41
11823990,739,738,41
11824001,743,738,41
11824011,728,738,40
11824021,743,738,41
11824031,734,738,41
11824041,739,738,41
11824052,745,738,41
11824062,727,738,42
11824072,741,738,42
OSM
11824093,889,893,4
11824103,896,893,4
11824113,892,893,4
11824123,895,893,4
11824133,895,893,4
11824144,889,893,4
11824154,895,893,4
11824164,893,893,4
11824174,894,893,4
11824184,897,893,4
11824195,889,893,4
11824205,895,893,4
11824215,894,893,4
11824225,894,893,4
11824235,895,893,4
11824246,890,893,4
11824256,894,893,4
11824266,894,893,4
11824276,893,893,4
11824286,897,893,4
11824296,890,893,4
11824307,893,893,4
11824317,894,893,4
11824327,892,893,4
11824337,896,893,4
11824347,892,893,4
11824358,893,893,4
11824368,895,893,4
11824378,890,893,4
11824388,896,893,4
11824398,893,893,4
11824408,893,893,4
11824419,894,893,4
11824429,890,893,4
11824439,893,893,4
11824449,894,893,4
11824459,894,893,4
11824470,897,893,4
11824480,891,893,5
11824490,893,893,5
11824500,894,893,4
11824510,893,893,4
11824520,896,893,4
11824531,892,893,4
11824541,893,893,4
11824551,894,893,4
11824561,892,893,4
11824571,897,893,4
11824582,892,893,4
11824592,891,893,4
11824602,895,893,4
11824612,891,893,4
11824622,896,893,4
11824632,894,893,4
11824643,894,893,4
11824653,894,893,4
11824663,891,893,4
11824673,896,893,4
11824683,897,893,4
11824694,890,893,4
SIM
11824714,731,799,3316
11824724,726,799,3298
11824734,733,799,3329
11824744,807,799,3327
11824755,860,799,3314
11824765,906,799,3364
11824775,849,799,3380
11824785,834,799,3387
11824795,805,799,3387
11824806,793,800,3319
11824816,759,799,3318
11824826,804,799,3317
11824836,803,800,3261
11824846,751,800,3241
11824857,725,800,3250
11824867,735,800,3239
11824877,678,800,3393
11824887,734,800,3382
11824897,771,799,3387
11824908,826,798,3308
11824918,876,798,3246
11824928,859,798,3224
11824938,868,798,3260
11824948,847,798,3284
11824959,788,799,3255
11824969,747,799,3240
11824979,722,799,3219
11824989,714,799,3264
11824999,766,799,3269
11825010,790,799,3269
11825020,844,798,3221
11825030,873,798,3211
11825040,862,798,3223
11825050,837,798,3236
11825060,787,798,3237
11825071,784,799,3170
11825081,758,799,3169
11825091,695,798,3243
11825101,742,798,3239
11825111,769,798,3241
11825122,822,797,3169
11825132,905,799,3338
11825142,715,797,3447
11825152,806,796,3340
11825162,876,796,3378
11825173,863,797,3401
11825183,877,797,3404
11825193,856,797,3444
11825203,879,798,3551
11825213,860,800,3581
11825224,830,802,3458
11825234,814,803,3364
11825244,849,805,3305
11825254,816,806,3280
11825264,803,805,3239
11825275,734,803,3277
11825285,723,801,3278
11825295,732,799,3307
11825305,735,797,3362
11825315,808,797,3363
RIM
11825336,755,738,42
11825346,732,737,43
11825356,744,738,42
11825366,744,738,42
11825376,731,738,42
11825387,743,738,41
11825397,733,737,43
11825407,739,738,41
11825417,745,738,42
11825427,729,738,41
11825438,745,738,42
11825448,735,737,43
11825458,737,738,41
11825468,744,738,41
11825478,727,737,43
11825488,745,738,43
11825499,740,738,43
11825509,733,738,42
11825519,744,738,41
11825529,729,737,44
11825539,739,737,44
11825550,741,737,43
11825560,732,738,40
11825570,746,738,41
11825580,733,738,41
11825590,739,738,41
11825601,743,738,41
11825611,728,738,41
11825621,744,738,41
11825631,736,738,41
11825641,737,738,40
11825651,743,738,40
11825662,726,737,42
11825672,742,738,42
11825682,739,737,41
11825692,733,737,41
11825702,745,737,41
11825713,729,737,42
11825723,741,737,42
11825733,742,737,42
11825743,729,737,41
11825753,745,738,41
11825764,733,737,42
11825774,741,738,42
11825784,745,738,42
11825794,727,738,42
11825804,742,738,42
11825815,737,737,43
11825825,735,738,41
11825835,744,738,41
11825845,727,737,43
11825855,743,738,43
11825866,741,737,43
11825876,732,738,41
11825886,745,738,42
11825896,730,738,43
11825906,740,738,43
11825917,744,738,42
11825927,730,738,41
11825937,744,738,42
OSM
11825958,891,893,4
11825968,894,893,4
11825978,892,893,4
11825988,896,893,4
11825998,894,893,4
11826009,891,893,4
11826019,895,893,4
11826029,893,893,4
11826039,896,893,4
11826049,895,893,4
11826060,891,893,4
11826070,895,893,4
11826080,893,893,4
11826090,895,893,4
11826100,896,893,4
11826110,892,893,4
11826121,895,893,4
11826131,893,893,4
11826141,896,893,4
11826151,896,893,4
11826161,891,893,4
11826172,893,893,4
11826182,895,893,4
11826192,893,893,4
11826202,897,893,4
11826212,892,893,4
11826223,894,893,4
11826233,894,893,4
11826243,893,893,4
11826253,898,893,4
11826263,893,893,4
11826273,893,893,4
11826284,895,893,4
11826294,891,893,4
11826304,896,893,4
11826314,893,893,4
11826324,894,893,4
11826335,895,893,4
11826345,891,893,4
11826355,895,893,4
11826365,895,893,4
11826375,893,893,4
11826385,895,893,4
11826396,891,893,4
11826406,895,893,4
11826416,896,893,4
11826426,892,893,4
11826436,895,893,4
11826447,891,893,4
11826457,894,893,4
11826467,896,893,4
11826477,892,893,4
11826487,895,893,4
11826497,892,893,4
11826508,894,893,4
11826518,897,893,4
11826528,892,893,4
11826538,896,893,4
11826548,895,893,4
11826559,891,893,4
SIM
11826579,719,797,3392
11826589,728,797,3388
11826599,722,797,3413
11826609,812,797,3415
11826620,855,797,3405
11826630,877,796,3314
11826640,796,795,3269
11826650,879,796,3358
11826660,861,797,3425
11826671,857,798,3482
11826681,855,800,3506
11826691,848,801,3543
11826701,858,801,3597
11826711,795,802,3554
11826722,787,803,3456
11826732,758,804,3412
11826742,730,804,3238
11826752,729,804,3250
11826762,743,804,3294
11826773,798,803,3288
11826783,890,804,3324
11826793,852,804,3312
11826803,869,804,3314
11826813,857,804,3330
11826824,805,804,3325
11826834,778,805,3281
11826844,712,804,3312
11826854,717,804,3303
11826864,759,804,3312
11826874,796,804,3310
11826885,836,804,3301
11826895,888,805,3338
11826905,847,804,3314
11826915,876,805,3380
11826925,802,805,3375
11826936,818,806,3369
11826946,735,805,3415
11826956,851,808,3237
11826966,816,809,3163
11826976,745,809,3204
11826987,738,807,3285
11826997,720,804,3247
11827007,766,805,3137
11827017,735,804,3219
11827027,707,801,3284
11827038,748,799,3266
11827048,772,798,3176
11827058,709,795,3246
11827068,823,794,3142
11827078,873,794,3173
11827089,877,795,3264
11827099,880,796,3376
11827109,847,796,3373
11827119,840,797,3397
11827129,800,797,3397
11827140,740,797,3385
11827150,728,797,3373
11827160,716,796,3413
11827170,754,797,3378
11827180,847,797,3418
RIM
11827201,755,738,42
11827211,729,738,43
11827221,743,738,43
11827231,740,737,43
11827241,737,738,41
11827252,745,738,42
11827262,729,738,43
11827272,741,738,43
11827282,742,738,42
11827292,731,738,42
11827303,745,738,42
11827313,733,738,42
11827323,740,738,42
11827333,744,738,42
11827343,728,738,42
11827353,744,738,41
11827364,735,737,42
11827374,739,738,41
11827384,744,738,41
11827394,728,738,41
11827404,744,738,42
11827415,739,738,42
11827425,734,738,41
11827435,744,738,41
11827445,728,738,42
11827455,743,738,43
11827466,744,738,43
11827476,732,738,42
11827486,744,738,42
11827496,732,738,42
11827506,739,738,42
11827516,745,738,43
11827527,730,738,41
11827537,744,738,42
11827547,736,738,42
11827557,739,738,41
11827567,744,738,41
11827578,728,738,41
11827588,741,738,41
11827598,739,738,41
11827608,733,738,40
11827618,746,738,40
11827629,730,738,41
11827639,741,738,41
11827649,743,738,41
11827659,731,738,40
11827669,745,738,40
11827680,733,738,40
11827690,741,738,40
11827700,745,738,41
11827710,728,738,40
11827720,743,738,40
11827730,737,738,40
11827741,737,738,40
11827751,745,738,40
11827761,729,738,40
11827771,744,738,40
11827781,740,738,40
11827792,733,738,39
11827802,745,738,39
OSM
11827823,892,893,4
11827833,895,893,4
11827843,893,893,4
11827853,896,893,4
11827864,892,893,4
11827874,893,893,4
11827884,896,893,4
11827894,890,893,4
11827904,895,893,4
11827914,895,893,4
11827925,895,893,4
11827935,896,893,4
11827945,891,893,4
11827955,894,893,4
11827965,895,893,4
11827976,893,893,4
11827986,896,893,4
11827996,892,893,4
11828006,894,893,4
11828016,896,893,4
11828026,893,893,4
11828037,897,893,4
11828047,892,893,4
11828057,894,893,4
11828067,894,893,4
11828077,894,893,4
11828088,897,893,4
11828098,895,893,4
11828108,892,893,4
11828118,895,893,4
11828128,894,893,4
11828138,896,893,4
11828149,896,894,3
11828159,890,893,4
11828169,896,893,4
11828179,891,893,4
11828189,893,893,4
11828200,896,893,4
11828210,892,893,4
11828220,896,893,4
11828230,893,893,4
11828240,894,893,4
11828251,896,893,4
11828261,893,894,3
11828271,895,894,3
11828281,893,893,4
11828291,892,893,4
11828301,896,893,4
11828312,892,894,3
11828322,895,894,3
11828332,895,894,3
11828342,891,893,4
11828352,895,893,4
11828363,892,893,4
11828373,895,894,3
11828383,896,893,4
11828393,891,893,4
11828403,895,893,4
11828413,892,893,4
11828424,894,893,4
SIM
11828444,712,797,3437
11828454,730,797,3433
11828464,763,798,3356
11828475,805,798,3354
11828485,892,799,3446
11828495,845,798,3379
11828505,862,799,3445
11828515,824,798,3350
11828525,769,797,3297
11828536,744,795,3281
11828546,729,793,3290
11828556,810,792,3244
11828566,771,791,3178
11828576,729,789,3242
11828587,725,788,3311
11828597,760,788,3309
11828607,723,788,3324
11828617,748,789,3291
11828627,754,789,3276
11828638,802,789,3277
11828648,906,789,3336
11828658,834,789,3303
11828668,886,789,3353
11828678,860,789,3360
11828689,865,790,3450
11828699,827,791,3468
11828709,798,792,3362
11828719,776,793,3270
11828729,744,793,3290
11828740,720,792,3379
11828750,737,790,3396
11828760,779,788,3238
11828770,868,789,3285
11828780,883,789,3306
11828791,850,790,3364
11828801,826,790,3372
11828811,795,791,3321
11828821,743,789,3297
11828831,744,788,3319
11828842,722,788,3361
11828852,740,788,3357
11828862,813,789,3288
11828872,850,790,3339
11828882,897,793,3466
11828892,840,795,3372
11828903,869,797,3419
11828913,823,798,3417
11828923,850,801,3320
11828933,820,801,3318
11828943,760,799,3257
11828954,749,797,3193
11828964,749,794,3113
11828974,714,792,3171
11828984,740,790,3178
11828994,768,790,3184
11829005,814,791,3150
11829015,890,794,3236
11829025,850,796,3180
11829035,865,798,3224
11829045,819,798,3192
RIM
11829066,756,738,40
11829076,733,738,39
11829086,745,738,40
11829096,734,738,40
11829106,740,738,40
11829117,744,738,40
11829127,728,738,40
11829137,744,738,40
11829147,737,738,40
11829157,735,738,39
11829168,744,738,39
11829178,731,738,40
11829188,742,738,40
11829198,742,738,39
11829208,731,738,39
11829219,745,738,39
11829229,731,738,39
11829239,741,738,40
11829249,745,738,40
11829259,731,738,39
11829269,744,738,39
11829280,734,738,39
11829290,738,738,39
11829300,743,738,39
11829310,728,738,39
11829320,743,738,39
11829331,739,738,38
11829341,736,738,38
11829351,743,738,37
11829361,730,738,38
11829371,742,738,38
11829382,743,738,38
11829392,733,738,37
11829402,745,738,37
11829412,733,738,38
11829422,741,738,38
11829432,744,738,38
11829443,728,738,38
11829453,743,738,38
11829463,734,738,38
11829473,738,738,38
11829483,744,738,37
11829494,729,738,38
11829504,744,738,38
11829514,737,738,38
11829524,734,738,37
11829534,744,738,37
11829545,731,738,37
11829555,742,738,38
11829565,742,738,37
11829575,732,738,36
11829585,744,738,36
11829595,731,738,37
11829606,739,738,37
11829616,745,738,37
11829626,729,738,37
11829636,744,738,37
11829646,736,738,37
11829657,737,738,37
11829667,744,738,36
OSM
11829688,893,893,4
11829698,895,893,4
11829708,893,893,4
11829718,897,893,4
11829728,891,893,4
11829739,893,893,4
11829749,896,893,4
11829759,893,894,3
11829769,897,894,3
11829779,892,894,3
11829790,894,893,4
11829800,895,893,4
11829810,892,893,4
11829820,897,894,3
11829830,894,894,3
11829840,892,894,3
11829851,895,893,4
11829861,892,893,4
11829871,896,894,3
11829881,897,894,3
11829891,892,894,3
11829902,895,893,4
11829912,893,894,3
11829922,895,894,3
11829932,898,894,3
11829942,891,894,3
11829953,896,894,3
11829963,893,893,4
11829973,894,894,3
11829983,895,894,3
11829993,892,893,4
11830003,896,893,4
11830014,894,893,4
11830024,892,893,4
11830034,895,893,4
11830044,893,894,3
11830054,895,894,3
11830065,894,894,3
11830075,892,894,3
11830085,896,894,3
11830095,893,894,3
11830105,895,894,3
11830115,896,894,3
11830126,892,894,3
11830136,895,894,3
11830146,893,894,3
11830156,895,894,3
11830166,896,894,3
11830177,892,894,3
11830187,895,894,3
11830197,894,894,3
11830207,896,894,3
11830217,898,894,3
11830227,891,894,3
11830238,895,894,3
11830248,895,894,3
11830258,894,894,3
11830268,897,894,3
11830278,891,894,3
11830289,893,894,3
SIM
11830309,703,797,3219
11830319,729,797,3222
11830329,719,797,3304
11830339,730,795,3377
11830350,754,793,3246
11830360,824,793,3217
11830370,847,792,3188
11830380,890,794,3326
11830390,849,795,3365
11830401,872,797,3414
11830411,812,798,3338
11830421,793,798,3336
11830431,757,798,3352
11830441,707,798,3410
11830452,744,798,3370
11830462,772,798,3357
11830472,829,800,3274
11830482,885,802,3343
11830492,846,804,3333
11830503,850,804,3368
11830513,839,803,3216
11830523,804,803,3200
11830533,781,801,3091
11830543,739,799,3095
11830553,725,797,3111
11830564,753,795,3128
11830574,739,794,3181
11830584,727,794,3250
11830594,740,794,3257
11830604,794,795,3164
11830615,842,797,3141
11830625,862,798,3204
11830635,884,798,3246
11830645,873,798,3219
11830655,863,798,3244
11830666,839,799,3258
11830676,793,798,3259
11830686,806,800,3206
11830696,749,800,3197
11830706,721,800,3200
11830717,730,799,3222
11830727,730,798,3298
11830737,804,797,3254
11830747,898,797,3258
11830757,843,797,3262
11830768,872,797,3270
11830778,836,798,3282
11830788,790,797,3238
11830798,750,795,3265
11830808,710,795,3365
11830819,736,794,3389
11830829,761,795,3372
11830839,832,797,3281
11830849,879,799,3334
11830859,852,800,3362
11830869,867,801,3431
11830880,843,800,3329
11830890,799,800,3288
11830900,842,799,3247
11830910,798,799,3240
RIM
11830931,752,738,34
11830941,735,738,34
11830951,746,738,34
11830961,730,738,35
11830971,741,738,35
11830982,743,738,35
11830992,728,738,35
11831002,744,738,35
11831012,731,738,36
11831022,739,738,36
11831032,745,738,36
11831043,726,738,37
11831053,742,738,37
11831063,734,738,37
11831073,737,738,37
11831083,745,738,37
11831094,727,738,38
11831104,743,738,38
11831114,739,738,37
11831124,732,738,37
11831134,745,738,37
11831145,730,738,38
11831155,742,738,38
11831165,745,738,39
11831175,729,738,38
11831185,744,738,39
11831195,731,738,39
11831206,738,738,39
11831216,743,738,39
11831226,727,738,40
11831236,744,738,41
11831246,737,738,40
11831257,736,738,40
11831267,745,738,40
11831277,728,737,42
11831287,742,738,41
11831297,741,737,42
11831307,732,738,40
11831318,743,738,40
11831328,729,737,42
11831338,739,737,42
11831348,743,737,41
11831358,729,737,41
11831369,745,737,42
11831379,732,737,42
11831389,738,737,42
11831399,742,737,42
11831409,726,737,43
11831420,743,737,43
11831430,737,737,43
11831440,736,737,42
11831450,745,737,43
11831460,728,737,43
11831471,741,737,44
11831481,740,737,43
11831491,731,737,42
11831501,745,737,42
11831511,732,737,43
11831521,741,737,43
11831532,743,737,43
OSM
11831553,893,894,3
11831563,893,894,3
11831573,895,894,3
11831583,896,894,3
11831593,891,894,3
11831604,894,894,3
11831614,894,894,3
11831624,893,894,3
11831634,898,894,3
11831644,891,894,3
11831655,892,894,3
11831665,897,894,3
11831675,893,894,3
11831685,897,894,3
11831695,893,894,3
11831705,894,894,3
11831716,895,894,3
11831726,892,894,3
11831736,896,894,3
11831746,894,894,3
11831756,893,894,3
11831767,896,894,3
11831777,891,894,3
11831787,895,894,3
11831797,896,894,3
11831807,892,894,3
11831818,895,894,3
11831828,892,894,3
11831838,895,894,3
11831848,897,894,3
11831858,892,894,3
11831868,897,894,3
11831879,892,894,3
11831889,893,894,3
11831899,896,894,3
11831909,892,894,3
11831919,896,894,3
11831930,892,894,3
11831940,893,894,3
11831950,896,894,3
11831960,893,894,3
11831970,895,894,3
11831980,894,894,3
11831991,891,894,3
11832001,896,894,3
11832011,893,894,3
11832021,895,894,3
11832031,895,894,3
11832042,891,894,3
11832052,895,894,3
11832062,893,894,3
11832072,895,894,3
11832082,897,894,3
11832092,892,894,3
11832103,895,894,3
11832113,892,893,4
11832123,892,893,4
11832133,898,893,4
11832143,892,893,4
11832154,894,894,3
SIM
11832174,706,799,3231
11832184,720,799,3253
11832194,742,799,3201
11832204,758,800,3148
11832215,814,801,3115
11832225,857,801,3159
11832235,868,801,3198
11832245,866,801,3137
11832255,836,801,3119
11832266,816,800,3038
11832276,772,799,3049
11832286,741,798,3106
11832296,718,798,3184
11832306,723,798,3140
11832317,769,798,3105
11832327,841,800,3121
11832337,861,800,3169
11832347,874,800,3140
11832357,838,800,3128
11832368,814,799,3090
11832378,764,798,3084
11832388,742,797,3135
11832398,772,797,3141
11832408,725,796,3173
11832419,720,796,3185
11832429,744,796,3199
11832439,764,797,3161
11832449,727,797,3161
11832459,808,798,3107
11832469,888,799,3239
11832480,903,800,3386
11832490,848,800,3360
11832500,864,800,3311
11832510,812,799,3224
11832520,785,798,3158
11832531,760,796,3153
11832541,708,795,3281
11832551,722,793,3367
11832561,727,793,3408
11832571,800,794,3320
11832582,846,796,3289
11832592,855,798,3267
11832602,861,799,3330
11832612,844,798,3202
11832622,802,798,3168
11832633,747,796,3117
11832643,729,794,3162
11832653,730,793,3230
11832663,752,793,3227
11832673,774,794,3116
11832684,870,796,3150
11832694,874,798,3225
11832704,857,798,3263
11832714,886,799,3282
11832724,838,798,3261
11832734,818,798,3188
11832745,793,797,3155
11832755,733,796,3222
11832765,745,794,3228
11832775,706,792,3357
RIM
11832796,749,737,42
11832806,740,737,42
11832816,746,737,42
11832826,730,737,42
11832836,745,737,42
11832847,742,737,42
11832857,733,737,41
11832867,745,737,41
11832877,730,737,42
11832887,744,738,41
11832897,744,738,41
11832908,732,738,39
11832918,745,738,40
11832928,733,738,40
11832938,740,738,40
11832948,745,738,40
11832959,729,738,39
11832969,745,738,40
11832979,735,738,40
11832989,737,738,39
11832999,744,738,39
11833010,727,738,40
11833020,744,738,40
11833030,741,738,40
11833040,735,738,39
11833050,746,738,39
11833060,729,738,40
11833071,741,738,40
11833081,742,738,40
11833091,730,738,39
11833101,746,738,39
11833111,731,738,40
11833122,740,738,40
11833132,742,738,39
11833142,726,738,40
11833152,743,738,40
11833162,735,738,40
11833173,738,738,40
11833183,744,738,40
11833193,727,738,40
11833203,742,738,41
11833213,739,738,40
11833223,733,738,39
11833234,744,738,39
11833244,729,738,40
11833254,742,738,40
11833264,744,738,40
11833274,728,738,40
11833285,743,738,40
11833295,731,738,41
11833305,740,738,41
11833315,743,738,40
11833325,726,738,41
11833336,744,738,41
11833346,736,738,41
11833356,735,738,41
11833366,743,738,40
11833376,725,738,42
11833386,743,738,43
11833397,740,738,42
OSM
11833418,894,894,3
11833428,893,894,3
11833438,893,893,4
11833448,897,894,3
11833459,891,894,3
11833469,895,894,3
11833479,891,893,4
11833489,893,893,4
11833499,896,893,4
11833509,892,893,4
11833520,895,894,3
11833530,893,893,4
11833540,893,893,4
11833550,895,893,4
11833560,893,893,4
11833571,896,893,4
11833581,894,893,4
11833591,890,893,4
11833601,896,893,4
11833611,892,893,4
11833621,894,893,4
11833632,895,893,4
11833642,890,893,4
11833652,895,893,4
11833662,893,893,4
11833672,894,893,4
11833683,895,893,4
11833693,890,893,4
11833703,893,893,4
11833713,894,893,4
11833723,894,893,4
11833733,896,893,3
11833744,890,893,4
11833754,893,893,4
11833764,894,893,3
11833774,893,893,3
11833784,896,893,3
11833795,891,893,3
11833805,892,893,4
11833815,894,893,3
11833825,891,893,3
11833835,896,893,4
11833845,893,893,4
11833856,893,893,3
11833866,895,893,3
11833876,890,893,4
11833886,895,893,4
11833896,895,893,4
11833907,893,893,3
11833917,896,893,4
11833927,891,893,4
11833937,894,893,4
11833947,895,893,3
11833957,894,893,3
11833968,896,893,3
11833978,891,893,3
11833988,893,893,3
11833998,896,893,3
11834008,892,893,3
11834019,894,893,3
SIM
11834039,720,793,3318
11834049,713,793,3336
11834059,729,792,3362
11834069,771,793,3349
11834080,813,793,3348
11834090,869,793,3376
11834100,863,793,3364
11834110,864,793,3359
11834120,809,792,3333
11834131,819,792,3336
11834141,721,791,3414
11834151,737,791,3421
11834161,730,792,3393
11834171,732,792,3373
11834182,819,793,3376
11834192,872,793,3441
11834202,878,793,3485
11834212,801,792,3377
11834222,866,793,3431
11834233,876,794,3538
11834243,860,795,3593
11834253,837,797,3571
11834263,879,799,3668
11834273,822,800,3583
11834284,808,802,3473
11834294,744,802,3473
11834304,726,801,3545
11834314,748,801,3501
11834324,705,800,3653
11834335,739,797,3581
11834345,752,795,3424
11834355,828,794,3396
11834365,849,794,3364
11834375,850,795,3410
11834385,860,796,3477
11834396,876,798,3556
11834406,792,799,3419
11834416,789,800,3320
11834426,740,801,3290
11834436,691,799,3488
11834447,743,797,3502
11834457,722,795,3537
11834467,788,794,3465
11834477,875,794,3532
11834487,867,795,3618
11834498,868,797,3661
11834508,840,799,3608
11834518,812,800,3529
11834528,793,801,3489
11834538,721,800,3584
11834549,720,798,3606
11834559,729,795,3585
11834569,787,794,3523
11834579,732,792,3442
11834589,751,790,3434
11834600,844,791,3468
11834610,881,792,3601
11834620,863,794,3620
11834630,875,796,3681
11834640,848,799,3581
RIM
11834661,747,738,42
11834671,742,738,42
11834681,745,738,42
11834691,731,738,41
11834701,744,738,41
11834712,734,738,41
11834722,737,738,41
11834732,744,738,41
11834742,727,738,42
11834752,744,738,42
11834763,740,737,42
11834773,735,738,41
11834783,743,737,41
11834793,730,737,42
11834803,741,737,42
11834813,744,737,42
11834824,733,737,41
11834834,746,738,40
11834844,732,737,41
11834854,738,737,41
11834864,743,737,41
11834875,729,737,41
11834885,745,738,40
11834895,736,737,41
11834905,737,737,40
11834915,742,737,40
11834925,727,737,40
11834936,742,737,40
11834946,739,737,40
11834956,735,737,39
11834966,747,737,40
11834976,730,737,40
11834987,740,737,40
11834997,742,737,40
11835007,731,737,38
11835017,744,738,38
11835027,731,737,39
11835038,741,737,39
11835048,743,737,39
11835058,728,737,39
11835068,743,738,38
11835078,733,737,39
11835089,737,737,39
11835099,743,737,39
11835109,729,737,39
11835119,744,737,39
11835129,738,737,38
11835139,733,737,37
11835150,743,737,37
11835160,730,737,37
11835170,741,737,38
11835180,743,737,38
11835190,731,738,35
11835201,744,738,35
11835211,732,737,37
11835221,738,738,35
11835231,745,738,36
11835241,729,738,34
11835251,744,738,35
11835262,736,738,35
OSM
11835283,894,893,3
11835293,892,893,3
11835303,896,893,3
11835313,895,893,3
11835323,893,893,3
11835334,895,893,3
11835344,892,893,3
11835354,894,893,3
11835364,897,893,3
11835374,891,893,3
11835385,894,893,3
11835395,894,893,3
11835405,894,893,3
11835415,897,893,3
11835425,892,893,3
11835436,895,893,3
11835446,893,893,3
11835456,893,893,3
11835466,896,893,3
11835476,893,893,3
11835486,895,893,3
11835497,894,893,3
11835507,891,893,3
11835517,897,893,3
11835527,893,893,3
11835537,895,893,3
11835548,895,893,3
11835558,891,893,3
11835568,895,893,3
11835578,892,893,3
11835588,894,893,3
11835598,897,893,3
11835609,892,893,3
11835619,895,893,3
11835629,894,893,3
11835639,894,893,3
11835649,897,893,3
11835660,892,893,3
11835670,894,893,3
11835680,895,893,3
11835690,893,893,3
11835700,897,893,4
11835710,892,893,4
11835721,894,893,4
11835731,895,893,4
11835741,893,894,2
11835751,896,894,2
11835761,894,894,2
11835772,893,894,2
11835782,895,894,2
11835792,892,894,2
11835802,897,894,2
11835812,895,894,2
11835822,893,894,2
11835833,895,894,2
11835843,892,894,2
11835853,895,894,2
11835863,896,894,2
11835873,892,894,2
11835884,894,894,2
SIM
11835904,721,799,3578
11835914,739,799,3515
11835924,736,799,3500
11835934,822,800,3493
11835945,872,801,3574
11835955,874,801,3586
11835965,869,801,3599
11835975,829,801,3546
11835985,802,801,3545
11835996,795,800,3540
11836006,732,800,3514
11836016,723,800,3546
11836026,738,800,3529
11836036,716,800,3569
11836047,750,799,3605
11836057,740,797,3571
11836067,837,796,3488
11836077,795,796,3488
11836087,865,796,3485
11836098,879,796,3494
11836108,848,796,3470
11836118,813,795,3448
11836128,833,795,3354
11836138,774,794,3349
11836149,742,793,3390
11836159,716,792,3450
11836169,732,792,3437
11836179,804,793,3405
11836189,862,796,3344
11836199,879,798,3397
11836210,862,800,3424
11836220,844,800,3443
11836230,822,800,3411
11836240,756,798,3401
11836250,731,796,3411
11836261,730,794,3373
11836271,733,793,3435
11836281,758,792,3455
11836291,787,793,3409
11836301,875,796,3335
11836312,891,799,3429
11836322,854,801,3376
11836332,801,801,3373
11836342,869,801,3359
11836352,856,801,3337
11836363,822,800,3269
11836373,749,798,3285
11836383,738,797,3342
11836393,742,796,3393
11836403,692,796,3480
11836414,745,796,3427
11836424,765,797,3366
11836434,844,798,3400
11836444,880,800,3432
11836454,865,802,3456
11836465,869,803,3500
11836475,841,802,3423
11836485,813,801,3363
11836495,767,799,3290
11836505,718,797,3358
RIM
11836526,746,738,34
11836536,744,738,35
11836546,743,738,34
11836556,735,738,34
11836566,745,738,34
11836577,733,738,34
11836587,741,738,34
11836597,745,738,34
11836607,732,738,33
11836617,745,738,33
11836627,735,738,33
11836638,739,738,33
11836648,744,738,33
11836658,727,738,34
11836668,742,738,34
11836678,739,738,34
11836689,736,738,33
11836699,744,738,33
11836709,730,738,33
11836719,741,738,33
11836729,741,738,33
11836740,733,738,32
11836750,743,738,32
11836760,732,738,32
11836770,740,738,32
11836780,744,738,33
11836790,730,738,32
11836801,742,738,32
11836811,736,738,32
11836821,739,738,32
11836831,743,738,31
11836841,729,738,31
11836852,742,738,31
11836862,739,738,31
11836872,734,738,30
11836882,742,738,30
11836892,729,738,31
11836903,741,738,31
11836913,742,738,31
11836923,732,738,29
11836933,743,738,29
11836943,732,738,30
11836953,738,738,30
11836964,743,738,30
11836974,729,738,30
11836984,744,738,30
11836994,736,738,30
11837004,737,738,29
11837015,743,738,29
11837025,727,738,30
11837035,743,738,31
11837045,740,738,30
11837055,736,738,29
11837066,744,738,29
11837076,729,738,30
11837086,740,738,30
11837096,741,738,30
11837106,732,738,29
11837116,744,738,29
11837127,733,738,29
OSM
11837148,894,894,2
11837158,892,894,2
11837168,897,894,2
11837178,895,894,2
11837188,893,894,2
11837199,895,894,2
11837209,891,894,2
11837219,895,894,3
11837229,895,894,2
11837239,892,894,2
11837250,894,894,2
11837260,892,894,2
11837270,896,894,2
11837280,897,894,2
11837290,892,894,2
11837300,894,894,2
11837311,892,894,2
11837321,894,894,2
11837331,897,894,3
11837341,892,894,3
11837351,894,894,3
11837362,891,894,3
11837372,893,894,3
11837382,897,894,3
11837392,892,894,3
11837402,894,894,3
11837413,894,893,4
11837423,891,893,4
11837433,896,894,3
11837443,893,894,3
11837453,895,894,3
11837463,894,893,3
11837474,891,893,3
11837484,895,893,3
11837494,894,893,3
11837504,894,893,3
11837514,896,893,3
11837525,892,893,3
11837535,894,893,3
11837545,895,893,3
11837555,893,893,3
11837565,896,893,3
11837575,891,893,3
11837586,894,893,3
11837596,896,893,3
11837606,893,893,3
11837616,896,893,3
11837626,892,893,3
11837637,893,893,3
11837647,896,893,3
11837657,892,893,3
11837667,895,893,3
11837677,892,893,3
11837687,893,893,3
11837698,896,893,3
11837708,892,893,3
11837718,896,893,3
11837728,895,893,3
11837738,894,893,3
11837749,896,893,3
SIM
11837769,713,797,3379
11837779,749,797,3362
11837789,740,797,3354
11837799,824,797,3355
11837810,843,797,3297
11837820,869,797,3284
11837830,863,797,3271
11837840,836,797,3279
11837850,807,797,3280
11837861,821,797,3290
11837871,736,797,3281
11837881,732,797,3260
11837891,774,798,3209
11837901,753,799,3130
11837912,823,800,3098
11837922,731,800,3117
11837932,733,798,3167
11837942,807,798,3168
11837952,729,796,3170
11837963,752,794,3085
11837973,706,791,3162
11837983,746,790,3188
11837993,724,788,3230
11838003,732,788,3279
11838014,739,788,3283
11838024,785,789,3195
11838034,875,791,3257
11838044,798,791,3255
11838054,860,791,3251
11838065,870,791,3226
11838075,851,791,3202
11838085,833,791,3184
11838095,834,791,3199
11838105,759,791,3196
11838116,741,791,3177
11838126,715,791,3212
11838136,729,791,3220
11838146,779,791,3204
11838156,825,792,3222
11838167,877,792,3227
11838177,866,791,3156
11838187,843,791,3135
11838197,816,791,3143
11838207,758,790,3059
11838217,743,788,3020
11838228,745,786,3031
11838238,726,786,3068
11838248,763,786,3039
11838258,811,788,3013
11838268,888,791,3015
11838279,891,793,3139
11838289,844,795,3165
11838299,875,795,3232
11838309,842,794,3149
11838319,864,794,3147
11838330,885,795,3190
11838340,846,795,3198
11838350,809,795,3196
11838360,879,797,3296
11838370,844,799,3224
RIM
11838391,744,738,29
11838401,745,738,29
11838411,738,738,28
11838421,736,738,28
11838431,744,738,28
11838442,727,738,30
11838452,740,738,30
11838462,740,737,30
11838472,731,737,30
11838482,745,737,30
11838493,731,737,31
11838503,740,737,31
11838513,743,737,30
11838523,728,737,30
11838533,742,737,30
11838544,733,737,30
11838554,738,737,30
11838564,744,737,30
11838574,728,737,31
11838584,743,737,31
11838594,738,737,31
11838605,732,737,31
11838615,744,737,31
11838625,729,737,32
11838635,742,737,32
11838645,741,737,32
11838656,730,737,32
11838666,743,737,32
11838676,730,737,33
11838686,738,737,33
11838696,746,737,33
11838707,729,737,33
11838717,743,737,33
11838727,734,737,34
11838737,736,737,33
11838747,744,737,34
11838757,728,737,34
11838768,743,737,34
11838778,739,737,34
