Polling for available serial device...
Opening serial monitor for com port: "/dev/ttyACM0"
Serial monitor opened successfully:
11067381,523,525,5
11067391,527,525,5
11067402,526,525,5
11067412,523,525,5
SIM
11067432,745,813,2920
11067442,726,811,3045
11067452,760,809,3033
11067463,754,809,3083
11067473,859,811,2996
11067483,925,812,3158
11067493,872,812,3150
11067503,866,813,3195
11067514,808,814,3128
11067524,762,813,3165
11067534,759,811,3126
11067544,724,810,3250
11067554,751,810,3164
11067565,819,810,3127
11067575,897,810,3212
11067585,901,812,3345
11067595,710,811,3448
11067605,828,811,3450
11067616,900,812,3521
11067626,869,813,3569
11067636,876,815,3554
11067646,889,815,3556
11067656,887,816,3613
11067667,893,817,3702
11067677,823,819,3615
11067687,817,818,3581
11067697,833,817,3509
11067707,763,816,3549
11067718,769,817,3475
11067728,736,815,3568
11067738,764,813,3553
11067748,746,812,3624
11067758,775,814,3470
11067768,888,814,3555
11067779,886,814,3542
11067789,889,816,3630
11067799,895,819,3593
11067809,861,819,3611
11067819,825,818,3570
11067830,793,818,3573
11067840,758,819,3444
11067850,732,817,3528
11067860,747,814,3552
11067870,786,814,3563
11067881,817,815,3459
11067891,897,817,3565
11067901,886,817,3592
11067911,861,818,3618
11067921,825,819,3523
11067932,800,819,3524
11067942,752,817,3559
11067952,741,816,3654
11067962,743,816,3642
11067972,746,814,3717
11067983,743,812,3724
11067993,755,811,3775
11068003,807,812,3704
11068013,724,810,3772
11068023,768,808,3762
11068034,855,809,3794
RIM
11068054,847,832,34
11068064,825,832,33
11068074,838,832,34
11068084,834,832,33
11068095,828,832,33
11068105,836,832,33
11068115,823,832,34
11068125,835,832,33
11068135,836,832,33
11068146,825,832,33
11068156,839,832,34
11068166,827,832,34
11068176,833,832,32
11068186,839,832,33
11068196,822,832,34
11068207,835,832,34
11068217,829,832,34
11068227,832,832,33
11068237,838,832,33
11068247,823,832,34
11068258,835,832,34
11068268,834,832,33
11068278,829,832,32
11068288,837,832,32
11068298,824,831,34
11068309,835,832,32
11068319,836,832,32
11068329,824,832,33
11068339,837,832,33
11068349,826,831,34
11068359,832,832,32
11068370,837,832,32
11068380,824,831,34
11068390,837,832,33
11068400,829,831,33
11068410,830,831,32
11068421,836,831,32
11068431,823,831,33
11068441,836,831,34
11068451,834,831,33
11068461,829,831,33
11068472,839,831,33
11068482,823,831,34
11068492,833,831,33
11068502,835,831,32
11068512,826,831,32
11068522,838,831,33
11068533,828,831,33
11068543,832,831,32
11068553,839,831,33
11068563,822,831,34
11068573,836,831,34
11068584,831,831,34
11068594,830,831,32
11068604,838,831,32
11068614,822,831,34
11068624,835,831,34
11068635,834,831,33
11068645,828,831,33
11068655,838,831,33
OSM
11068675,529,525,5
11068686,528,525,5
11068696,525,525,5
11068706,528,525,5
11068716,523,525,5
11068726,525,525,5
11068737,527,525,5
11068747,524,525,5
11068757,528,525,5
11068767,525,525,5
11068777,523,525,5
11068787,527,525,5
11068798,521,525,5
11068808,526,525,5
11068818,526,525,5
11068828,524,525,5
11068838,528,525,5
11068849,522,525,5
11068859,526,525,5
11068869,528,525,5
11068879,524,525,5
11068889,528,525,5
11068899,522,525,5
11068910,526,525,5
11068920,527,525,5
11068930,523,525,5
11068940,528,525,5
11068950,524,525,5
11068961,524,525,4
11068971,528,525,5
11068981,524,525,5
11068991,526,525,5
11069001,526,525,4
11069012,524,525,4
11069022,528,525,4
11069032,522,525,4
11069042,527,525,4
11069052,527,525,4
11069062,523,525,4
11069073,528,525,4
11069083,523,525,4
11069093,525,525,4
11069103,527,525,4
11069113,522,525,4
11069124,527,525,5
11069134,523,525,5
11069144,525,525,4
11069154,528,525,4
11069164,522,525,5
11069174,528,525,5
11069185,526,525,4
11069195,524,525,4
11069205,528,525,4
11069215,524,525,4
11069225,526,525,4
11069236,526,525,4
11069246,523,525,4
11069256,528,525,4
11069266,524,525,4
11069276,526,525,4
SIM
11069297,710,809,3889
11069307,758,809,3817
11069317,770,809,3803
11069327,726,809,3867
11069337,752,807,3878
11069348,740,804,3715
11069358,823,803,3645
11069368,920,804,3804
11069378,793,804,3806
11069388,906,806,3943
11069399,895,809,4029
11069409,870,811,3964
11069419,847,813,3922
11069429,836,813,3930
11069439,819,812,3812
11069450,753,809,3733
11069460,744,810,3638
11069470,750,808,3693
11069480,740,806,3625
11069490,764,804,3586
11069500,857,804,3547
11069511,892,804,3555
11069521,896,804,3582
11069531,878,804,3541
11069541,848,804,3567
11069551,829,804,3575
11069562,754,803,3602
11069572,756,803,3612
11069582,738,802,3664
11069592,752,803,3632
11069602,809,803,3607
11069613,832,805,3562
11069623,897,807,3683
11069633,888,807,3683
11069643,875,807,3657
11069653,826,806,3549
11069664,795,804,3417
11069674,746,802,3416
11069684,763,801,3433
11069694,750,800,3475
11069704,745,800,3496
11069715,746,800,3468
11069725,737,800,3487
11069735,854,801,3530
11069745,846,802,3558
11069755,901,802,3571
11069766,893,802,3592
11069776,867,802,3604
11069786,834,802,3612
11069796,813,802,3614
11069806,812,803,3572
11069816,764,804,3532
11069827,742,804,3534
11069837,755,804,3518
11069847,761,804,3487
11069857,835,805,3460
11069867,911,807,3640
11069878,899,810,3654
11069888,877,812,3694
11069898,826,811,3667
RIM
11069918,845,831,32
11069929,830,831,32
11069939,839,831,32
11069949,826,831,32
11069959,835,831,32
11069969,837,831,32
11069980,826,832,31
11069990,837,832,31
11070000,825,831,32
11070010,834,832,31
11070020,839,832,31
11070030,823,831,33
11070041,836,832,32
11070051,829,831,32
11070061,831,832,30
11070071,839,832,30
11070081,824,831,32
11070092,837,832,32
11070102,834,832,31
11070112,827,832,30
11070122,839,832,31
11070132,825,831,33
11070143,833,832,31
11070153,838,832,32
11070163,826,832,31
11070173,840,832,32
11070183,827,832,32
11070193,833,832,31
11070204,837,832,31
11070214,822,832,32
11070224,837,832,33
11070234,832,832,32
11070244,832,832,31
11070255,837,832,31
11070265,822,832,33
11070275,836,832,33
11070285,834,832,33
11070295,828,832,32
11070306,839,832,32
11070316,825,832,33
11070326,836,832,33
11070336,839,832,33
11070346,825,832,33
11070357,837,832,33
11070367,826,832,33
11070377,833,832,33
11070387,839,832,33
11070397,823,832,34
11070407,837,832,35
11070418,828,832,34
11070428,832,832,32
11070438,837,832,32
11070448,821,832,34
11070458,837,832,35
11070469,833,832,34
11070479,827,832,33
11070489,839,832,34
11070499,819,832,36
11070509,835,832,36
11070519,837,832,36
OSM
11070541,532,525,5
11070551,525,525,5
11070561,526,525,5
11070571,530,525,5
11070581,521,525,5
11070592,528,525,5
11070602,526,525,5
11070612,525,525,5
11070622,530,525,5
11070632,521,525,6
11070643,526,525,6
11070653,527,525,6
11070663,523,525,5
11070673,530,525,6
11070683,524,525,6
11070694,526,525,6
11070704,529,525,6
11070714,522,525,6
11070724,530,525,6
11070734,525,525,6
11070744,526,525,6
11070755,530,525,6
11070765,520,525,7
11070775,530,525,7
11070785,527,525,7
11070795,525,525,7
11070806,530,525,7
11070816,520,525,8
11070826,527,525,8
11070836,527,525,8
11070846,523,525,8
11070856,530,525,8
11070867,521,525,8
11070877,526,525,8
11070887,530,525,9
11070897,521,525,9
11070907,529,525,9
11070918,523,525,9
11070928,525,525,9
11070938,529,525,9
11070948,521,525,9
11070958,529,525,9
11070968,526,525,9
11070979,525,525,9
11070989,530,525,10
11070999,520,525,10
11071009,528,525,10
11071019,528,525,10
11071030,523,525,10
11071040,530,526,9
11071050,522,525,10
11071060,527,525,10
11071070,528,525,10
11071081,521,525,11
11071091,530,526,10
11071101,524,525,11
11071111,526,526,10
11071121,529,526,10
11071131,522,526,10
11071142,528,526,10
SIM
11071162,705,811,3684
11071172,757,811,3686
11071182,734,811,3757
11071193,755,811,3689
11071203,829,812,3633
11071213,863,815,3581
11071223,895,816,3685
11071233,877,815,3567
11071244,866,816,3600
11071254,843,815,3477
11071264,776,813,3395
11071274,748,811,3410
11071284,758,810,3434
11071294,744,808,3494
11071305,766,807,3522
11071315,793,808,3475
11071325,899,811,3535
11071335,914,813,3643
11071345,862,815,3587
11071356,869,817,3586
11071366,821,816,3561
11071376,784,815,3481
11071386,780,813,3389
11071396,690,810,3562
11071407,764,808,3572
11071417,792,808,3569
11071427,862,809,3566
11071437,796,810,3520
11071447,837,812,3441
11071458,895,814,3490
11071468,889,815,3580
11071478,837,815,3584
11071488,889,815,3563
11071498,812,814,3474
11071509,811,813,3412
11071519,776,812,3433
11071529,712,811,3594
11071539,753,811,3580
11071549,779,811,3558
11071559,859,813,3529
11071570,924,816,3645
11071580,860,818,3591
11071590,883,820,3544
11071600,832,820,3528
11071610,799,819,3524
11071621,764,817,3460
11071631,723,814,3505
11071641,755,812,3515
11071651,755,811,3561
11071661,802,811,3562
11071672,869,812,3617
11071682,878,814,3647
11071692,880,816,3628
11071702,925,819,3754
11071712,857,820,3719
11071723,861,821,3742
11071733,808,819,3608
11071743,754,817,3568
11071753,805,815,3510
11071763,737,814,3609
RIM
11071784,839,832,34
11071794,837,832,34
11071804,841,832,35
11071814,822,832,36
11071824,840,832,37
11071835,828,832,37
11071845,832,832,36
11071855,839,832,37
11071865,819,832,39
11071875,838,832,39
11071886,834,832,38
11071896,830,832,37
11071906,840,832,38
11071916,818,832,41
11071926,837,832,41
11071936,838,832,41
11071947,826,832,41
11071957,840,832,41
11071967,823,832,43
11071977,835,832,42
11071987,839,832,42
11071998,821,832,44
11072008,840,832,45
11072018,826,832,45
11072028,833,832,44
11072038,839,832,44
11072049,818,832,47
11072059,837,832,47
11072069,833,832,47
11072079,829,832,45
11072089,840,832,46
11072099,820,832,48
11072110,835,832,48
11072120,836,832,48
11072130,825,832,47
11072140,840,832,48
11072150,823,832,49
11072161,834,832,49
11072171,839,832,49
11072181,820,832,51
11072191,839,832,51
11072201,825,831,52
11072212,832,831,52
11072222,840,832,51
11072232,818,831,55
11072242,837,831,55
11072252,831,831,54
11072262,828,831,53
11072273,839,831,54
11072283,822,831,55
11072293,837,831,55
11072303,836,831,55
11072313,824,831,54
11072324,838,831,55
11072334,822,831,56
11072344,834,831,56
11072354,840,831,56
11072364,823,832,54
11072375,841,832,55
11072385,825,831,56
OSM
11072406,532,526,10
11072416,522,525,12
11072426,529,526,11
11072436,528,526,11
11072446,524,526,10
11072457,529,526,10
11072467,521,525,12
11072477,527,526,11
11072487,529,526,11
11072497,523,526,10
11072508,531,526,11
11072518,522,526,11
11072528,526,526,11
11072538,529,526,11
11072548,521,526,11
11072559,529,526,11
11072569,526,526,11
11072579,527,526,11
11072589,530,526,11
11072599,521,526,11
11072609,528,526,11
11072620,526,526,11
11072630,524,526,11
11072640,530,526,11
11072650,522,525,12
11072660,527,526,11
11072671,528,525,12
11072681,522,526,10
11072691,530,526,11
11072701,524,526,11
11072711,526,526,10
11072722,529,526,10
11072732,521,526,10
11072742,529,526,10
11072752,525,526,10
11072762,527,526,10
11072772,528,526,10
11072783,522,526,10
11072793,527,526,10
11072803,526,526,10
11072813,523,526,9
11072823,529,526,9
11072834,523,526,10
11072844,528,526,10
11072854,528,526,9
11072864,522,526,9
11072874,528,526,9
11072885,522,526,9
11072895,527,526,9
11072905,530,526,9
11072915,520,526,9
11072925,529,526,10
11072935,524,526,10
11072946,526,526,9
11072956,529,526,9
11072966,521,526,9
11072976,528,526,9
11072986,526,526,9
11072997,524,526,9
11073007,531,526,9
SIM
11073027,717,814,3568
11073037,755,814,3571
11073047,726,814,3594
11073058,774,814,3562
11073068,873,815,3615
11073078,889,815,3668
11073088,750,813,3629
11073098,825,812,3564
11073109,906,813,3661
11073119,904,814,3782
11073129,862,815,3794
11073139,881,817,3784
11073149,861,819,3752
11073160,829,821,3656
11073170,796,821,3616
11073180,715,820,3789
11073190,753,817,3756
11073200,751,815,3668
11073211,721,812,3774
11073221,856,812,3752
11073231,883,813,3833
11073241,881,815,3891
11073251,877,816,3932
11073261,825,819,3660
11073272,822,820,3608
11073282,735,819,3715
11073292,741,817,3782
11073302,778,816,3800
11073312,745,815,3876
11073323,796,813,3774
11073333,887,813,3769
11073343,901,814,3886
11073353,898,814,3910
11073363,841,815,3921
11073374,838,815,3929
11073384,806,816,3904
11073394,751,816,3794
11073404,819,817,3725
11073414,722,817,3851
11073425,757,815,3879
11073435,738,812,3772
11073445,749,810,3797
11073455,743,808,3779
11073465,823,807,3774
11073476,896,809,3899
11073486,887,811,3961
11073496,868,813,3878
11073506,839,815,3828
11073516,808,816,3767
11073527,753,815,3830
11073537,755,813,3839
11073547,726,810,3892
11073557,764,809,3845
11073567,843,807,3638
11073577,899,808,3736
11073588,921,809,3900
11073598,857,810,3937
11073608,840,811,3898
11073618,825,811,3900
11073628,759,812,3853
RIM
11073649,837,831,56
11073659,841,831,57
11073669,828,831,55
11073679,831,831,54
11073689,839,831,54
11073700,817,831,57
11073710,836,831,57
11073720,834,831,56
11073730,827,831,54
11073740,840,831,55
11073751,821,831,56
11073761,834,831,56
11073771,837,831,56
11073781,821,831,54
11073791,839,831,55
11073802,823,831,55
11073812,835,831,55
11073822,839,831,55
11073832,817,831,57
11073842,836,831,57
11073852,828,831,56
11073863,831,831,54
11073873,840,831,54
11073883,818,831,57
11073893,838,831,58
11073903,833,831,57
11073914,825,831,54
11073924,839,831,55
11073934,820,831,57
11073944,834,831,57
11073954,837,831,56
11073965,823,831,55
11073975,840,831,56
11073985,822,831,57
11073995,832,831,57
11074005,840,831,57
11074016,819,831,58
11074026,839,831,59
11074036,828,831,58
11074046,831,831,56
11074056,838,831,56
11074066,816,831,59
11074077,835,831,59
11074087,833,831,58
11074097,829,831,55
11074107,839,831,55
11074117,820,831,58
11074128,836,831,58
11074138,837,831,57
11074148,819,831,58
11074158,838,831,59
11074169,824,831,59
11074179,831,831,58
11074189,838,831,58
11074199,819,831,59
11074209,836,831,59
11074220,828,830,59
11074230,830,831,57
11074240,839,830,58
11074250,819,830,59
OSM
11074271,529,526,9
11074281,524,526,9
11074291,531,526,9
11074301,524,526,9
11074311,526,526,9
11074322,529,526,9
11074332,521,526,9
11074342,530,526,9
11074352,523,526,9
11074362,526,526,9
11074373,528,526,9
11074383,521,526,9
11074393,528,526,9
11074403,525,525,10
11074413,525,526,8
11074424,530,526,9
11074434,521,525,10
11074444,527,525,10
11074454,527,525,10
11074464,524,525,9
11074474,531,526,9
11074485,522,525,10
11074495,527,526,9
11074505,528,525,10
11074515,520,525,10
11074525,529,525,10
11074536,523,525,10
11074546,526,525,10
11074556,529,525,10
11074566,520,525,10
11074576,528,525,10
11074586,525,525,10
11074597,526,525,10
11074607,529,525,10
11074617,521,525,10
11074627,528,525,10
11074637,527,525,10
11074648,524,525,10
11074658,529,525,10
11074668,522,525,10
11074678,527,525,10
11074688,530,525,10
11074699,522,525,11
11074709,529,525,11
11074719,522,525,11
11074729,526,525,11
11074739,529,525,11
11074750,521,525,11
11074760,530,525,11
11074770,524,525,11
11074780,526,525,10
11074790,529,525,10
11074800,521,525,11
11074811,528,525,11
11074821,527,525,10
11074831,524,525,10
11074841,530,525,10
11074851,522,525,11
11074862,526,525,11
11074872,528,525,10
SIM
11074892,727,812,3823
11074902,809,813,3767
11074912,748,813,3711
11074923,748,813,3756
11074933,719,810,3839
11074943,750,808,3793
11074953,755,808,3784
11074963,730,806,3880
11074974,753,804,3758
11074984,774,802,3603
11074994,854,802,3588
11075004,762,800,3507
11075014,785,798,3448
11075025,740,797,3488
11075035,727,796,3569
11075045,820,797,3466
11075055,755,798,3463
11075065,757,798,3454
11075076,796,799,3353
11075086,917,800,3530
11075096,887,800,3541
11075106,923,801,3682
11075116,885,801,3704
11075127,893,802,3833
11075137,875,803,3914
11075147,806,804,3835
11075157,854,806,3805
11075167,809,806,3792
11075178,757,807,3769
11075188,762,806,3801
11075198,706,803,3852
11075208,755,801,3727
11075218,725,798,3658
11075229,818,797,3635
11075239,913,799,3827
11075249,854,799,3876
11075259,865,801,3904
11075269,840,802,3922
11075280,800,803,3814
11075290,760,803,3809
11075300,703,802,3906
11075310,754,802,3898
11075320,812,804,3837
11075330,855,804,3875
11075341,894,804,3869
11075351,879,804,3848
11075361,867,804,3845
11075371,848,804,3857
11075381,786,804,3862
11075392,767,804,3842
11075402,747,804,3856
11075412,741,804,3821
11075422,748,804,3846
11075432,718,802,3941
11075443,749,799,3826
11075453,796,797,3577
11075463,854,797,3571
11075473,908,798,3743
11075483,875,799,3828
11075494,877,801,3897
RIM
11075514,849,831,63
11075524,842,831,64
11075534,820,830,66
11075544,837,831,66
11075555,835,831,65
11075565,824,831,63
11075575,840,831,64
11075585,822,830,66
11075595,835,831,65
11075606,839,831,65
11075616,822,831,64
11075626,840,831,66
11075636,824,831,66
11075646,831,831,64
11075657,838,831,64
11075667,818,831,66
11075677,839,831,66
11075687,830,830,66
11075697,829,831,62
11075707,839,831,63
11075718,817,831,66
11075728,836,831,66
11075738,836,831,65
11075748,825,831,63
11075758,839,831,63
11075769,820,830,66
11075779,834,831,65
11075789,838,831,65
11075799,822,831,64
11075809,841,831,66
11075820,824,831,66
11075830,832,831,65
11075840,838,831,64
11075850,819,831,65
11075860,838,831,66
11075870,828,831,65
11075881,830,831,62
11075891,840,831,63
11075901,818,831,65
11075911,837,831,66
11075921,834,831,65
11075932,825,831,62
11075942,838,831,63
11075952,822,831,64
11075962,835,831,64
11075972,838,831,64
11075983,820,831,64
11075993,838,831,64
11076003,822,830,66
11076013,834,831,63
11076023,839,831,63
11076033,818,831,65
11076044,839,831,66
11076054,829,831,65
11076064,828,831,63
11076074,839,831,64
11076084,817,831,67
11076095,837,831,67
11076105,835,831,67
11076115,826,831,65
OSM
11076136,524,525,10
11076146,527,525,10
11076156,530,525,10
11076166,523,525,10
11076176,529,525,10
11076187,523,525,10
11076197,526,525,10
11076207,529,525,9
11076217,521,525,10
11076227,528,525,10
11076238,527,525,10
11076248,525,525,9
11076258,529,525,10
11076268,522,525,10
11076278,528,525,10
11076289,527,525,10
11076299,524,525,9
11076309,531,525,10
11076319,522,525,10
11076329,526,525,10
11076339,528,525,9
11076350,522,525,9
11076360,530,525,10
11076370,524,525,10
11076380,526,525,9
11076390,528,525,9
11076401,520,525,10
11076411,529,525,10
11076421,526,525,10
11076431,525,525,9
11076441,528,525,9
11076452,521,525,9
11076462,527,525,9
11076472,528,525,9
11076482,525,525,9
11076492,530,526,8
11076502,522,525,9
11076513,527,525,9
11076523,529,525,9
11076533,522,525,9
11076543,530,526,9
11076553,523,525,9
11076564,526,525,9
11076574,528,525,9
11076584,522,525,9
11076594,530,526,9
11076604,525,525,9
11076614,524,526,8
11076625,529,526,8
11076635,521,525,9
11076645,528,525,9
11076655,526,525,9
11076665,526,526,8
11076676,528,526,8
11076686,522,525,9
11076696,527,525,9
11076706,528,525,9
11076716,523,525,9
11076727,529,526,8
11076737,522,525,9
SIM
11076757,732,801,3885
11076767,735,800,3956
11076777,763,800,3934
11076788,860,802,3943
11076798,877,805,3912
11076808,892,807,3982
11076818,860,809,3978
11076828,820,810,3874
11076839,796,811,3821
11076849,738,810,3888
11076859,747,809,3921
11076869,749,808,3945
11076879,755,808,3983
11076889,855,810,3938
11076900,847,812,3840
11076910,903,813,3975
11076920,886,815,4001
11076930,878,817,4003
11076940,879,819,4055
11076951,839,817,3901
11076961,823,816,3821
11076971,770,814,3663
11076981,741,811,3664
11076991,734,809,3648
11077002,739,807,3653
11077012,747,806,3712
11077022,845,805,3700
11077032,867,806,3761
11077042,892,809,3834
11077053,868,810,3853
11077063,830,812,3672
11077073,835,814,3621
11077083,729,814,3610
11077093,743,813,3693
11077104,768,810,3555
11077114,759,809,3565
11077124,832,808,3521
11077134,886,809,3604
11077144,896,810,3726
11077154,891,813,3785
11077165,845,815,3594
11077175,823,816,3531
11077185,755,815,3593
11077195,821,815,3567
11077205,774,813,3487
11077216,742,810,3494
11077226,727,808,3553
11077236,754,806,3574
11077246,727,805,3672
11077256,755,805,3690
11077267,756,805,3674
11077277,854,807,3639
11077287,918,810,3774
11077297,898,813,3749
11077307,890,815,3772
11077318,860,816,3797
11077328,826,816,3775
11077338,816,814,3633
11077348,736,812,3672
11077358,734,810,3700
RIM
11077379,853,831,67
11077389,837,831,66
11077399,826,831,64
11077409,841,831,65
11077419,820,831,67
11077430,834,831,67
11077440,839,831,66
11077450,820,831,67
11077460,838,831,67
11077470,825,831,67
11077481,833,831,66
11077491,839,831,65
11077501,817,831,68
11077511,837,831,68
11077521,830,831,68
11077531,831,831,65
11077542,840,831,65
11077552,819,831,68
11077562,836,831,68
11077572,834,831,67
11077582,824,831,64
11077593,839,831,65
11077603,820,831,67
11077613,835,831,66
11077623,837,831,66
11077633,821,831,66
11077644,837,831,66
11077654,823,831,66
11077664,832,831,65
11077674,840,831,65
11077684,820,831,66
11077694,838,831,67
11077705,829,831,66
11077715,829,831,64
11077725,838,831,64
11077735,817,831,67
11077745,838,831,67
11077756,837,831,67
11077766,825,831,65
11077776,840,831,65
11077786,819,831,68
11077796,834,831,67
11077807,836,831,67
11077817,822,831,67
11077827,841,831,68
11077837,824,831,68
11077847,833,831,66
11077857,838,831,66
11077868,817,831,68
11077878,838,831,69
11077888,831,831,68
11077898,831,831,65
11077908,839,831,65
11077919,818,831,68
11077929,836,831,68
11077939,834,831,67
11077949,827,831,64
11077959,839,831,64
11077970,819,831,67
11077980,834,831,66
OSM
11078001,524,525,9
11078011,530,525,9
11078021,525,525,9
11078031,526,525,9
11078041,530,525,9
11078052,521,525,9
11078062,528,525,9
11078072,527,525,9
11078082,525,525,9
11078092,531,526,8
11078103,520,525,10
11078113,527,525,10
11078123,527,525,9
11078133,523,525,9
11078143,530,525,10
11078154,522,525,10
11078164,525,525,10
11078174,528,525,9
11078184,522,525,9
11078194,529,525,9
11078204,525,525,9
11078215,525,525,9
11078225,528,525,9
11078235,520,525,9
11078245,528,525,9
11078255,527,525,9
11078266,525,525,9
11078276,528,525,9
11078286,521,525,9
11078296,527,525,9
11078306,528,525,9
11078316,523,525,9
11078327,529,525,9
11078337,521,525,9
11078347,526,525,9
11078357,530,525,9
11078367,525,525,9
11078378,528,525,9
11078388,522,525,9
11078398,525,525,9
11078408,529,525,9
11078418,521,525,9
11078428,530,525,9
11078439,525,525,9
11078449,524,525,9
11078459,528,525,9
11078469,522,525,9
11078479,528,525,9
11078490,527,525,9
11078500,523,525,9
11078510,529,525,9
11078520,524,525,9
11078530,527,525,9
11078541,530,525,9
11078551,522,525,9
11078561,529,525,9
11078571,523,525,9
11078581,525,525,9
11078591,531,525,10
11078602,521,525,10
SIM
11078622,746,810,3667
11078632,735,810,3667
11078642,751,810,3688
11078653,744,808,3716
11078663,739,806,3713
11078673,765,803,3614
11078683,779,802,3570
11078693,748,801,3613
11078704,769,800,3630
11078714,821,802,3568
11078724,910,805,3703
11078734,842,806,3671
11078744,873,808,3696
11078755,902,809,3805
11078765,888,810,3884
11078775,883,809,3829
11078785,809,808,3730
11078795,859,808,3692
11078805,841,807,3626
11078816,788,806,3615
11078826,763,805,3641
11078836,711,804,3768
11078846,730,804,3794
11078856,765,804,3737
11078867,761,805,3696
11078877,846,807,3664
11078887,905,808,3799
11078897,879,808,3825
11078907,870,807,3772
11078918,812,806,3711
11078928,805,806,3702
11078938,756,805,3729
11078948,741,805,3701
11078958,754,805,3680
11078969,757,805,3695
11078979,855,806,3699
11078989,924,808,3914
11078999,856,808,3851
11079009,877,807,3801
11079020,820,806,3687
11079030,802,805,3662
11079040,778,805,3669
11079050,698,804,3817
11079060,762,803,3841
11079070,738,802,3897
11079081,743,802,3895
11079091,776,803,3811
11079101,831,804,3782
11079111,875,807,3758
11079121,925,809,3937
11079132,869,811,3943
11079142,878,812,3986
11079152,810,810,3796
11079162,812,808,3667
11079172,774,807,3573
11079183,728,804,3626
11079193,751,803,3665
11079203,748,802,3713
11079213,815,803,3640
11079223,918,806,3768
RIM
11079244,850,831,64
11079254,824,831,64
11079264,836,831,64
11079274,841,831,64
11079284,822,831,64
11079295,839,831,65
11079305,824,831,64
11079315,832,831,62
11079325,838,831,62
11079335,819,831,64
11079346,837,831,65
11079356,830,831,64
11079366,828,831,61
11079376,838,831,61
11079386,819,831,63
11079397,836,831,64
11079407,835,831,63
11079417,825,831,61
11079427,839,831,61
11079437,821,831,63
11079447,834,831,62
11079458,837,831,62
11079468,819,831,62
11079478,839,831,63
11079488,825,831,63
11079498,833,831,61
11079509,838,831,62
11079519,816,831,64
11079529,837,831,65
11079539,830,831,63
11079549,829,831,62
11079560,839,831,62
11079570,820,831,64
11079580,837,831,64
11079590,833,831,64
11079600,825,831,61
11079610,840,831,61
11079621,821,831,62
11079631,836,831,62
11079641,837,831,62
11079651,821,831,61
11079661,838,831,61
11079672,823,831,62
11079682,832,831,61
11079692,840,831,60
11079702,818,831,62
11079712,838,831,63
11079723,829,831,62
11079733,829,831,59
11079743,838,831,59
11079753,818,830,63
11079763,837,831,63
11079773,835,831,62
11079784,825,831,60
11079794,839,831,60
11079804,821,830,63
11079814,833,831,62
11079824,838,831,61
11079835,821,831,61
11079845,839,831,62
OSM
11079866,528,525,10
11079876,530,525,10
11079886,523,525,10
11079896,528,525,10
11079907,528,525,10
11079917,525,525,9
11079927,530,525,10
11079937,521,525,10
11079947,526,525,10
11079957,527,525,9
11079968,523,525,9
11079978,531,525,10
11079988,522,525,10
11079998,525,525,10
11080008,529,525,9
11080019,522,525,9
11080029,530,525,10
11080039,524,525,10
11080049,526,525,10
11080059,529,525,10
11080070,521,525,10
11080080,527,525,10
11080090,525,525,10
11080100,524,525,9
11080110,531,525,10
11080120,522,525,10
11080131,527,525,10
11080141,528,525,10
11080151,522,525,10
11080161,528,525,10
11080171,523,525,10
11080182,527,525,10
11080192,530,525,10
11080202,521,525,10
11080212,528,525,10
11080222,523,525,10
11080233,525,525,10
11080243,529,525,10
11080253,522,525,10
11080263,528,525,10
11080273,526,525,10
11080283,524,525,10
11080294,529,525,9
11080304,523,525,9
11080314,530,525,10
11080324,528,525,10
11080334,523,526,9
11080345,529,526,9
11080355,523,525,10
11080365,528,526,9
11080375,529,526,9
11080385,522,526,9
11080395,528,526,9
11080406,523,525,10
11080416,527,525,10
11080426,529,525,10
11080436,522,525,10
11080446,528,526,9
11080457,525,525,9
11080467,524,525,9
SIM
11080487,713,806,3852
11080497,750,806,3820
11080507,780,807,3780
11080518,794,807,3716
11080528,907,810,3793
11080538,898,812,3881
11080548,873,814,3919
11080558,849,816,3862
11080569,779,816,3848
11080579,753,815,3913
11080589,752,812,3823
11080599,751,811,3869
11080609,751,808,3862
11080620,790,807,3719
11080630,904,807,3767
11080640,911,807,3851
11080650,867,808,3908
11080660,887,809,3967
11080671,869,809,4010
11080681,818,810,4003
11080691,821,811,3967
11080701,724,811,3926
11080711,756,811,3867
11080721,732,811,3936
11080732,743,811,3971
11080742,772,809,3975
11080752,814,808,3822
11080762,899,808,3876
11080772,910,809,3983
11080783,873,810,4050
11080793,862,811,4093
11080803,810,812,4042
11080813,772,812,3984
11080823,762,812,3970
11080834,702,811,4122
11080844,770,810,4117
11080854,779,808,3913
11080864,856,808,3913
11080874,915,808,4024
11080885,853,809,4054
11080895,844,809,4074
11080905,821,810,4058
11080915,742,811,3924
11080925,840,812,3896
11080936,774,813,3827
11080946,750,813,3812
11080956,751,812,3854
11080966,743,811,3927
11080976,738,809,3945
11080987,742,806,3787
11080997,766,804,3745
11081007,863,804,3712
11081017,880,805,3806
11081027,908,806,3979
11081037,867,808,4018
11081048,872,810,3972
11081058,846,812,3930
11081068,785,813,3872
11081078,766,812,3909
11081088,749,809,3781
RIM
11081109,848,831,60
11081119,821,831,61
11081129,839,831,62
11081139,827,830,61
11081150,834,831,59
11081160,840,831,60
11081170,818,831,62
11081180,838,831,62
11081190,832,831,62
11081200,829,831,59
11081211,841,831,60
11081221,821,831,62
11081231,837,831,62
11081241,837,831,62
11081251,822,831,61
11081262,838,831,61
11081272,822,831,63
11081282,836,831,62
11081292,839,831,62
11081302,820,831,63
11081313,839,831,64
11081323,825,831,64
11081333,832,831,61
11081343,839,831,61
11081353,819,831,63
11081363,838,831,64
11081374,832,831,63
11081384,828,831,59
11081394,838,831,60
11081404,818,831,62
11081414,836,831,63
11081425,837,831,62
11081435,823,831,61
11081445,839,831,62
11081455,822,831,63
11081465,833,831,63
11081476,839,831,62
11081486,820,831,63
11081496,839,831,63
11081506,826,831,63
11081516,832,831,61
11081526,838,831,61
11081537,818,831,63
11081547,837,831,64
11081557,833,831,63
11081567,828,831,60
11081577,838,831,60
11081588,818,831,63
11081598,836,831,63
11081608,835,831,62
11081618,823,831,61
11081628,840,831,61
11081638,821,831,63
11081649,833,831,62
11081659,838,831,62
11081669,819,831,63
11081679,839,831,64
11081689,825,831,64
11081700,832,831,62
11081710,838,831,62
OSM
11081731,531,526,9
11081741,527,525,9
11081751,524,525,9
11081761,530,526,8
11081771,523,525,9
11081782,526,525,9
11081792,528,525,9
11081802,524,525,9
11081812,530,526,8
11081822,522,525,9
11081833,524,525,9
11081843,529,525,9
11081853,522,525,9
11081863,529,526,8
11081873,524,525,9
11081884,525,525,9
11081894,528,525,9
11081904,521,525,9
11081914,529,525,9
11081924,526,525,9
11081934,525,525,9
11081945,529,525,9
11081955,521,525,9
11081965,527,525,9
11081975,528,525,9
11081985,523,525,9
11081996,531,526,8
11082006,522,525,9
11082016,527,525,9
11082026,529,526,8
11082036,522,525,9
11082046,529,526,8
11082057,524,525,9
11082067,525,525,9
11082077,529,526,8
11082087,521,525,9
11082097,529,526,8
11082108,526,525,9
11082118,524,526,8
11082128,529,526,8
11082138,522,525,9
11082148,528,526,8
11082158,528,526,8
11082169,523,526,8
11082179,528,525,9
11082189,522,525,9
11082199,527,525,9
11082209,530,525,9
11082220,521,525,9
11082230,528,525,9
11082240,523,525,9
11082250,527,525,9
11082260,530,525,9
11082270,521,525,9
11082281,529,525,10
11082291,526,525,9
11082301,525,525,9
11082311,530,525,10
11082321,522,525,10
11082332,530,526,9
SIM
11082352,700,809,3826
11082362,760,809,3808
11082372,768,809,3822
11082382,838,809,3832
11082393,915,810,3858
11082403,866,809,3781
11082413,876,809,3788
11082423,851,809,3791
11082433,807,810,3775
11082444,779,810,3737
11082454,741,810,3760
11082464,731,810,3806
11082474,768,810,3777
11082484,775,810,3791
11082495,898,809,3774
11082505,897,809,3729
11082515,871,809,3737
11082525,853,809,3668
11082535,852,808,3640
11082546,880,809,3722
11082556,821,809,3722
11082566,795,811,3600
11082576,771,811,3576
11082586,723,811,3601
11082597,744,811,3599
11082607,764,811,3610
11082617,730,809,3719
11082627,832,808,3593
11082637,846,807,3443
11082647,900,808,3514
11082658,897,808,3597
11082668,848,809,3622
11082678,863,810,3646
11082688,810,811,3605
11082698,753,812,3462
11082709,758,812,3481
11082719,710,811,3635
11082729,751,809,3659
11082739,807,807,3469
11082749,896,808,3565
11082760,897,809,3674
11082770,852,809,3702
11082780,872,811,3687
11082790,844,811,3691
11082800,808,812,3666
11082811,761,812,3645
11082821,727,812,3704
11082831,748,812,3693
11082841,816,813,3600
11082851,731,813,3628
11082862,826,814,3592
11082872,902,815,3680
11082882,881,815,3682
11082892,884,814,3618
11082902,844,814,3586
11082913,830,813,3534
11082923,812,813,3516
11082933,750,812,3569
11082943,734,811,3636
11082953,733,811,3673
RIM
11082974,839,831,58
11082984,835,831,56
11082994,840,831,57
11083004,820,831,59
11083014,839,831,59
11083025,830,831,58
11083035,828,831,55
11083045,839,831,56
11083055,821,831,57
11083065,837,831,58
11083075,836,831,57
11083086,823,831,56
11083096,839,831,56
11083106,821,831,58
11083116,833,831,56
11083126,839,831,57
11083137,820,831,57
11083147,839,831,58
11083157,825,831,57
11083167,831,831,55
11083177,838,831,55
11083188,817,831,58
11083198,837,831,58
11083208,832,831,57
11083218,829,831,55
11083228,838,831,55
11083238,818,831,58
11083249,834,831,58
11083259,835,831,57
11083269,824,831,55
11083279,840,831,56
11083289,822,831,57
11083300,833,831,56
11083310,837,831,55
11083320,819,831,56
11083330,838,831,57
11083340,825,830,58
11083351,832,831,55
11083361,839,831,55
11083371,817,830,59
11083381,836,831,58
11083391,829,830,58
11083401,829,831,55
11083412,839,831,55
11083422,818,830,58
11083432,835,830,59
11083442,834,830,58
11083452,822,830,57
11083463,839,831,56
11083473,822,830,58
11083483,834,831,57
11083493,839,830,57
11083503,819,830,58
11083514,837,831,58
11083524,823,830,58
11083534,831,830,56
11083544,838,830,56
11083554,819,830,58
11083564,839,830,59
11083575,830,830,58
OSM
11083596,532,526,9
11083606,524,526,9
11083616,528,526,9
11083626,528,526,9
11083636,522,526,9
11083647,528,526,9
11083657,522,525,10
11083667,527,526,9
11083677,529,525,10
11083687,521,525,10
11083698,527,526,9
11083708,523,525,10
11083718,525,525,10
11083728,529,525,10
11083738,521,525,10
11083749,529,525,11
11083759,525,525,10
11083769,523,525,10
11083779,529,525,10
11083789,524,525,10
11083799,528,525,10
11083810,528,525,10
11083820,522,525,10
11083830,528,526,9
11083840,522,525,10
11083850,526,525,10
11083861,529,525,10
11083871,522,525,10
11083881,528,525,10
11083891,524,525,10
11083901,525,525,10
11083912,529,525,10
11083922,520,525,10
11083932,528,525,10
11083942,527,525,10
11083952,524,525,10
11083962,529,525,10
11083973,521,525,10
11083983,526,525,10
11083993,527,525,10
11084003,522,525,10
11084013,529,525,10
11084024,522,525,10
11084034,527,525,10
11084044,529,525,10
11084054,522,525,10
11084064,528,525,10
11084075,524,525,10
11084085,525,525,9
11084095,530,525,10
11084105,522,525,10
11084115,529,525,10
11084125,525,525,9
11084136,523,525,9
11084146,529,525,9
11084156,521,525,9
11084166,529,525,10
11084176,529,525,10
11084187,523,525,10
11084197,528,525,9
SIM
11084217,720,811,3606
11084227,758,811,3609
11084237,747,811,3647
11084248,790,810,3642
11084258,909,810,3622
11084268,894,811,3686
11084278,891,811,3722
11084288,848,811,3719
11084299,827,811,3723
11084309,825,812,3707
11084319,727,812,3743
11084329,738,812,3725
11084339,858,813,3726
11084350,824,814,3701
11084360,803,813,3585
11084370,741,810,3547
11084380,726,808,3599
11084390,753,806,3613
11084401,732,804,3667
11084411,814,803,3572
11084421,871,804,3642
11084431,896,805,3779
11084441,917,808,3959
11084452,894,811,3952
11084462,886,813,3965
11084472,816,814,3924
11084482,799,815,3808
11084492,796,814,3810
11084503,733,812,3902
11084513,730,810,3882
11084523,756,807,3800
11084533,787,806,3779
11084543,906,807,3890
11084553,882,808,3981
11084564,885,810,4022
11084574,875,812,4040
11084584,823,814,3861
11084594,787,815,3806
11084604,741,814,3895
11084615,736,811,3879
11084625,780,809,3770
11084635,757,808,3783
11084645,839,807,3731
11084655,892,808,3827
11084666,900,809,3966
11084676,898,812,4050
11084686,722,812,4064
11084696,733,811,4101
11084707,732,810,4204
11084717,746,810,4168
11084727,808,810,4164
11084737,842,809,4040
11084747,903,809,4100
11084758,889,809,4113
11084768,874,810,4162
11084778,831,810,4163
11084788,792,809,4169
11084798,832,811,4114
11084809,844,813,4029
11084819,739,813,4014
RIM
11084839,834,830,57
11084849,839,830,58
11084859,835,830,56
11084870,827,830,55
11084880,840,830,55
11084890,820,830,57
11084900,834,830,57
11084910,838,830,57
11084921,820,830,57
11084931,839,830,58
11084941,824,830,58
11084951,832,830,57
11084961,838,830,57
11084972,817,830,58
11084982,838,830,59
11084992,829,830,58
11085002,830,830,56
11085012,839,830,56
11085022,818,830,58
11085033,837,830,59
11085043,833,830,58
11085053,826,830,55
11085063,840,830,56
11085073,822,830,57
11085084,834,830,57
11085094,837,830,57
11085104,821,830,56
11085114,838,830,57
11085124,824,830,57
11085135,833,830,57
11085145,840,830,57
11085155,818,830,58
11085165,836,830,58
11085175,829,830,58
11085185,831,830,56
11085196,841,830,57
11085206,818,830,59
11085216,835,830,59
11085226,832,830,58
11085236,825,830,55
11085247,838,830,56
11085257,820,830,57
11085267,836,830,58
11085277,837,830,57
11085287,821,830,56
11085297,837,830,57
11085308,822,830,58
11085318,832,830,57
11085328,839,830,57
11085338,818,830,58
11085348,837,830,58
11085359,827,830,57
11085369,830,830,55
11085379,838,830,55
11085389,819,830,57
11085399,836,830,57
11085410,834,830,56
11085420,826,830,55
11085430,838,830,54
11085440,819,830,56
OSM
11085461,530,525,9
11085471,524,525,9
11085481,530,525,9
11085491,523,525,9
11085501,526,525,9
11085511,529,525,9
11085522,521,525,9
11085532,530,525,9
11085542,525,525,9
11085552,526,525,9
11085562,529,525,9
11085573,520,525,10
11085583,529,525,10
11085593,528,525,10
11085603,524,525,9
11085613,530,525,10
11085624,522,525,10
11085634,527,525,10
11085644,528,525,10
11085654,524,525,10
11085664,531,525,10
11085674,523,525,10
11085685,526,525,10
11085695,529,525,10
11085705,520,525,10
11085715,529,525,10
11085725,525,525,10
11085736,526,525,10
11085746,529,525,10
11085756,521,525,10
11085766,527,525,11
11085776,527,525,10
11085786,525,526,9
11085797,530,526,9
11085807,521,525,10
11085817,528,526,9
11085827,528,526,9
11085837,522,526,9
11085848,529,526,9
11085858,522,525,11
11085868,527,526,9
11085878,530,526,9
11085888,521,526,10
11085899,528,526,10
11085909,523,525,11
11085919,526,526,9
11085929,530,526,10
11085939,521,526,10
11085949,528,526,10
11085960,526,526,10
11085970,524,526,10
11085980,530,526,10
11085990,522,526,10
11086000,528,526,10
11086011,528,526,10
11086021,522,526,10
11086031,529,526,10
11086041,523,526,10
11086051,527,526,9
11086062,530,526,10
SIM
11086082,715,813,4030
11086092,764,813,4019
11086102,743,813,4028
11086112,711,811,4192
11086123,734,808,4128
11086133,721,806,4127
11086143,857,805,4050
11086153,875,805,4101
11086163,909,807,4268
11086174,900,808,4404
11086184,871,810,4353
11086194,850,812,4286
11086204,784,811,4264
11086214,812,811,4261
11086225,763,810,4299
11086235,721,810,4352
11086245,761,810,4274
11086255,759,811,4262
11086265,840,812,4170
11086276,926,814,4379
11086286,879,814,4395
11086296,876,814,4347
11086306,810,812,4170
11086316,804,811,4058
11086326,783,809,3976
11086337,716,807,4119
11086347,759,807,4156
11086357,720,805,4280
11086367,819,807,4191
11086377,901,810,4229
11086388,885,812,4269
11086398,873,813,4318
11086408,869,813,4226
11086418,814,812,4146
11086428,848,811,4079
11086439,790,810,4017
11086449,767,809,4044
11086459,761,808,4075
11086469,716,808,4141
11086479,753,808,4105
11086490,723,807,4212
11086500,822,808,4172
11086510,918,809,4355
11086520,844,809,4260
11086530,884,808,4217
11086541,826,807,4088
11086551,799,809,3964
11086561,779,809,3883
11086571,694,809,4005
11086581,755,809,3987
11086591,783,808,3999
11086602,809,808,3980
11086612,903,808,3980
11086622,849,807,3899
11086632,874,807,3899
11086642,868,808,3950
11086653,817,808,3947
11086663,807,808,3937
11086673,736,806,4000
11086683,708,805,4086
RIM
11086704,847,830,61
11086714,841,831,61
11086724,820,830,63
11086734,837,830,64
11086744,837,830,63
11086754,822,830,62
11086765,839,830,63
11086775,820,830,64
11086785,834,830,62
11086795,841,830,63
11086805,818,830,65
11086816,838,830,66
11086826,825,830,65
11086836,830,830,62
11086846,838,830,62
11086856,815,830,66
11086867,838,830,67
11086877,833,830,66
11086887,827,830,64
11086897,838,830,64
11086907,816,830,67
11086917,836,830,67
11086928,836,830,66
11086938,822,830,66
11086948,839,830,67
11086958,820,830,68
11086968,833,830,67
11086979,838,830,67
11086989,816,830,70
11086999,837,830,70
11087009,824,830,69
11087019,832,830,67
11087030,839,830,68
11087040,813,830,73
11087050,836,830,73
11087060,830,830,71
11087070,827,830,69
11087080,839,830,70
11087091,817,830,73
11087101,836,830,73
11087111,835,830,72
11087121,821,830,72
11087131,839,830,73
11087142,818,830,74
11087152,833,830,73
11087162,839,830,74
11087172,818,830,75
11087182,838,830,76
11087193,823,830,75
11087203,830,830,73
11087213,838,830,73
11087223,814,830,77
11087233,837,830,78
11087243,830,830,77
11087254,826,830,75
11087264,837,830,75
11087274,815,829,80
11087284,835,830,79
11087294,835,830,78
11087305,821,830,78
OSM
11087326,525,526,9
11087336,526,526,9
11087346,530,526,9
11087356,520,526,10
11087366,529,526,10
11087377,524,525,11
11087387,524,526,10
11087397,530,526,10
11087407,521,525,11
11087417,529,526,10
11087428,528,525,11
11087438,523,526,10
11087448,529,526,10
11087458,520,525,11
11087468,526,525,11
11087479,529,525,11
11087489,522,525,11
11087499,530,525,11
11087509,522,525,11
11087519,525,525,11
11087529,529,525,11
11087540,520,525,11
11087550,529,525,11
11087560,526,525,11
11087570,526,525,11
11087580,530,525,11
11087591,521,525,11
11087601,528,525,11
11087611,526,525,11
11087621,523,525,11
11087631,530,525,11
11087642,523,525,11
11087652,527,525,11
11087662,529,525,11
11087672,521,525,11
11087682,529,525,11
11087692,523,525,11
11087703,527,525,11
11087713,529,525,11
11087723,520,525,11
11087733,529,525,11
11087743,524,525,11
11087754,524,525,11
11087764,529,525,11
11087774,519,525,11
11087784,529,525,12
11087794,527,525,11
11087805,522,525,11
11087815,529,525,11
11087825,520,525,12
11087835,526,525,12
11087845,529,525,12
11087856,523,525,12
11087866,530,525,12
11087876,521,525,12
11087886,524,525,12
11087896,528,525,12
11087906,518,525,12
11087917,528,525,12
11087927,524,525,12
SIM
11087947,729,806,4046
11087957,737,805,4096
11087968,727,805,4134
11087978,819,807,3985
11087988,829,808,3901
11087998,898,811,3896
11088008,866,811,3911
11088018,858,811,3880
11088029,854,810,3751
11088039,770,808,3641
11088049,757,806,3617
11088059,727,804,3688
11088069,744,803,3742
11088080,759,803,3773
11088090,700,802,3922
11088100,756,802,3848
11088110,797,803,3819
11088120,719,802,3904
11088131,763,801,3905
11088141,788,798,3644
11088151,898,799,3700
11088161,911,799,3810
11088171,840,800,3835
11088182,879,801,3936
11088192,833,802,3946
11088202,811,804,3820
11088212,777,804,3798
11088222,724,804,3787
11088233,727,802,3882
11088243,766,800,3738
11088253,794,799,3618
11088263,905,799,3714
11088273,859,799,3692
11088284,877,800,3788
11088294,856,800,3802
11088304,779,800,3807
11088314,744,800,3841
11088324,721,799,3920
11088334,732,799,3880
11088345,768,799,3861
11088355,744,800,3813
11088365,859,800,3863
11088375,897,800,3788
11088385,728,798,3841
11088396,809,797,3719
11088406,820,797,3714
11088416,890,798,3855
11088426,878,800,3950
11088436,866,803,3825
11088447,874,805,3865
11088457,824,805,3863
11088467,811,806,3863
11088477,785,804,3709
11088487,769,802,3695
11088498,862,802,3668
11088508,809,801,3597
11088518,739,800,3656
11088528,761,799,3680
11088538,706,798,3759
11088549,742,799,3674
RIM
11088569,844,830,76
11088579,833,829,75
11088589,810,829,80
11088599,833,829,79
11088610,812,829,83
11088620,824,829,82
11088630,830,829,81
11088640,803,828,91
11088650,832,828,91
11088661,821,828,89
11088671,821,828,88
11088681,831,828,87
11088691,802,828,98
11088701,829,828,98
11088712,825,827,97
11088722,813,827,98
11088732,833,827,96
11088742,805,827,104
11088752,826,827,104
11088762,830,827,102
11088773,806,826,108
11088783,831,826,107
11088793,810,826,110
11088803,826,826,109
11088813,833,826,107
11088824,804,826,115
11088834,831,826,114
11088844,819,825,113
11088854,820,825,112
11088864,832,825,111
11088875,806,825,117
11088885,832,825,117
11088895,829,825,114
11088905,817,825,112
11088915,834,825,112
11088926,810,824,116
11088936,828,824,116
11088946,834,824,114
11088956,812,824,116
11088966,837,824,116
11088976,816,824,115
11088987,829,824,115
11088997,837,824,114
11089007,812,824,116
11089017,836,824,117
11089027,826,824,114
11089038,826,824,113
11089048,836,824,112
11089058,814,824,114
11089068,836,824,116
11089078,834,824,114
11089089,822,824,112
11089099,840,824,114
11089109,818,824,114
11089119,835,824,116
11089129,837,824,116
11089140,819,824,115
11089150,841,824,118
11089160,822,824,116
11089170,834,824,117
OSM
11089191,524,525,12
11089201,531,525,13
11089211,528,525,12
11089221,526,525,12
11089231,531,525,12
11089242,521,525,13
11089252,529,525,13
11089262,529,525,13
11089272,524,525,12
11089282,532,525,13
11089293,523,525,13
11089303,528,525,13
11089313,530,525,13
11089323,522,525,13
11089333,530,525,13
11089344,524,525,13
11089354,528,525,13
11089364,530,525,13
11089374,521,525,13
11089384,529,525,13
11089394,525,525,13
11089405,526,526,12
11089415,532,526,12
11089425,521,525,14
11089435,529,526,13
11089445,528,526,13
11089456,523,526,12
11089466,531,526,13
11089476,523,526,13
11089486,529,526,13
11089496,531,526,13
11089507,521,526,13
11089517,531,526,14
11089527,523,526,14
11089537,527,526,13
11089547,531,526,13
11089557,522,526,14
11089568,530,526,14
11089578,524,526,14
11089588,525,526,13
11089598,531,526,13
11089608,522,526,14
11089619,530,526,14
11089629,528,526,14
11089639,523,526,13
11089649,530,526,13
11089659,522,526,13
11089670,528,526,13
11089680,531,526,14
11089690,523,526,13
11089700,530,526,13
11089710,522,526,13
11089720,526,526,13
11089731,529,526,13
11089741,521,526,13
11089751,531,526,14
11089761,525,526,13
11089771,525,526,12
11089782,530,526,13
11089792,522,526,13
SIM
11089812,748,799,3636
11089822,723,799,3668
11089832,742,799,3636
11089843,750,798,3670
11089853,777,797,3662
11089863,870,797,3581
11089873,851,797,3550
11089883,900,797,3665
11089894,879,798,3721
11089904,860,799,3770
11089914,834,801,3757
11089924,776,801,3676
11089934,754,802,3657
11089945,760,802,3656
11089955,740,802,3547
11089965,803,803,3509
11089975,888,804,3626
11089985,897,807,3635
11089996,903,810,3746
11090006,810,810,3738
11090016,824,809,3612
11090026,749,806,3494
11090036,731,804,3568
11090047,827,804,3483
11090057,721,802,3580
11090067,743,801,3636
11090077,751,800,3668
11090087,722,800,3674
11090097,744,800,3637
11090108,723,800,3717
11090118,791,800,3717
11090128,902,800,3707
11090138,880,800,3756
11090148,895,800,3807
11090159,890,801,3888
11090169,882,802,3987
11090179,877,805,4014
11090189,802,806,3895
11090199,831,808,3809
11090210,809,808,3783
11090220,751,808,3769
11090230,766,807,3754
11090240,716,804,3751
11090250,759,804,3688
11090261,786,804,3693
11090271,852,805,3726
11090281,895,805,3741
11090291,855,804,3694
11090301,842,804,3654
11090312,844,803,3600
11090322,729,802,3684
11090332,746,801,3734
11090342,748,800,3777
11090352,730,799,3843
11090363,848,799,3817
11090373,859,800,3873
11090383,881,802,3913
11090393,872,804,3960
11090403,839,806,3812
11090414,892,809,3855
RIM
11090434,851,824,123
11090444,823,824,121
11090454,833,824,119
11090464,838,825,120
11090475,815,825,119
11090485,837,825,122
11090495,828,825,121
11090505,828,825,113
11090515,838,825,115
11090526,816,825,116
11090536,838,826,118
11090546,835,826,119
11090556,824,826,109
11090566,839,826,112
11090576,818,826,113
11090587,835,826,112
11090597,838,826,113
11090607,819,827,105
11090617,839,827,108
11090627,822,827,108
11090638,833,827,101
11090648,839,827,103
11090658,815,827,101
11090668,838,828,102
11090678,826,828,101
11090689,828,828,92
11090699,839,828,94
11090709,816,828,95
11090719,837,828,95
11090729,833,828,95
11090740,824,829,86
11090750,839,829,88
11090760,817,829,90
11090770,834,829,88
11090780,837,829,89
11090790,819,829,84
11090801,839,829,86
11090811,822,829,86
11090821,831,829,82
11090831,837,829,82
11090841,814,829,83
11090852,837,829,84
11090862,829,829,83
11090872,828,830,77
11090882,838,830,77
11090892,815,829,81
11090903,836,830,81
11090913,833,829,82
11090923,822,830,77
11090933,840,830,78
11090943,818,829,81
11090953,834,830,80
11090964,838,830,79
11090974,818,830,79
11090984,839,830,80
11090994,821,829,81
11091004,833,830,79
11091015,838,830,78
11091025,815,829,81
11091035,837,830,81
OSM
11091056,527,526,13
11091066,530,526,13
11091076,521,526,13
11091086,529,526,13
11091097,528,526,13
11091107,522,526,13
11091117,529,526,13
11091127,521,526,13
11091137,525,526,13
11091147,527,526,12
11091158,520,526,13
11091168,528,526,13
11091178,523,526,13
11091188,524,526,12
11091198,527,526,12
11091209,517,526,13
11091219,527,526,13
11091229,525,526,13
11091239,523,526,13
11091249,528,526,13
11091260,520,525,14
11091270,526,525,14
11091280,527,525,14
11091290,522,525,13
11091300,529,525,13
11091310,520,525,14
11091321,525,525,14
11091331,528,525,13
11091341,519,525,14
11091351,528,525,14
11091361,522,525,13
11091372,526,525,13
11091382,530,525,13
11091392,521,525,13
11091402,530,525,13
11091413,525,525,13
11091423,523,525,13
11091433,530,525,13
11091443,522,525,13
11091453,529,525,13
11091463,528,525,12
11091474,525,525,12
11091484,531,525,13
11091494,523,525,12
11091504,529,525,13
11091514,531,525,13
11091525,524,525,13
11091535,531,525,13
11091545,525,525,13
11091555,527,525,13
11091565,531,525,13
11091576,521,525,13
11091586,531,525,13
11091596,527,525,13
11091606,526,525,13
11091616,530,525,13
11091626,523,525,13
11091637,528,525,13
11091647,528,525,13
11091657,523,525,13
SIM
11091677,727,809,3905
11091688,753,809,3834
11091698,771,810,3782
11091708,816,811,3721
11091718,901,813,3832
11091728,886,813,3867
11091739,888,814,3935
11091749,892,814,3913
11091759,860,813,3878
11091769,824,813,3844
11091779,831,813,3842
11091790,865,814,3862
11091800,828,815,3803
11091810,803,816,3753
11091820,753,816,3722
11091830,743,815,3809
11091840,729,813,3840
11091851,734,810,3819
11091861,755,807,3722
11091871,797,807,3723
11091881,904,809,3871
11091891,876,811,3882
11091902,898,813,3893
11091912,886,814,3976
11091922,855,817,3850
11091932,820,818,3757
11091942,756,818,3747
11091953,757,819,3654
11091963,735,818,3679
11091973,745,819,3615
11091983,778,819,3630
11091993,868,818,3556
11092004,887,818,3571
11092014,894,818,3568
11092024,839,817,3490
11092034,834,816,3425
11092044,760,815,3414
11092055,743,814,3497
11092065,734,812,3596
11092075,744,811,3673
11092085,798,812,3615
11092095,891,814,3679
11092106,782,815,3534
11092116,836,816,3487
11092126,894,818,3568
11092136,882,818,3617
11092146,883,818,3589
11092156,853,818,3586
11092167,833,818,3580
11092177,806,817,3572
11092187,748,818,3521
11092197,745,818,3523
11092207,714,817,3622
11092218,758,818,3553
11092228,753,816,3606
11092238,818,815,3576
11092248,900,816,3623
11092258,853,815,3594
11092269,877,816,3646
11092279,872,816,3602
RIM
11092299,848,829,80
11092309,822,829,80
11092319,838,830,80
11092330,834,829,80
11092340,829,830,76
11092350,838,830,76
11092360,822,830,77
11092370,835,830,77
11092381,838,830,77
11092391,827,830,74
11092401,838,830,74
11092411,825,830,74
11092421,832,830,74
11092432,837,830,73
11092442,824,830,71
11092452,837,830,72
11092462,829,830,71
11092472,832,830,69
11092482,837,830,68
11092493,820,830,69
11092503,836,830,69
11092513,830,830,68
11092523,830,830,64
11092533,838,830,64
11092544,823,830,65
11092554,835,830,65
11092564,835,830,64
11092574,827,830,61
11092584,840,830,62
11092595,825,830,62
11092605,835,830,62
11092615,838,830,62
11092625,824,831,59
11092635,837,831,59
11092645,828,830,59
11092656,832,831,56
11092666,839,831,56
11092676,822,831,56
11092686,836,831,57
11092696,832,831,56
11092707,829,831,51
11092717,837,831,51
11092727,824,831,52
