Polling for available serial device...
Opening serial monitor for com port: "/dev/ttyACM0"
Serial monitor opened successfully:
2285931,908,807,4244
2285942,872,809,4220
2285952,859,810,4253
2285962,820,810,4175
2285972,713,808,4328
2285982,747,808,4319
2285992,743,805,4220
2286003,713,803,4345
2286013,766,804,4329
2286023,817,804,4315
2286033,911,805,4390
2286043,916,806,4589
2286054,880,809,4514
2286064,883,809,4553
2286074,801,808,4410
2286084,753,808,4306
2286094,783,809,4275
2286105,708,806,4302
RIM
2286125,844,853,128
2286135,866,853,131
2286145,857,853,128
2286155,843,853,127
2286166,868,854,128
2286176,832,853,135
2286186,860,853,133
2286196,865,853,133
2286206,833,853,139
2286217,865,853,141
2286227,837,853,143
2286237,856,853,135
2286247,866,853,134
2286257,829,853,142
2286268,864,853,144
2286278,847,853,142
2286288,849,853,137
2286298,866,853,139
2286308,830,853,147
2286318,864,853,149
2286329,857,853,147
2286339,841,853,147
2286349,865,853,148
2286359,832,852,155
2286369,860,853,154
2286380,863,852,154
2286390,834,852,158
2286400,866,852,160
2286410,839,852,160
2286420,854,852,151
2286431,863,852,151
2286441,830,852,159
2286451,866,852,162
2286461,850,852,159
2286471,848,852,155
2286482,867,852,157
2286492,828,852,167
2286502,863,852,169
2286512,855,852,165
2286522,839,852,161
2286532,865,852,163
2286543,834,852,167
2286553,859,852,167
2286563,866,852,167
2286573,833,852,167
2286583,865,852,169
2286594,839,852,170
2286604,854,852,167
2286614,867,852,168
2286624,828,852,177
2286634,864,852,179
2286644,850,851,177
2286655,846,852,172
2286665,866,852,174
2286675,830,851,183
2286685,863,851,185
2286695,859,851,183
2286706,839,851,181
2286716,865,851,182
2286726,833,851,187
OSM
2286747,408,397,27
2286757,389,397,27
2286767,404,397,28
2286777,395,397,28
2286788,396,397,27
2286798,405,397,28
2286808,387,397,30
2286818,402,397,30
2286828,399,397,30
2286839,394,397,29
2286849,405,397,29
2286859,389,397,30
2286869,400,397,30
2286879,402,397,30
2286890,391,397,30
2286900,405,397,31
2286910,392,397,31
2286920,398,397,31
2286930,404,397,31
2286940,388,397,32
2286951,404,397,33
2286961,395,397,32
2286971,396,397,31
2286981,403,397,32
2286991,388,397,33
2287002,403,397,33
2287012,399,397,33
2287022,393,397,32
2287032,404,397,32
2287042,389,397,33
2287052,400,397,34
2287063,404,397,34
2287073,391,397,33
2287083,404,397,33
2287093,390,397,34
2287103,398,397,33
2287114,405,397,34
2287124,388,397,35
2287134,404,397,36
2287144,394,397,35
2287154,395,397,35
2287164,405,397,35
2287175,388,397,36
2287185,403,397,37
2287195,399,397,36
2287205,393,397,36
2287215,404,397,36
2287226,389,397,37
2287236,401,397,37
2287246,403,397,36
2287256,388,397,36
2287266,404,397,37
2287276,391,397,37
2287287,398,397,37
2287297,405,397,38
2287307,388,397,39
2287317,404,397,40
2287327,395,397,39
2287338,396,397,39
2287348,405,397,39
SIM
2287368,715,806,4227
2287378,769,804,4196
2287388,704,802,4350
2287399,779,803,4315
2287409,902,805,4462
2287419,874,808,4368
2287429,882,807,4337
2287439,789,807,4342
2287450,764,808,4273
2287460,737,806,4291
2287470,734,803,4327
2287480,836,805,4302
2287490,860,807,4310
2287501,889,806,4281
2287511,872,807,4326
2287521,779,808,4233
2287531,760,807,4259
2287541,741,805,4225
2287552,753,804,4270
2287562,774,804,4246
2287572,710,802,4348
2287582,816,801,4277
2287592,913,803,4474
2287602,875,806,4440
2287613,902,806,4396
2287623,828,806,4404
2287633,823,808,4278
2287643,805,806,4186
2287653,733,805,4260
2287664,748,805,4272
2287674,727,804,4330
2287684,800,802,4174
2287694,927,804,4395
2287704,846,806,4255
2287715,863,807,4301
2287725,801,806,4224
2287735,737,805,4287
2287745,775,805,4274
2287755,740,804,4340
2287766,849,803,4298
2287776,900,805,4434
2287786,865,808,4401
2287796,837,806,4248
2287806,758,805,4213
2287816,772,803,4181
2287827,776,802,4189
2287837,728,803,4147
2287847,800,804,4094
2287857,872,806,4104
2287867,875,808,4032
2287878,889,810,4104
2287888,782,810,4116
2287898,769,807,3971
2287908,731,804,3866
2287918,732,802,3853
2287929,878,802,3840
2287939,837,802,3861
2287949,889,805,3937
2287959,817,805,3931
2287969,773,806,3789
RIM
2287990,852,851,186
2288000,867,851,186
2288010,846,851,186
2288020,853,851,185
2288030,865,851,184
2288041,829,851,186
2288051,863,851,187
2288061,855,851,184
2288071,846,851,179
2288081,867,851,180
2288092,832,851,183
2288102,861,851,184
2288112,862,851,182
2288122,838,851,177
2288132,867,851,178
2288142,837,851,181
2288153,856,851,182
2288163,864,851,181
2288173,831,851,180
2288183,866,851,181
2288193,848,851,181
2288204,851,851,179
2288214,865,851,179
2288224,828,851,182
2288234,860,851,182
2288244,857,851,180
2288255,846,851,175
2288265,867,851,176
2288275,833,851,179
2288285,858,851,180
2288295,862,851,179
2288305,835,851,176
2288316,865,851,176
2288326,838,851,178
2288336,857,851,179
2288346,864,851,177
2288356,829,851,177
2288367,863,851,177
2288377,849,851,177
2288387,850,851,174
2288397,868,851,176
2288407,829,851,179
2288418,863,851,180
2288428,856,851,177
2288438,843,851,173
2288448,865,851,173
2288458,834,851,175
2288468,861,851,177
2288479,863,851,175
2288489,835,851,170
2288499,864,851,170
2288509,839,851,173
2288519,855,851,172
2288530,865,851,172
2288540,831,851,171
2288550,864,851,172
2288560,849,851,171
2288570,850,851,168
2288581,866,851,169
2288591,830,851,171
OSM
2288612,406,397,39
2288622,392,397,38
2288632,406,397,39
2288642,392,397,39
2288653,400,397,39
2288663,404,397,39
2288673,389,397,38
2288683,404,397,39
2288693,394,397,39
2288703,397,397,39
2288714,405,397,39
2288724,388,397,39
2288734,402,397,39
2288744,400,397,39
2288754,394,397,38
2288765,405,397,38
2288775,389,397,39
2288785,400,397,39
2288795,403,397,39
2288805,391,397,38
2288815,405,397,39
2288826,390,397,39
2288836,398,397,39
2288846,406,397,40
2288856,389,397,40
2288866,404,397,40
2288877,394,397,40
2288887,396,397,40
2288897,405,397,40
2288907,388,397,40
2288917,405,397,41
2288927,398,397,40
2288938,393,397,40
2288948,405,397,40
2288958,389,397,41
2288968,401,397,41
2288978,403,397,40
2288989,390,397,40
2288999,404,397,40
2289009,391,397,40
2289019,399,397,40
2289029,405,397,40
2289039,389,397,40
2289050,403,397,40
2289060,394,397,40
2289070,396,397,40
2289080,405,397,40
2289090,388,397,40
2289101,402,397,41
2289111,398,397,40
2289121,393,397,39
2289131,406,397,39
2289141,390,397,40
2289151,400,397,40
2289162,402,397,39
2289172,390,397,39
2289182,405,397,39
2289192,391,397,39
2289202,399,397,39
2289213,405,397,39
SIM
2289233,723,806,3765
2289243,791,807,3745
2289253,781,808,3577
2289263,923,811,3774
2289274,854,810,3666
2289284,859,809,3639
2289294,838,809,3564
2289304,719,808,3692
2289314,743,807,3730
2289325,735,807,3735
2289335,835,809,3654
2289345,928,810,3875
2289355,826,810,3837
2289365,822,809,3735
2289376,857,808,3708
2289386,786,809,3701
2289396,767,809,3691
2289406,711,808,3774
2289416,771,809,3745
2289426,836,810,3736
2289437,836,812,3576
2289447,897,813,3694
2289457,873,812,3588
2289467,816,811,3523
2289477,775,809,3406
2289488,695,807,3614
2289498,763,806,3642
2289508,789,806,3647
2289518,879,808,3640
2289528,904,811,3723
2289539,806,812,3604
2289549,820,812,3603
2289559,776,810,3401
2289569,716,808,3524
2289579,774,806,3492
2289590,695,805,3696
2289600,822,806,3622
2289610,927,808,3842
2289620,842,810,3778
2289630,878,811,3828
2289640,815,809,3695
2289651,774,808,3663
2289661,777,807,3664
2289671,717,806,3759
2289681,810,807,3739
2289691,911,809,3897
2289702,865,811,3834
2289712,864,812,3876
2289722,764,810,3854
2289732,766,809,3815
2289742,773,807,3727
2289753,732,806,3810
2289763,830,807,3795
2289773,866,809,3750
2289783,880,812,3726
2289793,858,811,3689
2289803,813,811,3678
2289814,831,810,3583
2289824,747,809,3648
2289834,726,808,3741
RIM
2289854,862,852,172
2289865,870,852,173
2289875,837,851,177
2289885,858,852,177
2289895,865,852,177
2289905,833,852,174
2289915,865,852,175
2289926,844,851,177
2289936,852,852,175
2289946,865,852,174
2289956,828,851,178
2289966,865,852,179
2289977,854,851,178
2289987,846,852,175
2289997,867,852,175
2290007,833,851,178
2290017,861,852,178
2290028,861,851,178
2290038,838,852,173
2290048,866,852,173
2290058,835,851,178
2290068,858,851,179
2290078,867,852,179
2290089,833,852,175
2290099,865,852,177
2290109,844,851,179
2290119,852,852,177
2290129,864,852,176
2290140,829,851,179
2290150,864,852,180
2290160,854,851,179
2290170,845,852,175
2290180,865,852,175
2290191,832,851,179
2290201,860,852,179
2290211,861,851,179
2290221,839,852,172
2290231,865,852,172
2290241,839,852,175
2290252,857,852,175
2290262,865,852,174
2290272,830,852,173
2290282,865,852,174
2290292,846,851,175
2290303,850,852,173
2290313,865,852,173
2290323,829,852,177
2290333,864,852,178
2290343,855,851,177
2290354,845,852,172
2290364,867,852,173
2290374,833,852,176
2290384,861,852,177
2290394,861,852,176
2290404,835,852,173
2290415,867,852,175
2290425,839,852,177
2290435,856,852,178
2290445,865,852,177
2290455,828,852,179
OSM
2290476,398,397,38
2290486,397,397,38
2290496,405,397,37
2290506,388,397,38
2290516,403,397,39
2290527,397,397,38
2290537,393,397,37
2290547,405,397,37
2290557,390,397,38
2290567,401,397,38
2290578,401,397,38
2290588,391,397,37
2290598,406,397,38
2290608,391,397,38
2290618,398,397,38
2290629,404,397,38
2290639,388,397,38
2290649,404,397,39
2290659,394,397,38
2290669,396,397,38
2290679,405,397,38
2290690,387,397,39
2290700,402,397,39
2290710,399,397,38
2290720,394,397,37
2290730,404,397,37
2290741,389,397,38
2290751,400,397,38
2290761,402,397,37
2290771,390,397,37
2290781,405,397,37
2290791,391,397,37
2290802,398,397,37
2290812,405,397,37
2290822,389,397,37
2290832,404,397,37
2290842,394,397,37
2290853,396,397,36
2290863,405,397,36
2290873,387,397,38
2290883,402,397,38
2290893,400,397,37
2290903,393,397,36
2290914,404,397,36
2290924,389,397,37
2290934,400,397,37
2290944,404,397,37
2290954,391,397,36
2290965,405,397,37
2290975,391,397,38
2290985,398,397,37
2290995,406,397,37
2291005,389,397,38
2291015,404,397,38
2291026,395,397,38
2291036,395,397,37
2291046,404,397,37
2291056,389,397,37
2291066,402,397,38
2291077,398,397,37
SIM
2291097,729,808,3724
2291107,745,807,3786
2291117,801,808,3774
2291127,938,808,3836
2291138,819,807,3803
2291148,872,808,3827
2291158,825,807,3818
2291168,741,808,3760
2291178,720,807,3819
2291189,718,807,3865
2291199,841,807,3871
2291209,933,807,3892
2291219,840,807,3904
2291229,833,808,3910
2291240,830,807,3878
2291250,792,807,3875
2291260,776,807,3864
2291270,703,807,3891
2291280,789,808,3874
2291290,869,808,3922
2291301,895,809,4033
2291311,897,809,4033
2291321,792,808,3969
2291331,796,807,3972
2291341,760,807,3991
2291352,714,807,3926
2291362,746,807,3956
2291372,830,808,3958
2291382,904,808,4027
2291392,898,808,4009
2291403,759,807,4050
2291413,914,809,4232
2291423,880,811,4293
2291433,867,813,4188
2291443,863,815,4199
2291454,855,817,3978
2291464,855,818,4000
2291474,799,816,3805
2291484,729,814,3918
2291494,765,812,3888
2291505,698,810,4102
2291515,765,810,4115
2291525,906,812,4244
2291535,865,815,4131
2291545,875,816,4189
2291555,800,814,4040
2291566,822,813,3998
2291576,780,812,3972
2291586,708,811,4113
2291596,787,811,4089
2291606,875,813,4128
2291617,885,815,4098
2291627,897,816,4204
2291637,778,815,4186
2291647,798,814,4120
2291657,746,812,4161
2291668,839,812,4173
2291678,816,812,4168
2291688,711,811,4268
2291698,744,812,4221
RIM
2291718,873,852,184
2291729,868,852,183
2291739,829,852,188
2291749,864,852,190
2291759,856,852,188
2291769,845,852,182
2291780,864,852,182
2291790,831,852,188
2291800,860,852,189
2291810,863,852,189
2291820,838,852,182
2291831,867,852,183
2291841,837,852,187
2291851,856,852,187
2291861,866,852,186
2291871,831,852,187
2291881,866,852,189
2291892,846,851,189
2291902,852,852,185
2291912,864,852,184
2291922,828,852,189
2291932,863,852,191
2291943,857,851,188
2291953,846,852,182
2291963,865,852,182
2291973,831,851,189
2291983,860,852,189
2291994,861,852,188
2292004,838,852,183
2292014,866,852,183
2292024,838,851,188
2292034,855,852,186
2292044,864,852,186
2292055,829,852,188
2292065,865,852,189
2292075,848,851,189
2292085,852,852,186
2292095,865,852,186
2292106,828,851,193
2292116,862,852,194
2292126,856,851,192
2292136,845,852,184
2292146,866,852,184
2292157,835,851,189
2292167,860,852,189
2292177,863,852,189
2292187,835,852,185
2292197,866,852,186
2292207,840,852,188
2292218,856,852,187
2292228,865,852,186
2292238,832,852,187
2292248,863,852,188
2292258,849,851,187
2292269,849,852,182
2292279,864,852,180
2292289,831,852,185
2292299,864,852,187
2292309,856,852,185
2292319,842,852,177
OSM
2292341,395,397,37
2292351,399,397,37
2292361,405,397,37
2292371,388,397,37
2292381,402,397,37
2292392,394,397,37
2292402,395,397,37
2292412,405,397,37
2292422,388,397,37
2292432,402,397,37
2292443,397,397,37
2292453,393,397,37
2292463,405,397,36
2292473,390,397,37
2292483,400,397,37
2292493,402,397,36
2292504,389,397,36
2292514,405,397,36
2292524,392,397,37
2292534,397,397,37
2292544,404,397,36
2292555,386,397,37
2292565,403,397,37
2292575,395,397,37
2292585,396,397,37
2292595,404,397,37
2292606,387,397,37
2292616,402,397,38
2292626,399,397,37
2292636,394,397,37
2292646,404,397,36
2292656,389,397,37
2292667,400,397,37
2292677,403,397,36
2292687,391,397,36
2292697,404,397,36
2292707,390,397,37
2292718,397,397,37
2292728,404,397,36
2292738,388,397,36
2292748,404,397,37
2292758,394,397,37
2292768,394,397,36
2292779,404,397,36
2292789,388,397,37
2292799,402,397,37
2292809,399,397,36
2292819,391,397,36
2292830,405,397,36
2292840,390,397,36
2292850,401,397,37
2292860,403,397,36
2292870,389,397,36
2292880,404,397,36
2292891,392,397,36
2292901,398,397,36
2292911,405,397,36
2292921,388,397,37
2292931,403,397,37
2292942,394,397,37
SIM
2292962,740,812,4193
2292972,736,812,4214
2292982,806,812,4213
2292992,930,812,4180
2293003,855,812,4210
2293013,884,812,4237
2293023,826,812,4237
2293033,741,812,4237
2293043,754,813,4150
2293054,709,813,4180
2293064,775,812,4190
2293074,806,810,3943
2293084,853,810,3959
2293094,899,811,4081
2293105,851,811,4101
2293115,829,812,4099
2293125,828,813,4080
2293135,718,813,4029
2293145,759,813,4068
2293155,771,811,4042
2293166,854,810,3956
2293176,924,811,4045
2293186,826,811,4043
2293196,828,812,4042
2293206,778,812,4017
2293217,746,813,3928
2293227,738,812,3948
2293237,699,810,4154
2293247,850,809,4034
2293257,929,810,4141
2293268,883,812,4180
2293278,880,811,4085
2293288,799,810,4008
2293298,777,809,3971
2293308,774,807,3941
2293319,699,804,4094
2293329,777,803,4063
2293339,816,803,4065
2293349,894,806,4099
2293359,905,809,4225
2293369,795,810,4021
2293380,827,811,3990
2293390,766,809,3870
2293400,723,806,3938
2293410,749,804,3912
2293420,811,805,3912
2293431,724,803,4014
2293441,771,803,4022
2293451,790,804,3872
2293461,906,806,4034
2293471,861,806,4006
2293482,827,805,3909
2293492,937,806,4057
2293502,831,806,4054
2293512,843,807,4074
2293522,796,808,4011
2293533,796,807,3998
2293543,776,807,4013
2293553,683,806,4116
2293563,783,807,4059
RIM
2293583,877,852,180
2293594,867,852,179
2293604,832,852,177
2293614,866,852,178
2293624,846,852,178
2293634,851,852,177
2293645,866,852,178
2293655,829,852,180
2293665,862,852,180
2293675,855,852,178
2293685,845,852,176
2293695,867,852,176
2293706,834,852,178
2293716,859,852,178
2293726,861,852,176
2293736,839,852,172
2293746,866,852,172
2293757,839,852,174
2293767,856,852,174
2293777,864,852,174
2293787,830,852,173
2293797,866,852,174
2293808,848,852,174
2293818,852,852,173
2293828,864,852,173
2293838,829,852,174
2293848,862,852,175
2293858,857,852,174
2293869,845,852,171
2293879,868,852,172
2293889,834,852,175
2293899,861,852,176
2293909,861,852,175
2293920,835,852,171
2293930,865,852,171
