Polling for available serial device...
Opening serial monitor for com port: "/dev/ttyACM0"
Serial monitor opened successfully:
12087229,692,683,60
12087239,672,683,61
12087249,689,683,59
12087259,685,683,58
12087270,675,683,58
12087280,692,683,59
12087290,673,683,60
12087300,686,683,58
12087310,691,683,58
12087321,671,683,60
12087331,691,683,61
12087341,676,683,60
12087351,682,683,58
12087361,689,683,58
12087372,671,683,60
12087382,691,683,61
12087392,681,683,59
12087402,678,683,58
12087412,691,683,59
12087422,671,683,61
12087433,687,683,60
12087443,686,683,58
12087453,677,683,58
12087463,692,683,59
12087473,673,683,60
12087484,682,683,57
12087494,690,683,57
12087504,672,683,58
12087514,692,683,59
12087524,677,683,59
12087535,682,683,56
12087545,690,683,57
12087555,669,683,60
12087565,690,683,60
12087575,684,683,59
12087585,679,683,57
12087596,691,683,58
12087606,671,682,60
12087616,686,683,58
12087626,685,683,57
12087636,674,683,57
12087647,692,683,58
12087657,675,682,60
OSM
12087678,1139,1142,3
12087688,1137,1142,3
12087698,1144,1142,4
12087708,1142,1142,3
12087719,1143,1142,4
12087729,1144,1142,4
12087739,1139,1142,4
12087749,1142,1142,4
12087759,1142,1142,3
12087769,1141,1142,3
12087780,1145,1142,4
12087790,1142,1142,4
12087800,1143,1142,4
12087810,1144,1142,4
12087820,1141,1142,4
12087831,1144,1142,4
12087841,1139,1142,4
12087851,1141,1142,3
12087861,1144,1142,3
12087871,1139,1142,4
12087882,1145,1142,4
12087892,1143,1142,4
12087902,1142,1142,4
12087912,1145,1142,4
12087922,1139,1142,4
12087933,1142,1142,4
12087943,1141,1142,4
12087953,1140,1142,4
12087963,1144,1142,4
12087973,1142,1142,4
12087983,1143,1142,4
12087994,1143,1142,4
12088004,1139,1142,4
12088014,1143,1142,4
12088024,1139,1141,5
12088034,1141,1142,4
12088045,1143,1141,4
12088055,1141,1141,4
12088065,1144,1141,4
12088075,1144,1141,5
12088085,1141,1142,4
12088096,1144,1142,4
12088106,1139,1141,5
12088116,1142,1141,5
12088126,1144,1141,4
12088136,1140,1141,4
12088146,1147,1142,4
12088157,1143,1142,4
12088167,1142,1142,4
12088177,1143,1142,4
12088187,1138,1142,4
12088197,1143,1142,4
12088208,1141,1141,5
12088218,1142,1142,4
12088228,1144,1142,4
12088238,1140,1141,5
12088248,1144,1142,4
12088259,1144,1142,4
12088269,1141,1142,4
12088279,1144,1142,4
SIM
12088299,723,788,3313
12088309,748,787,3338
12088320,715,785,3327
12088330,786,785,3325
12088340,830,786,3324
12088350,857,788,3388
12088360,854,788,3337
12088371,837,788,3377
12088381,826,791,3234
12088391,878,792,3357
12088401,804,792,3334
12088411,792,792,3333
12088422,725,792,3319
12088432,726,790,3349
12088442,733,788,3328
12088452,708,787,3421
12088462,730,787,3386
12088473,811,787,3347
12088483,873,787,3424
12088493,881,789,3564
12088503,836,791,3509
12088513,822,791,3524
12088524,797,790,3424
12088534,720,790,3492
12088544,724,790,3498
12088554,704,787,3562
12088564,756,786,3521
12088575,836,787,3552
12088585,829,789,3494
12088595,873,789,3468
12088605,853,789,3494
12088615,841,791,3459
12088625,812,792,3412
12088636,763,791,3369
12088646,734,789,3405
12088656,842,791,3396
12088666,777,792,3343
12088676,747,789,3229
12088687,697,787,3332
12088697,715,787,3366
12088707,733,786,3401
12088717,709,784,3393
12088727,734,782,3385
12088738,714,782,3411
12088748,797,783,3368
12088758,733,780,3211
12088768,788,780,3212
12088778,872,783,3261
12088789,864,785,3363
12088799,862,785,3400
12088809,875,786,3531
12088819,810,788,3408
12088829,796,788,3409
12088840,731,786,3334
12088850,716,785,3415
12088860,728,785,3420
12088870,719,784,3482
12088880,798,783,3386
12088891,868,784,3492
12088901,855,786,3454
RIM
12088921,687,682,59
12088931,693,682,60
12088941,682,682,59
12088952,682,682,58
12088962,691,682,57
12088972,671,682,58
12088982,689,682,59
12088992,684,682,58
12089003,678,682,57
12089013,693,682,57
12089023,673,682,58
12089033,687,682,59
12089043,688,682,58
12089053,673,682,57
12089064,693,682,57
12089074,675,682,58
12089084,684,682,58
12089094,692,682,58
12089104,672,682,58
12089115,692,682,59
12089125,679,682,59
12089135,681,682,58
12089145,691,682,58
12089155,672,682,58
12089166,692,682,60
12089176,686,682,58
12089186,679,682,57
12089196,693,682,57
12089206,674,682,58
12089216,688,683,57
12089227,691,683,58
12089237,676,683,56
12089247,693,683,57
12089257,677,683,57
12089267,685,683,57
12089278,692,683,57
12089288,672,683,57
12089298,693,683,58
12089308,682,683,58
12089318,683,683,57
12089329,691,683,57
12089339,672,683,58
12089349,689,683,58
12089359,685,683,57
12089369,679,683,56
12089379,694,683,56
12089390,673,683,57
12089400,686,683,57
12089410,688,683,57
12089420,673,683,55
12089430,692,683,56
12089441,677,683,57
12089451,684,683,56
12089461,689,683,56
12089471,670,683,56
12089481,690,683,57
12089492,679,683,57
12089502,681,683,56
12089512,690,683,55
12089522,669,683,58
OSM
12089543,1138,1142,4
12089553,1140,1142,3
12089563,1146,1142,4
12089573,1142,1142,4
12089584,1143,1142,4
12089594,1144,1142,4
12089604,1139,1142,4
12089614,1143,1142,4
12089624,1140,1142,4
12089634,1143,1142,4
12089645,1144,1142,4
12089655,1142,1142,4
12089665,1145,1142,4
12089675,1143,1142,4
12089685,1141,1142,4
12089696,1143,1142,4
12089706,1140,1142,4
12089716,1144,1142,4
12089726,1144,1142,4
12089736,1143,1142,4
12089747,1146,1142,4
12089757,1141,1142,4
12089767,1142,1142,4
12089777,1143,1142,4
12089787,1142,1142,3
12089797,1144,1142,3
12089808,1142,1142,3
12089818,1143,1142,3
12089828,1150,1142,4
12089838,1142,1142,4
12089848,1145,1142,5
12089859,1142,1142,4
12089869,1140,1142,4
12089879,1144,1142,4
12089889,1139,1142,4
12089899,1144,1142,5
12089910,1145,1142,5
12089920,1142,1142,5
12089930,1143,1142,5
12089940,1140,1142,5
12089950,1141,1142,5
12089961,1143,1142,5
12089971,1140,1142,4
12089981,1145,1142,5
12089991,1142,1142,5
12090001,1143,1142,4
12090011,1144,1142,4
12090022,1139,1142,4
12090032,1142,1142,4
12090042,1141,1142,4
12090052,1140,1142,4
12090062,1144,1142,4
12090073,1140,1142,4
12090083,1145,1142,4
12090093,1145,1142,4
12090103,1142,1142,4
12090113,1144,1142,4
12090124,1140,1142,4
12090134,1141,1142,4
12090144,1142,1142,4
SIM
12090164,714,786,3474
12090174,736,786,3492
12090185,727,786,3466
12090195,781,786,3466
12090205,783,785,3435
12090215,859,785,3440
12090225,883,786,3518
12090236,833,786,3512
12090246,848,786,3549
12090256,816,785,3424
12090266,781,785,3418
12090276,750,784,3438
12090287,678,783,3568
12090297,730,783,3560
12090307,763,784,3524
12090317,833,786,3461
12090327,866,788,3509
12090338,829,789,3527
12090348,826,788,3431
12090358,808,787,3293
12090368,754,785,3270
12090378,741,784,3279
12090388,716,783,3352
12090399,731,783,3331
12090409,770,783,3276
12090419,690,783,3316
12090429,740,783,3335
12090439,784,782,3288
12090450,814,782,3269
12090460,893,782,3336
12090470,781,781,3252
12090480,878,782,3347
12090490,855,782,3421
12090501,845,784,3477
12090511,833,785,3472
12090521,811,785,3430
12090531,780,785,3429
12090541,743,785,3434
12090552,712,785,3394
12090562,708,785,3411
12090572,718,785,3441
12090582,708,785,3443
12090592,813,786,3411
12090603,858,788,3404
12090613,865,790,3497
12090623,852,791,3504
12090633,801,792,3504
12090643,799,790,3398
12090654,719,788,3389
12090664,704,785,3412
12090674,738,783,3313
12090684,771,783,3303
12090694,849,783,3373
12090705,834,785,3365
12090715,876,788,3413
12090725,861,790,3436
12090735,868,792,3445
12090745,861,794,3520
12090755,832,793,3452
12090766,806,792,3391
RIM
12090786,693,683,59
12090796,694,683,59
12090806,673,683,61
12090817,687,683,61
12090827,687,683,60
12090837,672,683,60
12090847,690,683,60
12090857,673,683,62
12090867,683,683,61
12090878,689,683,60
12090888,669,683,62
12090898,687,683,62
12090908,676,683,62
12090918,677,683,61
12090929,690,683,60
12090939,669,682,64
12090949,689,683,63
12090959,683,682,63
12090969,677,683,61
12090980,692,683,61
12090990,673,682,63
12091000,689,683,62
12091010,690,683,62
12091020,677,683,61
12091030,695,683,62
12091041,681,683,62
12091051,688,683,62
12091061,694,683,62
12091071,675,683,62
12091081,696,683,64
12091092,684,683,63
12091102,687,683,63
12091112,695,683,63
12091122,676,683,64
12091132,693,683,65
12091143,686,683,64
12091153,681,683,62
12091163,695,683,63
12091173,677,683,63
12091183,689,683,64
12091193,690,683,64
12091204,676,683,63
12091214,694,683,64
12091224,678,683,64
12091234,686,683,64
12091244,692,683,64
12091255,672,683,64
12091265,692,683,65
12091275,681,683,65
12091285,683,683,63
12091295,695,683,64
12091306,675,683,65
12091316,693,684,65
12091326,687,684,65
12091336,680,684,62
12091346,694,684,63
12091356,677,684,63
12091367,689,684,64
12091377,693,684,64
12091387,678,684,61
OSM
12091408,1136,1142,5
12091418,1142,1142,5
12091428,1146,1142,5
12091438,1142,1142,5
12091449,1145,1142,5
12091459,1143,1142,5
12091469,1142,1142,4
12091479,1144,1142,5
12091489,1140,1142,5
12091500,1142,1142,4
12091510,1143,1142,4
12091520,1142,1142,4
12091530,1147,1142,5
12091540,1142,1142,5
12091551,1144,1142,5
12091561,1143,1142,5
12091571,1140,1142,5
12091581,1144,1142,5
12091591,1143,1142,5
12091602,1145,1142,5
12091612,1146,1142,5
12091622,1141,1142,5
12091632,1146,1142,5
12091642,1143,1142,5
12091652,1141,1142,5
12091663,1143,1142,5
12091673,1141,1142,5
12091683,1143,1142,5
12091693,1145,1142,4
12091703,1142,1142,4
12091714,1146,1142,4
12091724,1141,1142,4
12091734,1142,1142,4
12091744,1143,1142,4
12091754,1140,1142,4
12091765,1143,1142,4
12091775,1143,1142,4
12091785,1144,1142,4
12091795,1145,1142,4
12091805,1140,1142,4
12091816,1142,1142,4
12091826,1141,1142,4
12091836,1141,1142,4
12091846,1143,1142,4
12091856,1140,1142,4
12091866,1143,1142,4
12091877,1144,1142,4
12091887,1142,1142,4
12091897,1145,1142,4
12091907,1140,1142,4
12091917,1141,1142,4
12091928,1143,1142,4
12091938,1139,1142,4
12091948,1144,1142,4
12091958,1143,1142,4
12091968,1145,1142,4
12091979,1144,1142,4
12091989,1139,1142,4
12091999,1142,1142,4
12092009,1142,1142,4
SIM
12092029,736,792,3342
12092040,707,792,3410
12092050,722,792,3422
12092060,785,792,3421
12092070,814,792,3427
12092080,868,793,3447
12092091,858,792,3383
12092101,812,792,3362
12092111,800,791,3311
12092121,717,789,3391
12092131,715,788,3482
12092142,736,788,3503
12092152,713,789,3394
12092162,820,790,3350
12092172,850,792,3393
12092182,859,792,3440
12092193,884,792,3490
12092203,832,792,3493
12092213,813,792,3482
12092223,845,793,3522
12092233,797,794,3496
12092243,786,794,3451
12092254,712,794,3461
12092264,718,794,3491
12092274,708,793,3605
12092284,729,794,3495
12092294,771,794,3455
12092305,778,794,3458
12092315,865,795,3534
12092325,881,795,3497
12092335,856,796,3554
12092345,843,795,3479
12092356,810,795,3423
12092366,778,793,3386
12092376,754,792,3385
12092386,675,790,3605
12092396,731,789,3661
12092407,760,789,3640
12092417,827,791,3558
12092427,895,794,3609
12092437,831,796,3529
12092447,826,798,3408
12092458,802,798,3404
12092468,735,796,3408
12092478,730,794,3399
12092488,766,792,3355
12092498,733,791,3412
12092509,731,790,3471
12092519,697,790,3531
12092529,740,790,3449
12092539,709,790,3514
12092549,728,789,3572
12092559,801,788,3515
12092570,796,788,3481
12092580,878,788,3487
12092590,870,788,3510
12092600,848,788,3463
12092610,837,787,3415
12092621,792,786,3382
12092631,774,786,3378
RIM
12092651,701,684,65
12092661,693,684,64
12092672,672,684,65
12092682,691,684,65
12092692,681,684,65
12092702,681,684,63
12092712,691,684,63
12092722,671,684,64
12092733,688,684,64
12092743,687,684,64
12092753,678,685,60
12092763,692,685,61
12092773,673,685,62
12092784,686,685,61
12092794,689,685,61
12092804,672,685,59
12092814,692,685,60
12092824,676,685,61
12092835,683,685,60
12092845,690,685,60
12092855,669,685,61
12092865,690,685,62
12092875,679,684,63
12092886,679,685,61
12092896,690,684,61
12092906,670,684,64
12092916,687,684,64
12092926,685,684,62
12092936,675,684,62
12092947,690,684,60
12092957,672,684,63
12092967,685,684,63
12092977,688,684,61
12092987,672,684,62
12092998,692,684,62
12093008,676,683,64
12093018,681,683,64
12093028,690,683,62
12093038,669,683,65
12093048,691,683,65
12093059,681,683,65
12093069,679,683,64
12093079,690,683,63
12093089,670,683,65
12093099,687,683,65
12093110,685,683,64
12093120,675,683,63
12093130,692,683,63
12093140,673,683,65
12093150,684,683,65
12093161,687,683,63
12093171,670,683,64
12093181,691,682,65
12093191,676,682,65
12093201,684,682,65
12093212,691,682,64
12093222,668,682,67
12093232,687,682,66
12093242,680,682,64
12093252,679,682,64
OSM
12093273,1135,1142,4
12093283,1142,1142,4
12093293,1144,1142,4
12093303,1143,1142,4
12093314,1145,1142,4
12093324,1141,1142,4
12093334,1143,1142,4
12093344,1144,1142,4
12093354,1140,1142,4
12093364,1144,1142,4
12093375,1141,1142,4
12093385,1143,1142,4
12093395,1146,1142,4
12093405,1142,1142,4
12093415,1145,1142,4
12093426,1142,1142,4
12093436,1141,1142,4
12093446,1144,1142,4
12093456,1141,1142,4
12093466,1144,1142,4
12093477,1145,1142,4
12093487,1142,1142,4
12093497,1145,1142,4
12093507,1143,1142,4
12093517,1144,1142,4
12093528,1144,1142,4
12093538,1139,1142,4
12093548,1143,1142,4
12093558,1142,1142,4
12093568,1142,1142,4
12093578,1145,1142,4
12093589,1141,1142,4
12093599,1146,1142,4
12093609,1144,1142,4
12093619,1142,1142,4
12093629,1144,1142,4
12093640,1139,1142,4
12093650,1142,1142,4
12093660,1144,1142,4
12093670,1143,1142,4
12093680,1147,1142,4
12093691,1142,1142,4
12093701,1143,1142,4
12093711,1145,1142,4
12093721,1139,1142,4
12093731,1145,1142,5
12093742,1142,1142,5
12093752,1145,1142,5
12093762,1146,1142,5
12093772,1141,1142,5
12093782,1144,1142,5
12093792,1142,1142,5
12093803,1140,1142,5
12093813,1143,1142,5
12093823,1141,1142,5
12093833,1145,1142,5
12093843,1146,1142,5
12093854,1142,1142,5
12093864,1145,1142,5
12093874,1141,1142,5
SIM
12093894,717,786,3416
12093904,700,785,3436
12093915,732,786,3415
12093925,796,786,3417
12093935,823,786,3427
12093945,870,786,3432
12093955,850,786,3414
12093966,850,787,3470
12093976,822,787,3488
12093986,765,788,3413
12093996,732,788,3376
12094006,718,788,3413
12094017,733,788,3369
12094027,766,787,3360
12094037,813,786,3307
12094047,864,787,3318
12094057,857,786,3243
12094068,836,786,3249
12094078,802,786,3242
12094088,731,784,3232
12094098,813,784,3244
12094108,807,785,3251
12094119,728,785,3216
12094129,727,785,3197
12094139,726,785,3157
12094149,719,785,3177
12094159,746,785,3199
12094170,771,785,3202
12094180,839,784,3144
12094190,865,784,3097
12094200,863,784,3114
12094210,877,785,3199
12094220,815,785,3203
12094231,812,785,3215
12094241,765,786,3204
12094251,732,786,3048
12094261,723,786,3063
12094271,716,786,3134
12094282,760,785,3116
12094292,852,784,2989
12094302,860,784,3048
12094312,851,785,3092
12094322,843,785,3144
12094333,794,786,3100
12094343,743,787,3078
12094353,717,786,3152
12094363,694,785,3246
12094373,740,785,3231
12094384,758,786,3112
12094394,838,788,3116
12094404,842,790,3054
12094414,838,792,3023
12094424,872,793,3126
12094435,864,794,3207
12094445,842,794,3128
12094455,785,792,3032
12094465,807,792,2983
12094475,753,790,2974
12094485,708,789,3085
12094496,713,788,3177
RIM
12094516,705,682,67
12094526,687,682,65
12094536,678,682,64
12094547,693,682,65
12094557,675,682,66
12094567,686,682,66
12094577,689,682,65
12094587,674,682,64
12094597,695,682,66
12094608,677,682,66
12094618,685,682,66
12094628,691,682,66
12094638,670,682,67
12094648,691,682,68
12094659,682,682,67
12094669,682,682,66
12094679,691,682,65
12094689,672,682,66
12094699,689,682,67
12094710,685,682,66
12094720,676,682,64
12094730,692,682,65
12094740,671,682,67
12094750,687,682,67
12094760,690,682,67
12094771,673,682,66
12094781,692,682,67
12094791,674,682,68
12094801,683,682,67
12094811,691,682,67
12094822,672,682,67
12094832,691,682,69
12094842,681,682,68
12094852,680,682,66
12094862,690,682,66
12094873,671,682,67
12094883,689,682,68
12094893,686,682,67
12094903,678,683,64
12094913,692,683,64
12094923,673,682,66
12094934,684,683,65
12094944,689,683,65
12094954,674,683,64
12094964,692,683,65
12094974,676,683,65
12094985,683,683,64
12094995,690,683,64
12095005,670,683,65
12095015,690,683,66
12095025,680,683,66
12095036,680,683,63
12095046,692,683,63
12095056,672,683,64
12095066,689,683,65
12095076,684,683,64
12095086,676,683,61
12095097,692,683,62
12095107,673,683,64
12095117,686,683,64
OSM
12095138,1135,1142,5
12095148,1144,1142,5
12095158,1141,1142,5
12095168,1143,1142,5
12095179,1146,1142,5
12095189,1141,1142,5
12095199,1144,1142,5
12095209,1143,1142,5
12095219,1140,1142,5
12095229,1143,1142,5
12095240,1140,1142,5
12095250,1143,1142,5
12095260,1144,1142,5
12095270,1142,1142,5
12095280,1145,1142,5
12095291,1141,1142,5
12095301,1142,1142,5
12095311,1144,1142,5
12095321,1140,1142,5
12095331,1145,1142,5
12095342,1143,1142,5
12095352,1144,1142,5
12095362,1145,1142,5
12095372,1140,1142,5
12095382,1144,1142,5
12095393,1141,1142,5
12095403,1140,1142,5
12095413,1144,1142,5
12095423,1141,1142,5
12095433,1146,1142,5
12095443,1146,1142,5
12095454,1141,1142,5
12095464,1145,1142,5
12095474,1139,1142,5
12095484,1143,1142,5
12095494,1144,1142,5
12095505,1140,1142,5
12095515,1145,1142,5
12095525,1143,1142,5
12095535,1144,1142,5
12095545,1144,1142,5
12095556,1138,1142,5
12095566,1143,1142,5
12095576,1142,1142,5
12095586,1142,1142,5
12095596,1147,1142,5
12095606,1143,1142,5
12095617,1145,1142,5
12095627,1145,1142,5
12095637,1142,1142,5
12095647,1145,1142,5
12095657,1140,1142,5
12095668,1142,1142,5
12095678,1143,1142,5
12095688,1140,1142,5
12095698,1146,1142,5
12095708,1143,1142,5
12095719,1143,1142,5
12095729,1144,1142,5
12095739,1139,1142,5
SIM
12095759,736,788,3138
12095770,703,788,3130
12095780,742,788,3113
12095790,819,789,3126
12095800,833,789,3139
12095810,879,789,3165
12095820,840,789,3146
12095831,869,789,3191
12095841,801,789,3175
12095851,776,789,3168
12095861,729,789,3174
12095871,699,789,3225
12095882,709,788,3280
12095892,748,788,3299
12095902,781,787,3290
12095912,874,788,3316
12095922,864,788,3333
12095933,863,788,3388
12095943,862,789,3474
12095953,787,790,3416
12095963,785,790,3408
12095973,737,788,3449
12095984,698,788,3524
12095994,745,788,3493
12096004,758,789,3443
12096014,725,789,3429
12096024,779,789,3400
12096035,820,790,3408
12096045,876,791,3490
12096055,837,790,3434
12096065,858,790,3423
12096075,843,790,3343
12096086,784,789,3334
12096096,772,789,3330
12096106,732,788,3374
12096116,708,788,3429
12096126,740,788,3397
12096136,751,788,3333
12096147,801,789,3321
12096157,860,789,3339
12096167,851,789,3319
12096177,881,790,3394
12096187,802,789,3350
12096198,807,789,3355
12096208,737,789,3365
12096218,719,789,3360
12096228,723,790,3281
12096238,713,789,3338
12096249,802,790,3324
12096259,886,791,3437
12096269,834,791,3425
12096279,841,791,3430
12096289,862,790,3405
12096300,864,790,3405
12096310,861,791,3443
12096320,784,791,3443
12096330,849,791,3495
12096340,792,792,3469
12096351,754,793,3374
12096361,736,793,3321
RIM
12096381,706,683,64
12096391,679,683,64
12096401,686,683,64
12096412,692,683,64
12096422,672,683,65
12096432,690,683,65
12096442,680,683,65
12096452,680,683,64
12096463,691,683,62
12096473,671,683,64
12096483,691,683,65
12096493,686,683,64
12096503,676,683,62
12096513,692,683,62
12096524,673,683,64
12096534,686,683,64
12096544,690,683,64
12096554,674,683,63
12096564,693,683,64
12096575,676,683,65
12096585,683,683,64
12096595,691,683,64
12096605,669,683,65
12096615,691,683,66
12096626,682,683,65
12096636,682,683,63
12096646,692,683,63
12096656,671,683,64
12096666,688,683,65
12096676,684,683,64
12096687,676,683,63
12096697,694,683,63
12096707,674,683,65
12096717,685,683,65
12096727,689,683,64
12096738,673,683,64
12096748,693,683,65
12096758,678,683,65
12096768,682,683,65
12096778,691,683,64
12096789,670,683,66
12096799,691,683,67
12096809,681,683,66
12096819,678,683,65
12096829,691,683,65
12096840,671,683,66
12096850,689,683,67
12096860,686,683,66
12096870,675,683,65
12096880,691,683,65
12096890,673,683,66
12096901,686,683,66
12096911,691,683,66
12096921,674,683,65
12096931,693,683,66
12096941,677,683,67
12096952,682,683,66
12096962,692,683,66
12096972,669,683,68
12096982,689,683,68
OSM
12097003,1136,1142,5
12097013,1144,1142,5
12097023,1142,1142,5
12097033,1145,1142,5
12097044,1146,1142,5
12097054,1141,1142,5
12097064,1145,1142,5
12097074,1139,1142,5
12097084,1142,1142,5
12097094,1144,1142,5
12097105,1140,1142,5
12097115,1146,1142,5
12097125,1142,1142,5
12097135,1142,1142,5
12097145,1143,1142,5
12097156,1138,1142,6
12097166,1143,1142,6
12097176,1143,1142,6
12097186,1141,1142,5
12097196,1145,1142,5
12097207,1143,1142,5
12097217,1143,1142,5
12097227,1142,1142,5
12097237,1139,1142,5
12097247,1143,1142,5
12097257,1140,1142,5
12097268,1142,1142,5
12097278,1146,1142,5
12097288,1141,1142,5
12097298,1146,1142,5
12097308,1142,1142,5
12097319,1141,1142,5
12097329,1143,1142,5
12097339,1139,1142,5
12097349,1142,1142,5
12097359,1142,1142,5
12097370,1141,1142,5
12097380,1144,1142,5
12097390,1142,1142,5
12097400,1142,1142,5
12097410,1145,1142,5
12097421,1142,1142,5
12097431,1146,1142,5
12097441,1140,1142,5
12097451,1142,1142,5
12097461,1144,1142,5
12097472,1138,1142,5
12097482,1143,1142,5
12097492,1142,1142,5
12097502,1144,1142,5
12097512,1145,1142,5
12097522,1140,1142,5
12097533,1144,1142,5
12097543,1140,1142,5
12097553,1140,1142,5
12097563,1143,1142,4
12097573,1141,1142,4
12097584,1145,1142,5
12097594,1145,1142,5
12097604,1141,1142,5
SIM
12097624,725,793,3344
12097635,717,793,3305
12097645,754,793,3287
12097655,805,793,3278
12097665,864,794,3334
12097675,877,794,3329
12097685,846,794,3338
12097696,843,793,3285
12097706,802,793,3286
12097716,739,793,3329
12097726,744,793,3301
12097736,710,793,3269
12097747,741,794,3195
12097757,763,794,3176
12097767,813,795,3178
12097777,884,795,3206
12097787,842,794,3164
12097798,858,794,3153
12097808,821,794,3088
12097818,802,794,3088
12097828,819,794,3097
12097838,767,795,3053
12097849,736,795,2955
12097859,734,795,2975
12097869,719,795,3048
12097879,715,794,3074
12097889,727,794,3145
12097900,742,792,3179
12097910,842,792,3103
12097920,856,792,3137
12097930,870,792,3166
12097940,865,793,3210
12097951,828,793,3229
12097961,813,794,3226
12097971,729,794,3233
12097981,722,794,3196
12097991,717,794,3246
12098001,728,793,3289
12098012,759,793,3307
12098022,817,792,3242
12098032,878,793,3306
12098042,871,792,3279
12098052,814,793,3284
12098063,812,793,3287
12098073,775,793,3240
12098083,738,794,3198
12098093,742,794,3159
12098103,704,794,3185
12098114,737,793,3237
12098124,768,791,3100
12098134,823,791,3087
12098144,762,789,3058
12098154,811,788,2978
12098165,876,789,3009
12098175,864,789,3017
12098185,834,789,3050
12098195,869,790,3095
12098205,797,790,3096
12098216,774,790,3079
12098226,747,790,3061
RIM
12098246,705,683,68
12098256,674,683,69
12098266,689,683,69
12098277,687,683,68
12098287,677,683,67
12098297,692,683,67
12098307,674,683,68
12098317,685,683,68
12098328,690,683,68
12098338,672,683,68
12098348,693,683,68
12098358,677,683,69
12098368,683,683,68
12098378,690,683,67
12098389,670,683,68
12098399,690,683,69
12098409,684,683,68
12098419,681,683,67
12098429,691,683,66
12098440,671,683,68
12098450,688,683,68
12098460,684,683,67
12098470,676,683,65
12098480,694,683,66
12098491,674,683,67
12098501,685,683,67
12098511,690,683,67
12098521,672,683,66
12098531,692,683,67
12098541,678,683,68
12098552,683,683,67
12098562,692,683,66
12098572,670,683,68
12098582,690,683,68
12098592,681,683,68
12098603,679,683,66
12098613,693,683,66
12098623,673,683,68
12098633,688,683,68
12098643,686,683,67
12098654,674,683,66
12098664,692,683,66
12098674,675,683,67
12098684,685,683,67
12098694,690,683,66
12098704,673,683,66
12098715,690,683,66
12098725,676,683,67
12098735,684,683,66
12098745,690,683,65
12098755,672,683,66
12098766,691,683,67
12098776,683,683,65
12098786,680,683,64
12098796,691,683,64
12098806,673,683,65
12098817,689,683,65
12098827,687,683,64
12098837,675,683,62
12098847,694,683,63
OSM
12098868,1137,1142,4
12098878,1145,1142,4
12098888,1142,1142,4
12098898,1146,1142,5
12098909,1142,1142,4
12098919,1142,1142,4
12098929,1143,1142,4
12098939,1139,1142,4
12098949,1143,1142,4
12098959,1144,1142,4
12098970,1142,1142,4
12098980,1146,1142,4
12098990,1142,1142,4
12099000,1146,1142,4
12099010,1144,1142,4
12099021,1141,1142,4
12099031,1144,1142,4
12099041,1140,1142,4
12099051,1142,1142,4
12099061,1143,1142,4
12099072,1141,1142,4
12099082,1145,1142,4
12099092,1144,1142,4
12099102,1144,1142,4
12099112,1146,1142,4
12099123,1140,1142,4
12099133,1143,1142,4
12099143,1142,1142,4
12099153,1140,1142,4
12099163,1145,1142,4
12099173,1143,1142,4
12099184,1144,1142,4
12099194,1144,1142,4
12099204,1140,1142,4
12099214,1143,1142,4
12099224,1141,1142,4
12099235,1143,1142,4
12099245,1145,1142,4
12099255,1141,1142,4
12099265,1145,1142,4
12099275,1143,1142,4
12099286,1143,1142,4
12099296,1145,1142,4
12099306,1139,1142,4
12099316,1143,1142,4
12099326,1144,1142,4
12099337,1143,1142,4
12099347,1147,1142,4
12099357,1142,1142,4
12099367,1144,1142,4
12099377,1144,1142,4
12099387,1140,1142,4
12099398,1144,1142,4
12099408,1142,1142,4
12099418,1144,1142,4
12099428,1144,1142,4
12099438,1141,1142,4
12099449,1146,1142,5
12099459,1144,1142,4
12099469,1143,1142,4
SIM
12099489,722,790,3068
12099500,729,791,3040
12099510,754,791,3040
12099520,809,791,3042
12099530,884,791,3097
12099540,850,790,3033
12099550,843,790,3027
12099561,833,790,3011
12099571,771,790,3015
12099581,727,790,3038
12099591,736,789,3052
12099601,716,789,3037
12099612,732,789,3053
12099622,758,789,3057
12099632,835,790,3082
12099642,731,787,2987
12099652,700,785,3059
12099663,776,783,2971
12099673,839,784,2998
12099683,869,785,3112
12099693,871,786,3214
12099703,850,787,3275
12099714,851,789,3294
12099724,852,791,3304
12099734,809,792,3220
12099744,848,795,3164
12099754,783,796,3089
12099765,735,795,3103
12099775,728,794,3140
12099785,717,791,3170
12099795,732,789,3121
12099805,748,787,3051
12099816,829,787,3052
12099826,889,788,3212
12099836,848,790,3207
12099846,861,793,3205
12099856,793,794,3107
12099867,749,794,3068
12099877,748,794,3083
12099887,705,792,3205
12099897,741,790,3122
12099907,744,788,3045
12099917,833,788,3067
12099928,879,789,3193
12099938,841,790,3233
12099948,851,792,3243
12099958,839,794,3233
12099968,796,795,3096
12099979,780,796,3042
12099989,724,795,3115
12099999,720,794,3195
12100009,743,793,3222
12100019,678,791,3435
12100030,729,789,3375
12100040,712,786,3374
12100050,812,786,3347
12100060,843,785,3286
12100070,847,786,3346
12100081,854,787,3418
12100091,843,789,3438
RIM
12100111,703,683,62
12100121,675,683,62
12100131,693,683,63
12100142,679,683,63
12100152,685,683,62
12100162,691,683,62
12100172,670,683,63
12100182,690,683,64
12100193,682,683,63
12100203,681,683,61
12100213,693,683,61
12100223,672,683,63
12100233,688,683,63
12100243,686,683,63
12100254,676,683,61
12100264,693,683,62
12100274,675,683,63
12100284,686,683,63
12100294,690,683,62
12100305,671,683,62
12100315,691,683,63
12100325,676,683,64
12100335,683,683,63
12100345,694,683,63
12100356,671,683,64
12100366,691,683,65
12100376,681,683,64
12100386,680,683,62
12100396,693,683,63
12100406,674,683,64
12100417,689,683,64
12100427,686,683,63
12100437,675,683,61
12100447,692,683,62
12100457,672,683,64
12100468,684,683,64
12100478,690,683,63
12100488,673,683,63
12100498,692,683,64
12100508,677,683,64
12100519,680,683,63
12100529,689,683,62
12100539,671,683,64
12100549,692,683,65
12100559,682,683,64
12100569,679,683,63
12100580,691,683,63
12100590,672,683,64
12100600,687,683,64
12100610,686,683,64
12100620,676,683,62
12100631,692,683,63
12100641,676,683,64
12100651,685,683,63
12100661,690,683,63
12100671,671,683,64
12100682,690,683,64
12100692,677,683,64
12100702,682,683,63
12100712,690,683,62
OSM
12100733,1138,1142,4
12100743,1143,1142,4
12100753,1143,1142,4
12100763,1146,1142,4
12100774,1141,1142,4
12100784,1143,1142,4
12100794,1142,1142,4
12100804,1141,1142,4
12100814,1143,1142,4
12100824,1141,1142,4
12100835,1144,1142,4
12100845,1146,1142,4
12100855,1141,1142,4
12100865,1145,1142,4
12100875,1142,1142,4
12100886,1142,1142,4
12100896,1144,1142,4
12100906,1142,1142,4
12100916,1143,1142,4
12100926,1144,1142,4
12100937,1143,1143,3
12100947,1145,1143,3
12100957,1141,1142,4
12100967,1143,1142,4
12100977,1143,1142,4
12100987,1141,1142,3
12100998,1145,1142,4
12101008,1143,1142,4
12101018,1144,1143,3
12101028,1145,1143,3
12101038,1140,1142,4
12101049,1145,1142,4
12101059,1141,1142,4
12101069,1141,1142,4
12101079,1144,1142,4
12101089,1141,1142,4
12101100,1147,1143,3
12101110,1144,1143,3
12101120,1142,1143,3
12101130,1143,1143,3
12101140,1140,1142,4
12101151,1142,1142,4
12101161,1144,1142,4
12101171,1143,1142,4
12101181,1146,1143,3
12101191,1143,1143,3
12101201,1143,1143,3
12101212,1143,1142,3
12101222,1139,1142,4
12101232,1144,1142,4
12101242,1142,1142,4
12101252,1143,1142,4
12101263,1145,1142,4
12101273,1142,1142,4
12101283,1145,1142,4
12101293,1144,1142,4
12101303,1141,1142,4
12101314,1142,1142,3
12101324,1139,1142,4
12101334,1143,1142,4
SIM
12101354,699,789,3498
12101364,734,789,3488
12101375,731,788,3524
12101385,772,788,3521
12101395,858,787,3450
12101405,766,786,3391
12101415,840,786,3385
12101426,882,787,3501
12101436,838,788,3538
12101446,851,790,3537
12101456,858,792,3561
12101466,854,794,3522
12101477,840,796,3487
12101487,778,796,3469
12101497,732,795,3511
12101507,732,795,3509
12101517,716,795,3462
12101528,739,794,3509
12101538,735,792,3533
12101548,821,792,3448
12101558,862,792,3426
12101568,851,792,3428
12101579,851,792,3428
12101589,777,790,3371
12101599,753,789,3388
12101609,736,788,3376
12101619,712,786,3471
12101629,739,786,3465
12101640,744,787,3437
12101650,810,788,3361
12101660,895,791,3488
12101670,843,793,3499
12101680,863,793,3559
12101691,839,792,3441
12101701,793,791,3389
12101711,754,790,3330
12101721,777,789,3333
12101731,735,789,3355
12101742,730,789,3385
12101752,708,789,3376
12101762,737,789,3383
12101772,727,788,3414
12101782,814,788,3392
12101793,882,788,3401
12101803,840,788,3399
12101813,860,788,3420
12101823,838,788,3418
12101833,802,788,3420
12101844,757,788,3435
12101854,713,788,3460
12101864,718,788,3465
12101874,735,788,3478
12101884,788,789,3274
12101895,879,792,3337
12101905,843,794,3267
12101915,863,795,3339
12101925,817,795,3308
12101935,785,794,3264
12101945,731,792,3266
12101956,718,789,3310
RIM
12101976,695,683,58
12101986,681,683,57
12101996,693,683,57
12102007,673,683,58
12102017,689,683,59
12102027,685,683,58
12102037,675,683,56
12102047,692,683,57
12102057,676,683,57
12102068,686,683,58
12102078,690,683,57
12102088,673,683,56
12102098,692,683,57
12102108,675,683,58
12102119,683,683,57
12102129,690,683,57
12102139,671,683,58
12102149,689,683,58
12102159,681,683,58
12102170,679,683,55
12102180,692,683,56
12102190,673,683,57
12102200,687,683,57
12102210,687,683,55
12102220,676,683,54
12102231,692,683,54
12102241,674,683,55
12102251,683,683,55
12102261,690,683,54
12102271,672,683,55
12102282,692,683,55
12102292,678,682,57
12102302,682,683,55
12102312,690,683,54
12102322,670,683,55
12102333,691,683,56
12102343,682,682,56
12102353,679,683,54
12102363,691,683,54
12102373,672,682,56
12102383,686,683,55
12102394,687,683,55
12102404,676,683,53
12102414,692,683,53
12102424,676,683,54
12102434,685,683,54
12102445,688,683,53
12102455,671,683,53
12102465,691,683,54
12102475,677,682,56
12102485,682,683,54
12102496,691,683,54
12102506,668,682,57
12102516,687,682,58
12102526,681,682,57
12102536,678,682,55
12102546,690,682,55
12102557,673,682,56
12102567,688,682,56
12102577,685,682,55
OSM
12102598,1138,1142,4
12102608,1141,1142,4
12102618,1144,1142,4
12102628,1145,1142,3
12102639,1141,1142,3
12102649,1144,1142,3
12102659,1141,1142,4
12102669,1140,1142,4
12102679,1145,1142,4
12102689,1139,1142,4
12102700,1143,1142,4
12102710,1142,1142,4
12102720,1142,1142,3
12102730,1142,1142,3
12102740,1141,1142,3
12102751,1143,1142,3
12102761,1145,1142,3
12102771,1142,1142,3
12102781,1145,1142,4
12102791,1142,1142,4
12102802,1143,1142,4
12102812,1143,1142,3
12102822,1140,1142,3
12102832,1144,1142,3
12102842,1143,1142,3
12102853,1143,1142,3
12102863,1144,1142,3
12102873,1141,1142,3
12102883,1141,1142,3
12102893,1142,1142,3
12102903,1142,1142,3
12102914,1145,1142,3
12102924,1143,1142,3
12102934,1145,1142,3
12102944,1146,1142,3
12102954,1142,1142,3
12102965,1145,1142,3
12102975,1140,1142,3
12102985,1141,1142,3
12102995,1143,1142,3
12103005,1141,1142,3
12103016,1144,1142,3
12103026,1143,1142,3
12103036,1143,1142,3
12103046,1145,1142,3
12103056,1141,1142,3
12103067,1143,1142,3
12103077,1142,1142,3
12103087,1141,1142,3
12103097,1145,1142,3
12103107,1142,1142,3
12103117,1144,1142,3
12103128,1146,1142,3
12103138,1140,1142,3
12103148,1143,1142,3
12103158,1139,1142,3
12103168,1142,1142,3
12103179,1143,1142,3
12103189,1140,1142,3
12103199,1146,1142,3
SIM
12103219,703,789,3299
12103230,728,789,3310
12103240,747,790,3282
12103250,814,790,3287
12103260,894,791,3388
12103270,838,792,3412
12103280,857,792,3444
12103291,840,792,3347
12103301,793,791,3312
12103311,742,789,3291
12103321,802,788,3215
12103331,782,787,3143
12103342,739,785,3134
12103352,724,784,3196
12103362,726,784,3207
12103372,706,784,3263
12103382,725,784,3244
12103393,744,784,3237
12103403,763,785,3203
12103413,847,785,3246
12103423,864,785,3251
12103433,856,785,3262
12103444,880,786,3339
12103454,834,787,3375
12103464,810,788,3363
12103474,793,789,3317
12103484,721,789,3296
12103495,737,789,3299
12103505,678,788,3470
12103515,728,786,3520
12103525,770,784,3325
12103535,827,784,3298
12103546,866,784,3306
12103556,840,784,3307
12103566,835,785,3348
12103576,818,786,3349
12103586,720,785,3420
12103597,727,785,3434
12103607,714,784,3468
12103617,736,785,3409
12103627,787,786,3370
12103637,699,785,3438
12103648,717,784,3500
12103658,725,781,3391
12103668,758,780,3341
12103678,831,779,3278
12103688,706,777,3306
12103699,745,776,3312
12103709,808,777,3322
12103719,854,779,3346
12103729,869,782,3410
12103739,854,784,3455
12103749,864,785,3559
12103760,871,785,3535
12103770,829,784,3513
12103780,812,784,3422
12103790,810,784,3415
12103800,781,783,3416
12103811,743,784,3396
12103821,692,783,3465
RIM
12103841,689,682,53
12103851,686,682,54
12103862,692,682,53
12103872,673,682,53
12103882,690,682,54
12103892,678,682,54
12103902,681,682,53
12103912,690,682,52
12103923,671,682,54
12103933,689,682,54
12103943,684,682,53
12103953,679,682,52
12103963,692,682,52
12103974,672,682,53
12103984,686,682,53
12103994,687,682,53
12104004,674,682,52
12104014,693,682,53
12104025,676,682,53
12104035,684,682,53
12104045,689,682,52
12104055,671,682,53
12104065,690,682,54
12104075,680,682,53
12104086,682,682,53
12104096,692,682,53
12104106,672,682,53
12104116,689,682,54
12104126,682,682,53
12104137,677,682,52
12104147,690,682,51
12104157,673,682,52
12104167,685,682,52
12104177,688,682,52
12104188,674,682,51
12104198,691,682,51
12104208,675,682,52
12104218,684,682,51
12104228,690,682,51
12104238,672,682,51
12104249,693,682,53
12104259,680,682,53
12104269,681,682,52
12104279,691,682,52
12104289,670,682,53
12104300,689,682,54
12104310,685,682,54
12104320,678,682,52
12104330,693,682,53
12104340,673,682,54
12104351,686,682,54
12104361,686,682,53
12104371,675,682,50
12104381,692,682,51
12104391,676,682,52
12104402,684,683,51
12104412,690,683,51
12104422,671,682,53
12104432,689,682,53
12104442,679,682,53
OSM
12104463,1139,1142,3
12104473,1140,1142,3
12104483,1145,1142,3
12104493,1146,1142,3
12104504,1142,1142,3
12104514,1145,1142,4
12104524,1141,1142,4
12104534,1142,1142,3
12104544,1144,1142,3
12104554,1140,1142,3
12104565,1144,1142,3
12104575,1142,1142,3
12104585,1144,1142,3
12104595,1146,1142,4
12104605,1143,1142,4
12104616,1146,1142,4
12104626,1143,1142,4
12104636,1142,1142,4
12104646,1144,1142,4
12104656,1140,1142,4
12104667,1144,1142,4
12104677,1145,1142,4
12104687,1145,1142,4
12104697,1146,1142,4
12104707,1141,1142,4
12104718,1143,1142,4
12104728,1143,1142,4
12104738,1140,1142,4
12104748,1146,1142,5
12104758,1142,1142,5
12104768,1145,1143,4
12104779,1146,1143,4
12104789,1141,1143,4
12104799,1146,1143,4
12104809,1141,1142,5
12104819,1141,1142,5
12104830,1143,1142,5
12104840,1140,1142,5
12104850,1145,1142,5
12104860,1145,1142,5
12104870,1143,1143,4
12104881,1145,1143,4
12104891,1142,1143,4
12104901,1142,1143,4
12104911,1144,1142,5
12104921,1142,1143,4
12104932,1146,1143,4
12104942,1143,1143,4
12104952,1144,1143,4
12104962,1145,1143,4
12104972,1140,1143,4
12104982,1142,1143,4
12104993,1142,1142,5
12105003,1142,1143,4
12105013,1145,1143,4
12105023,1143,1143,3
12105033,1145,1143,4
12105044,1143,1143,4
12105054,1141,1143,3
12105064,1143,1143,3
SIM
12105084,718,783,3429
12105094,735,784,3416
12105105,710,783,3484
12105115,791,783,3469
12105125,872,782,3396
12105135,849,782,3419
12105145,863,783,3433
12105156,844,783,3441
12105166,844,783,3501
12105176,815,785,3486
12105186,738,784,3517
12105196,730,783,3565
12105207,704,782,3637
12105217,726,782,3633
12105227,805,783,3587
12105237,854,786,3560
12105247,858,788,3578
12105258,867,790,3643
12105268,806,791,3633
12105278,783,790,3582
12105288,716,787,3578
12105298,859,787,3585
12105309,815,786,3455
12105319,777,785,3419
12105329,736,784,3449
12105339,708,783,3543
12105349,834,785,3518
12105360,814,786,3492
12105370,728,787,3352
12105380,726,787,3356
12105390,716,786,3435
12105400,792,785,3408
12105411,746,783,3323
12105421,707,781,3363
12105431,731,779,3355
12105441,754,778,3340
12105451,682,778,3438
12105462,734,778,3427
12105472,763,779,3361
12105482,842,780,3394
12105492,889,782,3585
12105502,796,784,3469
12105513,888,786,3567
12105523,855,789,3575
12105533,854,790,3627
12105543,835,790,3632
12105553,841,793,3549
12105563,811,794,3515
12105574,782,793,3514
12105584,733,791,3511
12105594,738,789,3454
12105604,707,787,3492
12105614,734,784,3437
12105625,714,782,3389
12105635,802,781,3360
12105645,865,782,3459
12105655,841,783,3502
12105665,851,784,3578
12105676,839,785,3597
12105686,780,787,3447
RIM
12105706,687,682,52
12105716,690,682,53
12105727,683,682,52
12105737,677,682,51
12105747,693,682,52
12105757,673,682,53
12105767,686,682,53
12105777,687,682,52
12105788,672,682,52
12105798,691,682,52
12105808,676,682,53
12105818,684,682,53
12105828,692,682,53
12105839,671,682,53
12105849,691,682,54
12105859,679,682,54
12105869,682,682,53
12105879,691,682,52
12105890,672,682,53
12105900,691,682,55
12105910,684,682,54
12105920,677,682,52
12105930,692,682,53
12105940,673,682,54
12105951,687,682,55
12105961,690,682,54
12105971,674,682,53
12105981,691,682,54
