Polling for available serial device...
Opening serial monitor for com port: "/dev/ttyACM0"
Serial monitor opened successfully:
224791,829,823,5
224801,823,823,5
224812,824,823,5
224822,819,823,5
224832,824,823,5
224842,822,823,5
224852,820,823,5
224863,824,823,5
224873,818,823,5
224883,830,823,6
224893,825,823,6
224903,820,823,6
224914,825,823,6
224924,819,823,6
224934,823,823,6
224944,825,823,6
224954,819,823,6
224965,825,823,6
224975,820,823,6
224985,823,823,6
224995,825,823,6
225005,819,823,6
225016,826,823,6
225026,822,823,6
225036,821,823,6
225046,826,823,6
225056,818,823,6
225067,824,823,6
225077,825,823,6
225087,819,823,6
225097,826,823,6
225107,820,823,7
225118,824,823,6
225128,826,823,6
225138,819,823,7
225148,826,823,7
225158,822,823,7
225169,822,823,7
225179,826,823,7
225189,818,823,7
225199,825,823,7
225209,823,823,7
225220,821,823,7
RIM
225240,839,829,6
225250,831,829,6
225260,831,829,6
225270,825,829,6
225281,831,829,6
225291,825,829,6
225301,829,829,6
225311,831,829,6
225321,823,829,6
225332,831,829,6
225342,828,829,6
225352,827,829,6
225362,832,829,6
225372,826,829,7
225383,833,829,7
225393,832,829,7
225403,828,829,7
225413,833,829,7
225423,826,829,7
225434,831,829,7
225444,833,829,7
225454,826,829,7
225464,833,829,7
225474,828,829,7
225485,829,829,7
225495,834,829,7
225505,826,829,7
225515,832,829,7
225525,829,829,7
225536,828,829,7
225546,833,829,7
225556,827,829,7
225566,832,829,7
225576,832,829,7
225587,827,829,7
225597,833,829,7
225607,827,829,7
225617,831,829,7
225627,832,829,7
225638,826,829,7
225648,833,829,8
225658,829,829,7
225668,830,829,7
225678,833,829,7
225689,826,829,7
225699,833,829,7
225709,831,829,7
225719,828,829,7
225729,833,829,7
225740,826,829,8
225750,832,829,8
225760,832,829,8
225770,827,829,8
225780,833,829,8
225791,828,829,8
225801,831,829,8
225811,833,829,8
225821,825,829,8
225831,833,829,8
225842,828,829,8
225852,829,829,8
225862,833,829,8
225872,826,829,8
225882,832,829,8
225893,831,829,8
225903,828,829,8
225913,834,829,8
225923,827,829,8
225933,831,829,8
225944,832,829,8
225954,826,829,8
225964,833,829,8
225974,828,829,8
225984,831,829,8
225995,833,829,9
226005,828,829,8
226015,833,829,8
226025,830,829,8
226035,828,829,8
226046,833,829,9
226056,827,829,9
226066,832,829,9
226076,832,829,8
226086,827,829,8
226097,833,829,9
226107,827,829,9
226117,831,829,9
226127,833,829,9
226137,826,829,9
226148,832,829,9
226158,829,829,9
226168,830,829,9
226178,834,829,9
226188,826,829,9
226199,833,829,9
226209,830,829,9
226219,828,829,9
226229,833,829,9
226239,827,829,9
226250,831,829,9
226260,832,829,9
226270,827,829,9
226280,833,829,9
226290,827,829,9
226301,830,829,9
226311,832,829,9
226321,826,829,9
226331,833,829,9
226341,829,829,9
226352,828,829,9
226362,833,829,9
226372,827,829,9
226382,832,829,9
226392,831,829,9
226403,828,829,8
226413,833,829,9
226423,826,829,9
226433,832,830,8
226443,833,830,8
226454,827,830,8
OSM
226475,342,336,3
226485,344,336,4
226495,339,336,4
226505,335,336,4
226516,338,336,4
226526,338,336,4
226536,335,336,4
226546,339,336,4
226556,337,336,4
226567,338,336,4
226577,338,336,4
226587,335,336,4
226597,338,336,4
226607,335,336,3
226618,336,336,3
226628,338,336,3
226638,335,336,3
226648,338,336,3
226658,336,336,3
226669,336,336,3
226679,338,336,3
226689,335,336,3
226699,338,336,3
226709,338,336,3
226720,335,336,3
226730,339,336,3
226740,335,336,3
226750,338,336,3
226760,339,336,3
226771,334,336,3
226781,337,336,3
226791,335,336,3
226801,336,336,3
226811,337,336,3
226822,333,336,3
226832,338,336,3
226842,335,336,3
226852,335,336,3
226862,337,336,3
226872,334,336,3
226883,338,336,3
226893,336,336,3
226903,334,336,3
226913,338,336,3
226923,334,336,3
226934,338,336,3
226944,337,336,3
226954,333,336,3
226964,338,336,3
226974,335,336,3
226985,336,336,3
226995,337,336,3
227005,333,336,3
227015,338,336,3
227025,336,336,3
227036,337,336,3
227046,337,336,3
227056,333,336,3
227066,337,336,3
227076,337,336,3
227087,336,336,3
227097,337,336,3
227107,334,336,3
227117,336,336,3
227127,338,336,3
227138,335,336,3
227148,337,336,3
227158,334,336,3
227168,336,336,3
227178,338,336,3
227189,336,336,3
227199,336,336,3
227209,336,336,3
227219,335,336,3
227229,338,336,3
227240,336,336,3
227250,337,336,3
227260,337,336,3
227270,334,336,3
227280,338,336,3
227291,337,336,3
227301,336,336,3
227311,337,336,3
227321,333,336,3
227331,337,336,3
227342,337,336,3
227352,335,336,3
227362,337,336,3
227372,334,336,3
227382,337,336,3
227393,339,336,3
227403,334,336,3
227413,337,336,3
227423,335,336,3
227433,336,336,3
227444,339,336,3
227454,333,336,3
227464,336,336,3
227474,335,336,3
227484,336,336,3
227495,340,336,3
227505,333,336,3
227515,337,336,3
227525,337,336,3
227535,335,336,3
227546,339,336,3
227556,334,336,3
227566,336,336,3
227576,337,336,3
227586,334,336,3
227597,339,336,3
227607,334,336,3
227617,336,336,3
227627,338,336,3
227637,333,336,3
227648,339,336,3
227658,334,336,3
227668,336,336,3
227678,337,336,3
227688,334,336,3
SIM
227709,842,823,8
227719,825,823,8
227729,827,823,8
227739,820,823,8
227750,824,823,8
227760,825,823,8
227770,820,823,8
227780,825,823,8
227790,820,823,8
227801,825,823,8
227811,827,823,8
227821,819,823,9
227831,825,823,9
227841,822,823,9
227852,822,823,8
227862,826,823,9
227872,820,823,9
227882,826,823,9
227892,823,823,9
227903,821,823,9
227913,827,823,9
227923,819,823,9
227933,824,823,9
227943,825,823,9
227954,819,823,9
227964,826,823,9
227974,820,823,9
227984,825,823,9
227994,825,823,9
228005,825,823,9
228015,838,823,11
228025,824,823,11
228035,821,823,11
228045,826,823,11
228056,820,823,11
228066,826,823,11
228076,825,823,11
228086,821,823,11
228097,826,823,11
228107,821,823,11
228117,826,823,11
228127,826,823,11
228137,820,823,11
228148,826,823,11
228158,822,823,11
228168,824,823,11
228178,826,823,11
228188,820,823,11
228199,826,823,11
228209,825,823,11
228219,823,823,11
228229,827,823,11
228239,821,823,11
228250,825,823,11
228260,825,823,11
228270,821,823,11
228280,827,823,12
228290,820,823,12
228301,824,823,11
228311,826,823,12
228321,819,823,12
228331,826,823,12
228341,822,823,12
228352,822,823,12
228362,826,823,12
228372,818,823,12
228382,826,823,12
228392,824,823,12
228403,820,823,12
228413,826,823,12
228423,819,823,12
228433,824,823,12
228443,825,823,12
228454,820,823,12
228464,826,823,12
228474,821,823,12
228484,823,823,12
228494,825,823,12
228505,819,823,12
228515,826,823,12
228525,823,823,12
228535,821,823,12
228545,826,823,12
228556,820,823,12
228566,825,823,12
228576,825,823,12
228586,820,823,11
228596,826,823,12
228607,820,823,12
228617,824,823,12
228627,827,823,12
228637,819,823,12
228647,827,823,12
228658,820,823,12
228668,823,823,12
228678,826,823,12
228688,819,823,12
228698,826,823,12
228709,822,823,12
228719,821,823,12
228729,826,823,12
228739,818,823,12
228749,824,823,12
228760,824,823,12
228770,820,823,12
228780,826,823,12
228790,820,823,12
228800,824,823,12
228811,827,823,12
228821,820,823,12
228831,825,823,12
228841,821,823,12
228851,823,823,12
228862,826,823,12
228872,818,823,12
228882,824,823,12
228892,823,823,12
228902,821,823,12
228913,826,823,12
228923,819,823,12
RIM
228943,844,830,9
228953,829,830,9
228964,832,830,9
228974,825,830,9
228984,828,830,9
228994,831,830,8
229004,824,830,9
229015,831,830,9
229025,828,830,8
229035,827,830,8
229045,833,830,8
229055,825,830,9
229065,831,830,9
229076,829,830,8
229086,827,830,8
229096,832,830,8
229106,826,830,9
229116,829,829,9
229127,831,830,8
229137,825,829,9
229147,832,829,9
229157,826,829,9
229167,829,829,9
229178,830,829,9
229188,825,829,9
229198,832,829,9
229208,829,829,9
229218,827,829,9
229229,831,829,9
229239,825,829,9
229249,831,829,9
229259,831,829,9
229269,825,829,9
229280,832,829,9
229290,826,829,9
229300,830,829,9
229310,832,829,9
229320,824,829,9
229331,831,829,9
229341,827,829,9
229351,830,829,9
229361,832,829,9
229371,824,829,9
229382,830,829,9
229392,829,829,9
229402,828,829,9
229412,832,829,9
229422,824,829,9
229433,829,829,9
229443,831,829,9
229453,825,829,9
229463,832,829,9
229473,825,829,9
229484,829,829,9
229494,831,829,9
229504,824,829,9
229514,832,829,9
229524,827,829,9
229535,828,829,9
229545,830,829,9
229555,825,829,9
229565,831,829,9
229575,829,829,9
229586,826,829,9
229596,832,829,9
229606,826,829,9
229616,831,829,9
229626,830,829,9
229637,824,829,9
229647,832,829,9
229657,827,829,9
229667,830,829,9
229677,831,829,9
229688,824,829,9
229698,832,829,9
229708,829,829,9
229718,828,829,9
229728,831,829,9
229739,824,829,9
229749,831,829,9
229759,830,829,9
229769,826,829,9
229779,831,829,9
229790,825,829,9
229800,830,829,9
229810,832,829,9
229820,825,829,9
229830,831,829,9
229841,827,829,9
229851,829,829,9
229861,832,829,9
229871,824,829,9
229881,830,829,9
229892,828,829,9
229902,827,829,9
229912,832,829,9
229922,825,829,9
229932,829,828,10
229943,830,829,9
229953,825,828,10
229963,832,828,10
229973,826,828,10
229983,828,828,10
229994,831,828,10
230004,824,828,10
230014,831,828,10
230024,827,828,10
230034,828,828,10
230045,831,828,10
230055,823,828,10
230065,830,828,10
230075,829,828,10
230085,827,828,10
230096,831,828,10
230106,826,828,10
230116,829,828,9
230126,832,828,10
230136,826,828,9
230147,832,828,9
230157,825,828,9
OSM
230178,344,336,4
230188,337,336,3
230198,338,336,3
230208,337,336,3
230219,339,336,3
230229,339,336,3
230239,335,336,3
230249,338,336,3
230259,338,336,3
230270,334,336,3
230280,339,336,3
230290,335,336,3
230300,337,336,3
230310,340,336,3
230321,335,336,3
230331,338,336,3
230341,336,336,3
230351,336,336,3
230361,338,336,3
230372,334,336,3
230382,338,336,3
230392,337,336,3
230402,335,336,3
230412,339,336,3
230423,336,336,3
230433,337,336,3
230443,339,336,3
230453,335,336,3
230463,339,336,3
230474,336,336,3
230484,337,336,3
230494,337,336,3
230504,332,336,3
230514,337,336,3
230525,336,336,3
230535,336,336,3
230545,336,336,3
230555,334,336,3
230565,337,336,3
230576,338,336,3
230586,339,336,3
230596,339,336,3
230606,334,336,3
230616,337,336,3
230627,338,336,3
230637,334,336,3
230647,338,336,3
230657,335,336,3
230667,336,336,3
230678,339,336,3
230688,334,336,3
230698,338,336,3
230708,337,336,3
230718,337,336,3
230729,339,336,3
230739,335,336,3
230749,338,336,3
230759,339,336,3
230769,336,336,3
230780,339,336,3
230790,335,336,3
230800,337,336,3
230810,339,336,3
230820,335,336,3
230831,338,336,3
230841,336,336,3
230851,336,336,3
230861,339,336,3
230871,335,336,4
230882,337,336,3
230892,337,336,3
230902,336,336,3
230912,340,336,4
230922,335,336,4
230933,338,336,4
230943,338,336,4
230953,335,336,4
230963,339,336,4
230973,336,336,4
230984,337,336,4
230994,338,336,4
231004,334,336,4
231014,338,336,4
231024,337,336,4
231035,335,336,4
231045,339,336,4
231055,336,336,4
231065,337,336,4
231075,338,336,4
231086,336,336,4
231096,338,336,4
231106,335,336,4
231116,337,336,4
231126,339,336,4
231137,335,336,4
231147,338,336,4
231157,336,336,4
231167,337,336,4
231177,339,336,4
231188,334,336,4
231198,338,336,4
231208,337,336,4
231218,336,336,4
231228,339,336,4
231239,334,336,4
231249,338,336,4
231259,338,336,4
231269,336,336,4
231279,340,336,4
231290,335,336,4
231300,338,336,4
231310,339,336,4
231320,335,336,4
231330,338,336,4
231341,336,336,4
231351,336,336,4
231361,339,336,4
231371,335,336,4
231381,338,336,4
231392,338,336,4
SIM
231412,844,823,12
231422,822,823,12
231432,826,823,12
231442,825,823,12
231453,821,823,12
231463,826,823,12
231473,819,823,12
231483,825,823,12
231494,826,823,12
231504,819,823,12
231514,826,823,12
231524,822,823,12
231534,823,823,12
231545,827,823,12
231555,819,823,12
231565,825,823,12
231575,825,823,12
231585,821,823,12
231596,827,823,13
231606,821,823,13
231616,826,823,12
231626,826,823,12
231636,821,823,12
231647,827,823,13
231657,820,823,12
231667,824,823,12
231677,825,823,12
231687,821,823,12
231698,826,823,12
231708,823,823,12
231718,822,823,10
231728,827,823,11
231738,819,823,11
231749,825,823,11
231759,825,823,11
231769,821,823,11
231779,828,823,11
231789,821,823,11
231800,826,823,11
231810,827,823,11
231820,821,823,11
231830,827,823,11
231840,822,823,11
231851,824,823,11
231861,827,823,11
231871,820,823,11
231881,827,823,11
231891,823,823,11
231902,821,823,11
231912,827,823,11
231922,819,823,11
231932,825,823,11
231942,825,823,11
231953,820,823,11
231963,826,823,11
231973,822,823,11
231983,823,823,11
231993,825,823,11
232004,818,823,11
232014,826,823,11
232024,821,823,11
232034,823,823,11
232044,828,823,11
232055,820,823,11
232065,825,823,11
232075,823,823,11
232085,822,823,11
232095,826,823,11
232106,819,823,11
232116,825,823,11
232126,825,823,11
232136,819,823,11
232146,827,823,11
232157,820,823,11
232167,823,823,11
232177,825,823,11
232187,818,823,11
232197,826,823,11
232208,822,823,11
232218,822,823,11
232228,826,823,11
232238,819,823,11
232248,826,823,11
232259,823,823,11
232269,820,823,11
232279,826,823,11
232289,819,823,11
232299,825,823,11
232310,824,823,11
232320,819,823,11
232330,827,823,11
232340,822,823,11
232350,823,823,11
232361,825,823,11
232371,818,823,11
232381,825,823,11
232391,822,823,11
232401,823,823,11
232412,825,823,11
232422,819,823,11
232432,826,823,11
232442,825,823,11
232452,821,823,11
232463,825,823,11
232473,819,823,11
232483,823,823,11
232493,825,823,11
232503,818,823,11
232514,825,823,11
232524,821,823,11
232534,823,823,11
232544,826,823,11
232554,818,823,11
232565,825,823,11
232575,825,823,11
232585,820,823,11
232595,826,823,11
232605,819,823,11
232616,824,823,11
232626,825,823,11
RIM
232646,841,828,9
232656,829,828,9
232666,832,828,9
232677,834,828,9
232687,828,828,9
232697,834,828,9
232707,829,828,9
232717,830,828,9
232728,834,828,9
232738,827,828,9
232748,832,828,9
232758,832,828,9
232768,828,828,9
232779,833,828,9
232789,827,828,9
232799,832,828,9
232809,832,828,10
232819,828,828,10
232830,833,828,10
232840,829,829,9
232850,831,828,10
232860,832,829,9
232870,826,829,9
232881,833,829,9
232891,831,829,9
232901,830,829,9
232911,833,829,9
232921,827,829,9
232932,832,829,9
232942,832,829,9
232952,828,829,9
232962,834,829,9
232972,828,829,9
232983,832,829,9
232993,833,829,9
233003,828,829,9
233013,833,829,9
233023,829,829,9
233034,831,829,9
233044,833,829,9
233054,827,829,9
233064,832,829,9
233074,830,829,9
233085,830,829,9
233095,832,829,9
233105,827,829,9
233115,831,829,9
233125,832,829,8
233136,827,829,8
233146,833,829,9
233156,828,829,8
233166,831,829,8
233176,833,829,8
233187,828,829,8
233197,833,829,9
233207,831,829,8
233217,831,829,8
233227,832,829,8
233238,828,829,8
233248,831,829,8
233258,831,829,8
233268,829,829,8
233278,832,829,8
233289,828,829,8
233299,832,829,8
233309,833,829,8
233319,828,829,8
233329,832,829,8
233340,829,829,8
233350,831,829,8
233360,833,829,8
233370,826,829,8
233380,832,829,8
233391,829,829,8
233401,829,829,8
233411,832,829,8
233421,826,829,8
233431,831,829,8
233442,832,829,8
233452,828,829,8
233462,832,829,8
233472,827,829,8
233482,830,829,8
233493,831,829,8
233503,827,829,8
233513,832,829,8
233523,828,829,8
233533,830,829,8
233544,831,829,8
233554,826,829,8
233564,831,829,8
233574,830,829,8
233584,829,829,8
233595,831,830,7
233605,827,830,7
233615,831,830,7
233625,831,830,6
233635,827,830,6
233646,831,830,6
233656,827,830,6
233666,830,830,6
233676,831,830,6
233686,827,830,6
233697,832,830,6
233707,829,830,6
233717,830,830,6
233727,832,830,6
233737,825,830,6
233748,830,830,6
233758,831,830,6
233768,828,830,6
233778,833,830,6
233788,827,830,6
233799,832,830,6
233809,833,830,6
233819,829,830,6
233829,833,830,6
233839,828,830,6
233850,830,830,6
233860,833,830,6
OSM
233881,347,336,4
233891,337,336,4
233901,336,336,4
233911,339,336,4
233922,336,336,4
233932,340,336,4
233942,338,337,3
233952,336,336,4
233962,339,336,4
233973,338,337,3
233983,337,337,3
233993,338,337,3
234003,336,337,3
234013,338,337,3
234024,338,337,3
234034,337,337,3
234044,338,337,3
234054,336,337,3
234064,338,337,3
234075,339,337,3
234085,336,337,3
234095,338,337,3
234105,336,337,3
234115,338,337,3
234126,343,337,3
234136,336,337,3
234146,339,337,3
234156,337,337,3
234166,337,337,3
234177,343,337,3
234187,335,337,3
234197,338,337,3
234207,337,337,3
234217,336,337,3
234228,343,337,4
234238,335,337,4
234248,338,337,4
234258,338,337,3
234268,335,337,4
234279,343,337,4
234289,336,337,4
234299,337,337,4
234309,338,337,4
234319,335,337,4
234330,336,337,4
234340,335,337,4
234350,336,337,4
234360,337,337,4
234370,333,337,4
234381,336,337,4
234391,335,337,4
234401,335,337,4
234411,337,337,4
234421,335,337,4
234432,337,337,4
234442,338,337,4
234452,336,337,4
234462,338,337,4
234472,336,337,4
234483,336,337,4
234493,338,337,4
234503,335,337,4
234513,338,337,4
234523,336,337,4
234534,338,337,4
234544,338,337,4
234554,335,337,4
234564,338,337,4
234574,336,337,4
234585,337,337,4
234595,338,337,4
234605,336,337,4
234615,337,337,4
234625,338,337,4
234636,343,337,4
234646,339,337,4
234656,336,337,4
234666,340,337,4
234676,338,337,4
234687,335,337,4
234697,338,337,4
234707,336,337,4
234717,336,337,4
234727,339,337,4
234738,335,337,4
234748,337,337,4
234758,337,337,4
234768,336,337,4
234778,339,337,4
234789,336,337,4
234799,337,337,4
234809,338,337,4
234819,335,337,4
234829,338,337,4
234840,343,337,4
234850,337,337,4
234860,338,337,4
234870,338,337,4
234880,338,337,4
234891,336,337,4
234901,337,337,4
234911,339,337,4
234921,335,337,4
234931,338,337,4
234942,338,337,4
234952,337,337,4
234962,338,337,4
234972,336,337,4
234982,337,337,4
234993,337,337,4
235003,334,337,4
235013,337,337,4
235023,335,337,4
235033,336,337,4
235044,336,337,4
235054,334,337,4
235064,336,337,4
235074,336,337,4
235084,336,337,4
235095,338,337,4
SIM
235115,842,823,10
235125,828,823,11
235135,822,823,11
235146,826,823,11
235156,821,823,11
235166,824,823,11
235176,825,823,10
235186,820,823,10
235197,825,823,10
235207,823,823,10
235217,822,823,10
235227,825,823,10
235237,820,823,10
235248,824,823,10
235258,824,823,10
235268,823,823,10
235278,826,823,10
235288,822,823,10
235299,824,823,10
235309,824,823,10
235319,821,823,10
235329,826,823,10
235339,822,823,10
235350,824,823,10
235360,826,823,10
235370,820,823,10
235380,826,823,10
235390,823,823,10
235401,822,823,10
235411,825,823,10
235421,821,823,10
235431,824,823,10
235441,823,823,10
235452,821,823,10
235462,825,823,10
235472,821,823,10
235482,823,823,9
235492,824,823,9
235503,819,823,9
235513,824,823,9
235523,822,823,9
235533,822,823,9
235543,827,823,9
235554,820,823,9
235564,823,823,9
235574,823,823,9
235584,822,823,9
235594,826,823,9
235605,821,823,9
235615,824,823,9
235625,824,823,9
235635,819,823,9
235645,825,823,9
235656,820,823,9
235666,822,823,9
235676,825,823,9
235686,819,823,9
235696,825,823,9
235707,823,823,9
235717,822,823,9
235727,825,823,9
235737,819,823,9
235747,825,823,9
235758,824,823,9
235768,821,823,9
235778,825,823,9
235788,821,823,9
235798,824,823,9
235809,825,823,8
235819,821,823,8
235829,824,823,8
235839,821,823,8
235849,824,823,8
235860,826,823,8
235870,820,823,8
235880,824,823,8
235890,822,823,8
235900,823,823,8
235911,825,823,8
235921,820,823,8
235931,824,823,8
235941,824,823,8
235951,822,823,8
235962,825,823,8
235972,820,823,8
235982,824,823,8
235992,825,823,8
236002,820,823,8
236013,825,823,8
236023,821,823,8
236033,822,823,8
236043,824,823,8
236053,819,823,8
236064,825,823,8
236074,821,823,7
236084,822,823,7
236094,826,823,8
236104,821,823,8
236115,823,823,8
236125,824,823,7
236135,822,823,7
236145,825,823,7
236155,821,823,7
236166,824,823,7
236176,825,823,7
236186,820,823,7
236196,825,823,7
236206,821,823,7
236217,823,823,7
236227,825,823,7
236237,819,823,7
236247,824,823,7
236257,823,823,7
236268,821,823,7
236278,825,823,7
236288,820,823,7
236298,823,823,7
236308,825,823,7
236319,819,823,7
236329,824,823,7
RIM
236349,839,830,5
236359,831,830,5
236370,826,830,5
236380,829,830,5
236390,826,830,5
236400,828,830,5
236410,830,830,5
236421,826,830,5
236431,829,830,5
236441,829,830,5
236451,828,830,5
236461,831,830,5
236472,826,830,5
236482,830,830,5
236492,831,830,5
236502,826,830,5
236512,830,830,5
236523,826,830,5
236533,829,829,6
236543,831,829,6
236553,825,829,6
236563,831,829,6
236574,827,829,6
236584,828,829,6
236594,830,829,6
236604,826,829,6
236614,830,829,6
236625,829,829,6
236635,827,829,6
236645,830,829,6
236655,826,829,6
236665,830,829,6
236676,831,829,6
236686,826,829,6
236696,831,829,6
236706,827,829,6
236716,828,829,5
236727,830,829,5
236737,825,829,6
236747,830,829,5
236757,828,829,5
236767,828,829,5
236778,830,829,5
236788,826,829,5
236798,830,829,5
236808,830,829,5
236818,826,829,5
236829,829,829,5
236839,826,829,5
236849,829,829,5
236859,831,829,5
236869,825,829,5
236880,829,829,5
236890,826,829,5
236900,827,829,5
236910,830,829,5
236920,824,829,5
236931,829,829,5
236941,829,829,5
236951,827,829,5
236961,831,829,5
236971,826,829,5
236982,830,829,5
236992,831,829,5
237002,825,829,5
237012,830,829,5
237022,826,829,5
237033,829,829,5
237043,831,829,5
237053,826,829,5
237063,830,828,6
237073,829,829,5
237084,828,828,6
237094,832,829,5
237104,825,828,6
237114,829,828,6
237124,829,828,6
237135,827,828,6
237145,832,828,6
237155,826,828,6
237165,829,828,6
237175,830,828,6
237186,826,828,6
237196,830,828,6
237206,827,828,6
237216,829,828,6
237226,831,828,6
237237,826,828,6
237247,831,828,6
237257,830,828,6
237267,827,828,6
237277,831,828,6
237288,827,828,6
237298,829,828,6
237308,830,828,6
237318,827,828,6
237328,831,828,6
237339,828,828,6
237349,829,828,6
237359,831,828,6
237369,825,828,6
237379,830,828,6
237390,827,828,6
237400,828,828,6
237410,831,828,6
237420,826,828,6
237430,830,828,5
237441,830,828,5
237451,826,828,5
237461,831,828,5
237471,826,828,5
237481,829,828,5
237492,831,828,5
237502,826,828,5
237512,831,828,5
237522,827,828,5
237532,829,828,5
237543,831,828,5
237553,824,828,5
237563,831,828,5
OSM
237584,341,337,3
237594,342,337,3
237604,335,337,3
237614,338,337,3
237625,338,337,3
237635,336,337,3
237645,338,337,3
237655,335,337,3
237665,337,337,3
237676,341,337,3
237686,335,337,3
237696,338,337,3
237706,335,337,3
237716,336,337,3
237727,340,337,4
237737,335,337,4
237747,337,337,4
237757,337,337,4
237767,336,337,4
237778,340,337,4
237788,335,337,4
237798,337,337,4
237808,338,337,4
237818,336,337,4
237829,339,337,3
237839,335,337,3
237849,337,337,3
237859,338,337,3
237869,335,337,3
237880,340,337,3
237890,337,337,3
237900,337,337,3
237910,338,337,3
237920,335,337,3
237931,337,337,3
237941,337,337,3
237951,335,337,3
237961,339,337,3
237971,336,337,3
237982,336,336,3
237992,338,336,4
238002,335,336,4
238012,338,336,4
238022,336,336,4
238033,337,336,4
238043,338,337,3
238053,335,336,4
238063,338,337,3
238073,337,337,2
238084,336,337,2
238094,338,337,2
238104,335,337,2
238114,337,337,2
238124,338,337,2
238135,335,337,2
238145,338,337,2
238155,335,337,2
238165,337,337,2
238175,338,337,2
238186,335,337,2
238196,338,337,2
238206,336,337,2
238216,336,337,2
238226,339,337,2
238237,335,337,2
238247,338,337,2
238257,337,337,2
238267,336,337,2
238277,338,337,2
238288,336,337,2
238298,337,337,2
238308,337,337,2
238318,333,337,3
238328,335,337,3
238339,334,336,3
238349,336,336,3
238359,336,336,3
238369,333,336,3
238379,336,336,3
238389,336,336,3
238400,336,336,3
238410,337,336,3
238420,334,336,3
238430,336,336,3
238440,336,336,3
238451,339,336,3
238461,337,336,3
238471,334,336,3
238481,337,336,3
238491,337,336,3
238502,339,336,3
238512,337,336,3
238522,334,336,3
238532,336,336,3
238542,336,336,3
238553,339,336,3
238563,336,336,3
238573,336,336,3
238583,335,336,3
238593,337,336,3
238604,340,336,3
238614,336,336,3
238624,337,336,3
238634,335,336,3
238644,337,336,3
238655,340,336,3
238665,336,336,3
238675,337,336,3
238685,334,336,3
238695,336,336,3
238706,335,336,3
238716,339,336,3
238726,337,336,3
238736,334,336,3
238746,338,336,3
238757,336,336,3
238767,335,336,3
238777,337,336,3
238787,334,336,3
238797,336,336,3
SIM
238818,839,823,6
238828,828,823,6
238838,822,823,6
238848,825,823,6
238859,825,823,6
238869,820,823,6
238879,825,823,6
238889,822,823,6
238899,824,823,6
238910,826,823,6
238920,821,823,6
238930,825,823,6
238940,825,823,6
238950,822,823,6
238961,827,823,6
238971,821,823,6
238981,825,823,6
238991,825,823,6
239001,822,823,6
239012,826,823,6
239022,822,823,6
239032,824,823,6
239042,825,823,6
239052,821,823,6
239063,825,823,6
239073,823,823,6
239083,823,823,6
239093,826,823,6
239103,820,823,6
239114,824,823,6
239124,825,823,6
239134,822,823,6
239144,826,823,6
239154,820,823,6
239165,823,823,6
239175,826,823,6
239185,821,823,6
239195,825,823,6
239205,821,823,6
239216,823,823,6
239226,826,823,6
239236,819,823,6
239246,825,823,6
239256,822,823,6
239267,824,823,6
239277,826,823,6
239287,819,823,6
239297,824,823,6
239307,824,823,6
239318,821,823,6
239328,825,823,6
239338,819,823,6
239348,823,823,6
239358,823,823,6
239369,818,823,6
239379,823,823,6
239389,820,823,6
239399,822,823,6
239409,824,823,6
239420,819,823,6
239430,823,823,6
239440,821,823,6
239450,821,823,6
239460,824,823,6
239471,819,823,6
239481,822,823,6
239491,823,823,6
239501,820,823,6
239511,824,823,6
239522,819,823,6
239532,822,823,6
239542,824,823,6
239552,819,822,8
239562,824,822,7
239573,822,822,7
239583,821,822,7
239593,826,822,8
239603,820,822,8
239613,824,822,7
239624,824,822,7
239634,821,822,7
239644,826,822,8
239654,821,822,8
239664,825,822,8
239675,827,823,7
239685,822,823,7
239695,826,823,7
239705,822,823,7
239715,824,823,7
239726,827,823,7
239736,821,823,7
239746,825,823,7
239756,824,823,7
239766,823,823,7
239777,827,823,7
239787,821,823,7
239797,824,823,7
239807,825,823,7
239817,821,823,7
239828,825,823,7
239838,822,823,7
239848,824,823,7
239858,826,823,7
239868,821,823,7
239879,825,823,7
239889,823,823,7
239899,823,823,7
239909,826,823,7
239919,820,823,7
239930,824,823,7
239940,824,823,7
239950,823,823,7
239960,825,823,7
239970,821,823,7
239981,825,823,7
239991,825,823,7
240001,821,823,7
240011,826,823,7
240021,821,823,7
240032,823,823,7
RIM
240052,854,828,10
240062,835,828,10
240072,829,828,10
240083,829,828,10
240093,831,828,10
240103,826,828,10
240113,830,828,10
240123,830,828,10
240134,828,828,10
240144,831,828,10
240154,827,828,10
240164,830,828,10
240174,831,828,10
240184,827,828,10
240195,831,828,10
240205,829,828,10
240215,830,828,10
240225,831,828,10
240235,827,828,10
240246,831,828,10
240256,830,828,10
240266,829,828,10
240276,832,828,10
240286,827,828,10
240297,832,828,10
240307,832,828,10
240317,828,828,10
240327,832,828,10
240337,830,829,9
240348,831,829,9
240358,833,829,9
240368,830,829,9
240378,833,829,10
240388,828,829,9
240399,830,829,9
240409,832,829,9
240419,827,829,9
240429,831,829,10
240439,829,829,9
240450,828,829,9
240460,831,829,9
240470,826,829,9
240480,830,829,9
240490,831,829,9
240501,826,829,9
240511,830,829,9
240521,826,829,9
240531,829,829,9
240541,831,829,9
240552,825,829,10
240562,830,829,10
240572,828,829,9
240582,828,829,9
240592,831,829,9
240603,825,829,9
240613,831,829,10
240623,827,829,9
240633,827,829,9
240643,831,829,9
240654,825,829,10
240664,829,829,9
240674,829,829,9
240684,826,829,9
240694,830,829,9
240705,826,829,9
240715,828,829,9
240725,830,829,9
240735,825,829,9
240745,830,829,9
240756,827,829,9
240766,827,829,9
240776,831,829,9
240786,826,829,10
240796,829,829,9
240807,829,829,9
240817,825,829,9
240827,830,829,9
240837,826,829,9
240847,829,829,9
240858,829,829,9
240868,824,829,10
240878,830,829,10
240888,826,829,10
240898,828,829,10
240909,830,829,10
240919,823,829,10
240929,829,829,10
240939,828,829,10
240949,826,829,10
240960,832,829,10
240970,828,829,10
240980,831,829,10
240990,831,829,10
241001,828,829,10
241011,833,829,10
241021,827,829,10
241031,830,829,10
241041,833,829,10
241052,826,829,10
241062,831,829,10
241072,828,829,10
241082,829,829,10
241092,832,829,10
241103,826,829,10
241113,831,829,10
241123,830,829,10
241133,827,829,10
241143,831,829,10
241154,828,829,10
241164,830,829,10
241174,831,829,10
241184,826,829,10
241194,831,829,10
241205,827,829,10
241215,830,829,10
241225,832,829,10
241235,826,829,10
241245,831,829,10
241256,829,829,10
241266,828,829,10
OSM
241287,342,336,3
241297,338,336,3
241307,338,336,3
241318,336,336,3
241328,338,336,3
241338,336,336,3
241348,337,336,3
241358,338,336,3
241369,335,336,3
241379,337,336,2
241389,337,336,2
241399,335,336,2
241409,339,336,2
241420,335,336,3
241430,338,336,2
241440,337,336,2
241450,336,336,2
241460,338,336,2
241471,336,336,2
241481,338,336,2
241491,338,336,2
241501,335,336,2
241511,338,336,2
241522,337,336,2
241532,337,336,2
241542,338,336,2
241552,335,336,2
241562,338,336,2
241573,337,336,2
241583,336,336,2
241593,338,336,2
241603,336,336,2
241613,337,336,2
241624,339,336,2
241634,335,336,2
241644,338,336,2
241654,335,336,2
241664,337,336,2
241675,339,336,2
241685,334,336,2
241695,338,336,2
241705,335,336,2
241715,337,336,2
241726,338,336,2
241736,335,336,2
241746,337,336,2
241756,338,336,2
241766,336,336,2
241777,339,336,2
241787,336,336,2
241797,337,336,2
241807,339,336,2
241817,336,336,2
241828,338,336,2
241838,335,336,2
241848,338,336,2
241858,339,336,2
241868,335,336,2
241879,338,336,2
241889,337,336,2
241899,336,336,2
241909,338,336,2
241919,335,336,2
241930,338,336,2
241940,337,336,2
241950,335,336,2
241960,338,336,2
241970,336,336,2
241981,337,336,2
241991,338,336,2
242001,335,336,2
242011,338,336,2
242021,336,336,2
242032,336,336,2
242042,338,336,2
242052,334,336,2
242062,338,336,2
242072,337,336,2
242083,337,336,2
242093,338,336,2
242103,336,336,2
242113,337,336,2
242123,338,336,2
242134,335,336,2
242144,339,336,2
242154,336,336,2
242164,338,336,2
242174,338,336,2
242185,335,336,2
242195,337,336,2
242205,336,336,2
242215,338,336,2
242225,338,336,2
242236,335,336,2
242246,337,336,2
242256,338,336,2
242266,336,336,2
242276,339,336,2
242287,335,336,2
242297,338,336,2
242307,339,336,2
242317,336,336,2
242327,339,336,2
242338,336,336,2
242348,337,336,2
242358,338,336,2
242368,335,336,2
242378,338,336,2
242389,336,336,2
242399,337,336,2
242409,338,336,2
242419,335,336,2
242429,338,336,2
242440,338,336,2
242450,335,336,2
242460,338,336,2
242470,335,336,2
242480,338,336,2
242491,339,336,2
242501,335,336,2
SIM
242521,838,823,6
242531,826,823,6
242541,824,823,6
242552,819,823,6
242562,825,823,6
242572,822,823,6
242582,822,823,6
242592,824,823,6
242603,819,823,6
242613,824,823,6
242623,824,823,6
242633,821,823,6
242643,826,823,6
242654,819,823,6
242664,825,823,6
242674,824,823,6
242684,821,823,6
242694,825,823,6
242705,821,823,6
242715,824,823,6
242725,825,823,6
242735,818,823,6
242745,824,823,6
242756,823,823,6
242766,821,823,6
242776,825,823,6
242786,820,823,7
242796,823,823,6
242807,823,823,6
242817,821,823,6
242827,825,823,6
242837,819,822,7
242847,823,822,7
242858,825,823,6
242868,820,822,7
242878,825,822,7
242888,820,822,7
242898,821,822,7
242909,823,822,7
242919,817,822,8
242929,821,822,7
242939,820,822,7
242949,820,822,7
242960,823,822,7
242970,818,822,7
242980,823,822,7
242990,823,822,7
243000,819,822,7
243011,823,822,7
243021,820,822,7
243031,823,822,7
243041,825,822,7
243051,818,822,7
243062,823,822,7
243072,821,822,7
243082,821,822,7
243092,824,822,7
243102,819,822,7
243113,824,822,7
243123,823,822,7
243133,820,822,7
243143,825,822,7
243153,819,822,7
243164,822,822,7
243174,825,822,7
243184,819,822,7
243194,824,822,7
243204,820,822,7
243215,823,822,7
243225,823,822,7
243235,818,822,7
243245,824,822,7
243255,822,822,7
243266,821,822,7
243276,825,822,7
243286,819,822,8
243296,824,822,7
243306,824,822,7
243317,820,822,7
243327,823,822,7
243337,819,822,7
243347,824,822,7
243357,825,822,7
243368,819,822,7
243378,824,822,7
243388,821,822,7
243398,823,822,7
243408,824,822,7
243419,819,822,7
243429,825,822,7
243439,823,822,7
243449,822,822,7
243459,825,822,7
243470,819,822,7
243480,824,822,7
243490,824,822,7
243500,821,822,7
243510,825,822,7
243521,820,822,7
243531,822,822,7
243541,824,822,7
243551,820,822,7
243561,825,822,7
243572,821,822,7
243582,823,822,7
243592,824,822,7
243602,819,822,7
243612,825,822,7
243623,823,822,7
243633,821,822,7
243643,825,822,7
243653,820,822,7
243663,825,822,7
243674,824,822,7
243684,820,822,7
243694,825,822,7
243704,821,822,7
243714,823,822,7
243725,824,822,7
243735,820,822,7
RIM
243755,842,829,6
243765,832,829,6
243776,834,829,6
243786,825,829,6
243796,830,829,6
243806,830,829,6
243816,827,829,6
243827,831,829,6
243837,825,829,6
243847,829,829,6
243857,831,829,6
243867,825,829,6
243878,831,829,6
243888,827,829,6
243898,828,829,6
243908,832,829,6
243918,825,829,6
243929,830,829,6
243939,827,829,6
243949,826,828,7
243959,830,828,7
243969,825,828,8
243980,830,828,7
243990,829,828,7
244000,825,828,7
244010,830,828,7
244020,826,828,7
244031,829,828,7
244041,829,828,7
244051,825,828,7
244061,830,828,7
244071,828,828,7
244082,828,828,7
244092,830,828,7
244102,825,828,7
244112,830,828,7
244122,829,828,7
244133,827,828,7
244143,830,828,7
244153,825,828,7
244163,829,828,7
244173,831,828,7
244184,825,828,7
244194,830,828,7
244204,825,828,7
244214,829,828,7
244224,831,828,7
244235,825,828,7
244245,829,828,7
244255,828,828,7
244265,828,828,7
244275,830,828,7
244286,826,828,7
244296,829,828,7
244306,829,828,7
244316,827,828,7
244326,830,828,7
244337,826,828,7
244347,828,828,7
244357,830,828,6
244367,826,828,6
244377,830,828,7
244388,827,828,6
244398,827,828,6
244408,831,828,7
244418,826,828,7
244428,830,828,7
244439,828,828,6
244449,826,828,6
244459,830,828,6
244469,825,828,7
244479,829,828,6
244490,830,828,6
244500,824,828,7
244510,830,828,7
244520,826,828,7
244530,830,828,7
244541,830,828,7
244551,824,828,7
244561,830,828,7
244571,826,828,7
244581,828,828,7
244592,831,828,7
244602,825,828,7
244612,829,828,7
244622,829,828,7
244632,827,828,7
244643,830,828,7
244653,825,828,7
244663,830,828,6
244673,830,828,7
244683,825,828,7
244694,830,828,6
244704,825,828,7
244714,829,828,6
244724,830,828,6
244734,825,828,6
244745,830,828,6
244755,827,828,6
244765,828,828,6
244775,830,828,6
244785,825,828,6
244796,830,828,6
244806,829,828,6
244816,826,828,6
244826,830,828,6
244836,825,828,6
244847,829,828,6
244857,830,828,6
244867,824,828,6
244877,830,828,6
244887,827,828,6
244898,829,828,6
244908,829,828,6
244918,825,828,6
244928,829,828,6
244938,829,828,6
244949,828,828,6
244959,832,828,6
244969,828,828,6
OSM
244990,344,336,3
245000,339,336,3
245010,338,336,3
245020,336,336,3
245031,337,336,3
245041,338,337,2
245051,334,336,3
245061,337,336,3
245071,336,336,3
245082,336,336,3
245092,338,336,3
245102,335,336,3
245112,338,336,3
245122,338,336,3
245133,336,336,3
245143,338,336,3
245153,336,336,3
245163,337,336,3
245173,338,336,3
245184,335,336,3
245194,336,336,3
245204,334,336,3
245214,335,336,3
245224,337,336,3
245235,334,336,3
245245,337,336,3
245255,335,336,3
245265,336,336,3
245275,338,336,3
245286,334,336,3
245296,339,336,3
245306,339,336,3
245316,335,336,3
245326,338,336,3
245337,335,336,3
245347,337,336,3
245357,339,336,3
245367,334,336,3
245377,337,336,3
245388,335,336,3
245398,336,336,3
245408,336,336,3
245418,334,336,3
245428,337,336,3
245439,335,336,3
245449,335,336,3
245459,337,336,3
245469,335,336,3
245479,336,336,3
245490,337,336,3
245500,335,336,3
245510,337,336,3
245520,335,336,3
245530,336,336,3
245541,337,336,3
245551,334,336,3
245561,336,336,2
245571,335,336,2
245581,336,336,2
245592,338,336,2
245602,334,336,2
245612,337,336,2
245622,336,336,2
245632,335,336,2
245643,338,336,2
245653,334,336,2
245663,337,336,2
245673,337,336,2
245683,333,336,3
245694,337,336,2
245704,335,336,2
245714,335,336,2
245724,337,336,2
245734,335,336,2
245745,337,336,2
245755,336,336,2
245765,340,336,3
245775,337,336,3
245785,336,336,3
245796,342,336,3
245806,341,336,3
245816,335,336,3
245826,338,336,3
245836,342,336,3
245847,336,336,3
245857,340,336,3
245867,335,336,3
245877,339,336,3
245887,336,336,3
245898,337,336,3
245908,341,336,4
245918,335,336,4
245928,338,336,4
245938,342,336,4
245949,336,336,4
245959,342,336,4
245969,335,336,4
245979,338,336,4
245989,341,336,4
246000,335,336,4
246010,344,336,5
246020,336,336,5
246030,336,336,5
246040,342,336,5
246051,334,336,5
246061,343,336,5
246071,337,336,5
246081,336,336,5
246091,342,336,6
246102,334,336,6
246112,344,336,6
246122,337,336,6
246132,335,336,6
246142,341,336,6
246153,335,336,6
246163,337,336,6
246173,338,336,6
246183,336,336,6
246193,338,336,6
246204,335,336,6
SIM
246224,841,822,8
246234,822,822,8
246244,826,822,8
246254,824,822,8
246265,822,822,7
246275,826,822,8
246285,821,822,8
246295,826,822,8
246305,823,822,8
246316,821,822,8
246326,825,822,8
246336,821,822,8
246346,824,822,8
246356,825,822,8
246367,819,822,8
246377,825,822,8
246387,820,822,8
246397,822,822,8
246407,825,822,8
246418,819,822,8
246428,824,822,8
246438,822,822,8
246448,821,822,7
246458,824,822,8
246469,820,822,8
246479,823,822,7
246489,823,822,7
246499,821,822,7
246509,825,822,8
246520,820,822,8
246530,823,822,7
246540,825,822,7
246550,819,822,8
246560,825,822,8
246571,823,822,8
246581,822,822,7
246591,825,822,7
246601,820,822,7
246611,825,822,8
246622,824,822,7
246632,820,822,7
246642,825,822,7
246652,820,822,7
246662,824,822,7
246673,827,822,8
246683,820,822,8
246693,824,822,8
246703,820,822,8
246713,822,822,8
246724,826,822,8
246734,818,822,8
246744,824,822,8
246754,822,822,8
246764,822,822,8
246775,825,822,8
246785,819,822,8
246795,825,822,8
246805,823,822,8
246815,822,822,8
246826,825,822,8
246836,820,822,8
246846,823,822,8
246856,825,822,8
246866,819,822,8
246877,825,822,8
246887,820,822,8
246897,823,822,8
246907,825,822,8
246917,819,822,8
246928,825,822,8
246938,821,822,8
246948,821,822,8
246958,825,822,8
246968,819,822,8
246979,825,822,8
246989,823,822,8
246999,820,822,8
247009,825,822,8
247019,820,822,8
247030,824,822,8
247040,824,822,8
247050,821,822,8
247060,825,822,8
247070,822,822,8
247081,823,822,8
247091,823,822,8
247101,819,822,8
247111,824,822,8
247121,822,822,8
247132,821,822,8
247142,824,822,8
247152,821,822,8
247162,824,822,8
247172,824,822,8
247183,820,822,8
247193,826,822,8
247203,820,822,8
247213,823,822,8
247223,826,822,8
247234,820,822,8
247244,825,822,8
247254,822,822,8
247264,822,822,8
247274,824,822,8
247285,820,822,8
247295,824,822,8
247305,823,822,8
247315,821,822,8
247325,824,822,8
247336,821,822,8
247346,823,822,8
247356,824,822,8
247366,820,822,8
247376,824,822,8
247387,821,822,7
247397,822,822,7
247407,824,822,7
247417,820,822,7
247427,825,822,8
247438,824,822,8
RIM
247458,836,828,5
247468,825,828,5
247478,829,828,5
247489,829,828,5
247499,825,828,5
247509,829,828,5
247519,825,828,5
247529,828,828,5
247540,830,828,4
247550,824,828,5
247560,828,828,5
247570,825,828,5
247580,828,828,4
247591,830,828,4
247601,823,828,5
247611,829,827,6
247621,828,828,4
247631,828,827,5
247642,830,828,4
247652,824,828,5
247662,829,827,6
247672,827,828,4
247682,825,827,5
247693,830,827,5
247703,827,827,5
247713,830,827,5
247723,832,828,5
247733,826,828,5
247744,831,828,5
247754,829,828,5
247764,829,828,5
247774,832,828,5
247784,826,828,5
247795,831,828,5
247805,830,828,5
247815,828,828,5
247825,832,828,5
247835,827,828,5
247846,830,828,5
247856,831,828,5
247866,827,828,5
247876,831,828,5
247886,828,828,5
247897,829,828,5
247907,831,828,5
247917,827,828,5
247927,830,828,5
247937,829,828,5
247948,830,828,5
247958,831,828,5
247968,826,828,5
247978,831,828,5
247988,831,828,5
247999,827,828,5
248009,832,828,5
248019,828,828,5
248029,831,828,5
248039,831,828,5
248050,827,828,5
248060,832,828,5
248070,828,828,5
248080,830,828,5
248090,831,828,5
248101,827,828,5
248111,831,828,5
248121,829,828,5
248131,829,828,5
248141,831,828,5
248152,827,828,5
248162,830,828,5
248172,830,828,5
248182,826,828,5
248192,830,828,5
248203,826,828,5
248213,829,828,5
248223,833,828,5
248233,827,828,5
248243,831,828,5
248254,829,828,5
248264,829,828,5
248274,832,828,5
248284,827,828,5
248294,831,828,5
248305,829,828,5
248315,828,828,5
248325,834,828,5
248335,829,828,5
248345,832,828,6
248356,833,828,6
248366,827,828,6
248376,833,828,6
248386,829,828,6
248396,832,828,6
248407,833,828,6
248417,827,828,6
248427,832,828,6
248437,831,828,6
248447,830,828,6
248458,833,829,5
248468,825,828,6
248478,830,828,6
248488,829,829,5
248498,826,828,6
248509,830,828,6
248519,826,828,6
248529,831,829,5
248539,831,829,5
248549,827,829,5
248560,830,829,5
248570,827,829,5
248580,829,829,5
248590,831,829,5
248600,826,829,5
248611,830,829,5
248621,829,829,5
248631,828,829,5
248641,831,829,5
248651,826,829,5
248662,828,829,5
248672,830,829,5
OSM
248693,341,336,6
248703,337,336,6
248713,335,336,6
248723,337,336,6
248734,334,336,6
248744,339,336,6
248754,335,336,6
248764,336,336,6
248774,337,336,6
248785,334,336,6
248795,338,336,6
248805,336,336,6
248815,334,336,6
248825,336,336,6
248836,334,336,6
248846,337,336,6
248856,337,336,6
248866,333,336,6
248876,336,336,6
248887,334,336,6
248897,336,336,6
248907,337,336,6
248917,333,336,6
248927,337,336,6
248938,335,336,6
248948,335,336,6
248958,337,336,6
248968,334,336,6
248978,337,336,6
248989,337,336,6
248999,335,336,6
249009,338,336,6
249019,335,336,6
249029,336,336,6
249040,336,336,6
249050,335,336,6
249060,337,336,6
249070,336,336,6
249080,335,336,6
249091,337,336,6
249101,334,336,6
249111,336,336,6
249121,336,336,6
249131,335,336,6
249142,337,336,6
249152,335,336,6
249162,336,336,6
249172,338,336,6
249182,335,336,6
249193,338,336,6
249203,335,336,6
249213,337,336,6
249223,338,336,6
249233,334,336,6
249244,338,336,6
249254,341,336,6
249264,336,336,6
249274,338,336,6
249284,335,336,6
249294,337,336,6
249305,338,336,6
249315,336,336,6
249325,338,336,6
249335,336,336,6
249345,337,336,6
249356,345,336,7
249366,335,336,7
249376,338,336,7
249386,336,336,7
249396,337,336,7
249407,338,336,7
249417,337,337,6
249427,337,337,6
249437,337,337,6
249447,337,337,6
249458,338,337,6
249468,335,336,6
249478,337,336,6
249488,338,337,5
249498,335,336,6
249509,346,336,7
249519,335,336,7
249529,337,336,7
249539,338,336,7
249549,335,336,7
249560,339,336,6
249570,337,336,6
249580,336,336,6
249590,338,336,6
249600,335,336,6
249611,345,336,7
249621,337,336,7
249631,336,336,7
249641,338,336,7
249651,334,336,7
249662,344,336,7
249672,338,336,7
249682,335,336,7
249692,338,336,7
249702,335,336,7
249713,344,336,7
249723,339,336,7
249733,334,336,7
249743,339,336,7
249753,336,336,7
249764,343,336,7
249774,339,336,7
249784,335,336,7
249794,337,336,6
249804,337,336,6
249815,342,336,6
249825,338,336,6
249835,334,336,6
249845,337,336,6
249855,338,336,6
249866,342,336,6
249876,339,336,6
249886,336,336,6
249896,337,336,6
249906,337,336,6
SIM
249927,840,822,7
249937,824,822,7
249947,822,822,7
249957,825,822,7
249968,819,822,7
249978,824,822,7
249988,823,822,7
249998,821,822,7
250008,824,822,7
250019,819,822,7
250029,824,822,7
250039,826,822,7
250049,820,822,7
250059,826,822,7
250070,822,822,7
250080,823,822,7
250090,825,822,7
250100,820,822,7
250110,824,822,7
250121,824,822,7
250131,821,822,7
250141,825,822,7
250151,819,822,7
250161,823,822,7
250172,824,822,7
250182,821,822,7
250192,826,822,7
250202,821,822,7
250213,824,822,7
250223,825,822,7
250233,819,822,7
250243,825,822,7
250253,821,822,7
250264,822,822,7
250274,825,822,7
250284,820,822,7
250294,825,822,7
250304,824,822,7
250315,822,822,7
250325,827,822,7
250335,820,822,7
250345,824,822,7
250355,826,822,7
250366,821,822,7
250376,826,822,7
250386,820,822,7
250396,824,822,7
250406,826,822,7
250417,821,822,7
250427,826,822,7
250437,822,822,7
250447,822,822,7
250457,825,822,7
250468,820,822,7
250478,825,822,7
250488,823,822,7
250498,821,822,7
250508,825,822,7
250519,821,822,7
250529,824,822,7
250539,825,822,7
250549,820,822,7
250559,824,822,7
250570,821,822,7
250580,823,822,7
250590,825,822,7
250600,820,822,7
