Polling for available serial device...
Opening serial monitor for com port: "/dev/ttyACM0"
Serial monitor opened successfully:
1545541,793,792,9
1545552,791,792,9
1545562,792,792,9
1545572,795,792,9
1545582,790,792,9
1545592,795,792,9
1545603,794,792,9
1545613,792,792,9
1545623,795,793,8
1545633,790,793,8
1545643,793,793,8
1545654,796,793,8
1545664,790,793,8
1545674,796,793,8
1545684,791,793,8
1545694,794,793,8
1545705,796,793,8
1545715,790,793,8
1545725,796,793,8
1545735,794,793,8
1545745,793,793,8
1545756,797,793,8
1545766,791,793,8
1545776,796,793,8
1545786,795,793,8
1545796,791,793,8
1545807,798,793,9
1545817,790,793,9
1545827,795,793,9
1545837,796,793,9
1545848,790,793,9
1545858,797,793,9
1545868,792,793,9
1545878,792,793,9
1545888,796,793,9
1545899,790,793,9
1545909,794,793,9
1545919,793,793,9
1545929,793,793,9
1545939,796,793,9
1545950,789,793,9
1545960,795,793,9
1545970,796,793,9
1545980,790,793,9
1545990,797,793,9
1546001,790,793,9
1546011,795,793,9
1546021,796,793,9
1546031,789,793,9
1546041,795,793,9
1546052,793,793,9
1546062,792,793,9
1546072,796,793,9
1546082,788,793,9
1546092,793,793,9
1546103,794,793,9
1546113,790,793,9
1546123,795,793,9
1546133,789,793,9
1546143,793,793,9
1546154,800,793,9
1546164,803,793,10
1546174,797,793,10
1546184,792,793,10
1546194,793,793,10
1546205,796,793,10
1546215,790,793,10
1546225,796,793,10
1546235,794,793,10
1546245,792,793,10
1546256,797,793,10
1546266,790,793,10
RIM
1546286,757,746,7
1546296,745,746,7
1546307,747,746,7
1546317,743,746,7
1546327,746,746,7
1546337,748,746,7
1546347,740,746,7
1546358,746,746,7
1546368,744,746,7
1546378,745,745,8
1546388,748,745,8
1546398,741,745,8
1546409,746,745,8
1546419,746,745,8
1546429,743,745,8
1546439,748,745,7
1546449,743,745,7
1546460,746,745,7
1546470,747,745,7
1546480,742,745,7
1546490,748,745,7
1546500,744,745,7
1546511,745,745,7
1546521,748,745,7
1546531,742,745,7
1546541,746,745,7
1546551,745,745,7
1546562,744,745,7
1546572,747,745,7
1546582,741,745,7
1546592,745,745,7
1546602,745,745,7
1546613,742,745,7
1546623,747,745,7
1546633,741,745,7
1546643,745,745,7
1546653,747,745,7
1546664,741,745,7
1546674,747,745,7
1546684,743,745,7
1546694,744,745,7
1546704,747,745,7
1546715,742,745,7
1546725,745,745,7
1546735,745,745,7
1546745,743,745,7
1546755,746,745,7
1546766,742,745,7
1546776,747,745,7
1546786,746,745,7
1546796,742,745,7
1546806,746,745,7
1546817,742,745,7
1546827,745,745,7
1546837,746,745,7
1546847,741,745,7
1546857,745,745,7
1546868,744,745,7
1546878,744,745,7
1546888,747,745,7
1546898,741,745,7
1546908,745,745,7
1546919,745,745,7
1546929,743,745,7
1546939,746,745,7
1546949,742,745,7
1546959,745,745,7
1546970,747,745,7
1546980,742,745,7
1546990,747,745,7
1547000,742,745,7
1547010,744,745,7
1547021,747,745,7
1547031,741,745,7
1547041,746,745,7
1547051,744,745,7
1547061,743,745,7
1547072,746,745,6
1547082,742,745,6
1547092,745,745,6
1547102,746,745,6
1547112,743,745,6
1547123,746,745,6
1547133,742,745,6
1547143,745,744,7
1547153,747,745,6
1547163,742,745,6
1547174,746,745,6
1547184,743,745,6
1547194,745,744,7
1547204,747,744,7
1547214,742,744,7
1547225,745,744,7
1547235,745,744,7
1547245,744,744,7
1547255,747,744,7
1547265,742,744,7
1547276,745,744,7
1547286,746,744,7
1547296,742,744,7
1547306,746,744,6
1547316,742,744,6
1547327,745,744,6
1547337,747,744,6
1547347,742,744,6
1547357,747,744,6
1547367,744,744,6
1547378,744,744,6
1547388,747,744,6
1547398,741,744,6
1547408,746,744,6
1547418,746,744,6
1547429,742,744,6
1547439,747,744,6
1547449,741,744,6
1547459,745,744,6
1547469,746,744,6
1547480,742,744,6
1547490,746,744,6
1547500,743,744,5
OSM
1547521,682,681,2
1547531,681,681,2
1547541,683,681,2
1547551,684,681,2
1547562,682,681,2
1547572,685,681,2
1547582,681,681,2
1547592,682,681,2
1547602,683,681,2
1547613,680,681,2
1547623,683,681,2
1547633,681,681,2
1547643,682,681,2
1547653,682,681,2
1547664,680,681,2
1547674,682,681,2
1547684,682,681,2
1547694,680,681,2
1547704,682,681,2
1547715,680,681,2
1547725,681,681,2
1547735,683,681,2
1547745,681,681,2
1547755,682,681,2
1547766,681,681,2
1547776,682,681,2
1547786,683,681,2
1547796,680,681,2
1547806,683,681,2
1547817,681,681,2
1547827,681,681,2
1547837,684,681,2
1547847,681,681,2
1547857,682,681,2
1547868,681,681,2
1547878,680,681,2
1547888,683,681,2
1547898,681,681,2
1547908,683,681,2
1547919,681,681,2
1547929,681,681,2
1547939,682,681,2
1547949,682,681,2
1547959,681,681,2
1547970,682,681,1
1547980,681,681,1
1547990,683,681,1
1548000,681,681,1
1548010,681,681,1
1548021,682,681,1
1548031,680,681,1
1548041,683,681,1
1548051,682,681,1
1548061,681,681,1
1548072,682,681,1
1548082,680,681,1
1548092,683,681,1
1548102,683,681,1
1548112,681,681,1
1548123,682,681,1
1548133,681,681,1
1548143,682,681,1
1548153,682,681,1
1548163,680,681,1
1548174,682,681,1
1548184,681,681,1
1548194,681,681,1
1548204,683,681,1
1548214,681,681,1
1548225,682,681,1
1548235,683,681,1
1548245,681,681,1
1548255,683,681,1
1548265,681,681,1
1548276,680,681,1
1548286,683,681,1
1548296,679,681,1
1548306,683,681,1
1548316,682,681,1
1548327,681,681,1
1548337,683,681,1
1548347,680,681,1
1548357,683,681,1
1548367,682,681,1
1548378,681,681,1
1548388,682,681,1
1548398,680,681,1
1548408,681,681,1
1548418,681,681,1
1548429,680,681,1
1548439,683,681,1
1548449,681,681,1
1548459,681,681,1
1548469,682,681,1
1548480,679,681,1
1548490,682,681,1
1548500,681,681,1
1548510,681,681,1
1548520,682,681,1
1548531,680,681,1
1548541,683,681,1
1548551,682,681,1
1548561,680,681,1
1548571,682,681,1
1548582,679,681,1
1548592,682,681,1
1548602,682,681,1
1548612,680,681,1
1548622,681,681,1
1548633,680,681,1
1548643,682,681,1
1548653,682,681,1
1548663,680,681,1
1548673,682,681,1
1548684,680,681,1
1548694,681,681,1
1548704,683,681,1
1548714,680,681,1
1548724,682,681,1
1548735,681,681,1
SIM
1548755,814,793,11
1548765,794,793,11
1548775,795,793,11
1548786,795,793,11
1548796,791,793,11
1548806,796,793,11
1548816,792,793,11
1548826,795,793,11
1548837,796,793,11
1548847,790,793,11
1548857,795,793,11
1548867,792,793,11
1548878,792,793,11
1548888,796,793,11
1548898,789,793,11
1548908,794,793,11
1548918,795,793,11
1548929,791,793,11
1548939,797,793,11
1548949,791,793,11
1548959,794,793,11
1548969,796,793,11
1548980,790,793,11
1548990,796,793,11
1549000,792,793,11
1549010,793,793,11
1549020,796,793,11
1549031,791,793,11
1549041,797,793,11
1549051,795,793,11
1549061,792,793,11
1549072,796,793,11
1549082,789,793,11
1549092,793,793,11
1549102,795,793,11
1549112,790,793,11
1549123,795,793,11
1549133,792,793,11
1549143,794,793,11
1549153,797,793,11
1549163,790,793,11
1549174,797,793,11
1549184,794,793,11
1549194,794,793,11
1549204,796,793,11
1549214,789,793,11
1549225,795,793,11
1549235,795,793,11
1549245,791,793,11
1549255,796,793,11
1549265,791,793,11
1549276,794,793,11
1549286,796,793,11
1549296,792,793,11
1549306,796,793,11
1549316,792,793,11
1549327,793,793,11
1549337,796,793,11
1549347,790,793,11
1549357,794,793,11
1549368,792,793,11
1549378,791,793,11
1549388,796,793,11
1549398,790,793,11
1549408,794,793,11
1549419,796,793,11
1549429,791,793,11
1549439,796,793,11
1549449,792,793,11
1549459,794,793,11
1549470,797,793,11
1549480,791,793,11
1549490,796,793,11
1549500,791,793,11
1549510,792,793,11
1549521,794,793,10
1549531,789,793,11
1549541,796,793,11
1549551,797,793,11
1549561,792,793,11
1549572,797,793,11
1549582,791,793,11
1549592,796,793,11
1549602,797,793,11
1549612,790,793,11
1549623,796,793,11
1549633,792,793,11
1549643,793,793,11
1549653,795,793,11
1549664,789,793,11
1549674,797,793,11
1549684,793,793,11
1549694,792,793,11
1549704,796,793,11
1549715,791,793,11
1549725,794,793,11
1549735,796,793,11
1549745,791,793,11
1549755,797,793,11
1549766,791,793,11
1549776,794,793,11
1549786,796,793,10
1549796,789,793,11
1549806,795,793,11
1549817,792,793,11
1549827,792,793,11
1549837,796,793,11
1549847,790,793,11
1549857,796,793,10
1549868,795,793,9
1549878,793,793,9
1549888,797,793,9
1549898,792,793,9
1549908,795,793,9
1549919,800,793,10
1549929,790,793,10
1549939,796,793,10
1549949,791,793,10
1549960,794,793,10
1549970,796,793,10
RIM
1549990,760,744,6
1550000,749,744,6
1550010,748,744,6
1550021,752,744,7
1550031,746,744,7
1550041,748,744,7
1550051,748,744,7
1550061,743,744,7
1550072,747,744,7
1550082,743,744,7
1550092,745,744,7
1550102,747,744,7
1550112,741,744,7
1550123,747,744,7
1550133,744,744,7
1550143,745,744,7
1550153,747,744,7
1550163,742,744,7
1550174,746,744,7
1550184,745,744,7
1550194,743,744,7
1550204,747,744,7
1550214,742,744,7
1550225,745,744,7
1550235,747,744,7
1550245,743,744,7
1550255,747,744,7
1550265,742,744,7
1550276,745,744,7
1550286,747,744,7
1550296,741,744,7
1550306,746,744,7
1550316,745,744,7
1550327,744,744,7
1550337,747,744,7
1550347,742,744,7
1550357,745,744,7
1550367,746,744,7
1550378,742,744,7
1550388,747,744,7
1550398,742,744,7
1550408,746,744,7
1550418,747,744,7
1550429,742,744,7
1550439,747,744,7
1550449,744,744,7
1550459,744,744,7
1550469,747,744,7
1550480,741,744,7
1550490,746,744,7
1550500,745,744,7
1550510,744,744,7
1550520,748,744,7
1550531,741,744,7
1550541,745,744,7
1550551,747,744,7
1550561,742,744,7
1550571,747,744,7
1550582,742,744,7
1550592,746,744,7
1550602,747,744,7
1550612,741,744,7
1550622,745,744,7
1550633,743,744,7
1550643,744,744,7
1550653,746,744,7
1550663,742,744,7
1550673,746,744,7
1550684,746,744,7
1550694,743,744,7
1550704,746,744,7
1550714,743,744,7
1550724,746,744,7
1550735,746,744,7
1550745,742,744,7
1550755,746,744,7
1550765,743,744,7
1550775,745,744,7
1550786,747,744,7
1550796,742,744,7
1550806,746,744,7
1550816,745,744,7
1550826,744,744,7
1550837,747,744,7
1550847,741,744,7
1550857,746,744,7
1550867,745,744,7
1550877,743,744,7
1550888,747,744,7
1550898,742,744,7
1550908,745,744,7
1550918,746,744,7
1550928,740,744,7
1550939,745,744,7
1550949,743,744,7
1550959,745,744,7
1550969,746,744,7
1550979,741,744,7
1550990,745,744,7
1551000,744,744,7
1551010,743,744,7
1551020,746,744,7
1551030,741,744,7
1551041,745,744,7
1551051,746,744,7
1551061,742,744,7
1551071,745,744,7
1551081,742,744,7
1551092,745,744,7
1551102,747,744,7
1551112,740,744,7
1551122,745,744,7
1551132,744,744,7
1551143,742,744,7
1551153,747,744,7
1551163,741,744,7
1551173,746,744,7
1551183,746,744,7
1551194,743,744,7
1551204,747,744,7
OSM
1551225,684,681,1
1551235,684,681,1
1551245,683,681,1
1551255,685,681,1
1551266,681,681,1
1551276,682,681,1
1551286,682,681,1
1551296,681,681,1
1551306,683,681,1
1551317,682,681,1
1551327,682,681,1
1551337,687,681,1
1551347,681,681,1
1551357,685,681,2
1551368,687,681,2
1551378,681,681,2
1551388,687,681,2
1551398,681,681,2
1551408,685,681,2
1551419,687,681,3
1551429,681,681,3
1551439,688,681,3
1551449,682,681,3
1551459,684,681,3
1551470,687,681,3
1551480,682,681,3
1551490,686,681,3
1551500,683,681,3
1551510,686,682,3
1551521,687,682,3
1551531,682,682,3
1551541,686,682,3
1551551,684,682,3
1551561,685,682,3
1551572,686,682,3
1551582,682,682,3
1551592,685,682,3
1551602,683,682,3
1551612,684,682,3
1551623,688,682,4
1551633,683,682,4
1551643,685,682,4
1551653,683,682,4
1551663,683,682,4
1551674,690,682,4
1551684,683,682,4
1551694,685,682,4
1551704,683,682,4
1551714,682,682,4
1551725,686,682,4
1551735,683,682,4
1551745,685,682,4
1551755,683,682,4
1551765,686,682,5
1551776,685,682,5
1551786,683,682,5
1551796,684,682,5
1551806,682,682,5
1551816,685,682,5
1551827,685,682,5
1551837,684,682,5
1551847,685,682,5
1551857,683,682,5
1551867,685,682,5
1551878,684,682,5
1551888,683,682,5
1551898,685,682,5
1551908,682,682,5
1551918,686,682,5
1551929,685,682,5
1551939,682,682,5
1551949,683,682,5
1551959,682,682,5
1551969,684,682,5
1551980,681,682,5
1551990,683,682,5
1552000,686,683,4
1552010,682,683,4
1552020,686,683,4
1552031,684,683,4
1552041,683,683,4
1552051,686,683,4
1552061,681,683,4
1552071,683,683,4
1552082,684,683,4
1552092,681,683,4
1552102,687,683,4
1552112,681,683,4
1552122,687,683,4
1552133,686,683,4
1552143,682,683,4
1552153,687,683,4
1552163,681,683,4
1552173,688,683,5
1552184,686,683,5
1552194,681,683,5
1552204,687,683,5
1552214,681,683,5
1552224,686,683,5
1552235,686,683,5
1552245,681,683,5
1552255,687,683,5
1552265,682,683,5
1552275,682,683,5
1552286,684,683,5
1552296,681,683,5
1552306,687,683,5
1552316,683,683,5
1552326,684,683,5
1552337,687,683,5
1552347,682,683,5
1552357,686,683,5
1552367,683,683,5
1552377,683,683,5
1552388,686,683,5
1552398,682,683,5
1552408,686,683,5
1552418,683,683,5
1552428,685,683,5
1552439,687,684,4
SIM
1552459,809,793,8
1552469,797,793,8
1552479,791,793,8
1552490,796,793,8
1552500,793,793,8
1552510,791,793,8
1552520,795,793,8
1552530,792,793,8
1552541,795,793,8
1552551,795,793,8
1552561,790,793,8
1552571,796,793,8
1552581,791,793,8
1552592,794,793,8
1552602,796,793,8
1552612,789,793,8
1552622,794,793,8
1552632,792,793,8
1552643,793,793,8
1552653,797,793,8
1552663,791,793,8
1552673,795,793,8
1552683,796,793,8
1552694,791,793,8
1552704,797,793,8
1552714,790,793,8
1552724,795,793,8
1552734,796,793,8
1552745,789,793,8
1552755,796,793,8
1552765,792,793,8
1552775,793,793,8
1552785,796,793,8
1552796,791,793,8
1552806,795,793,8
1552816,794,793,8
1552826,793,793,8
1552836,797,793,8
1552847,791,793,8
1552857,795,793,8
1552867,796,793,8
1552877,791,793,8
1552887,796,793,8
1552898,792,793,8
1552908,794,793,8
1552918,796,793,8
1552928,790,793,8
1552938,795,793,8
1552949,794,793,8
1552959,792,793,8
1552969,797,793,8
1552979,790,793,8
1552989,796,793,8
1553000,795,793,8
1553010,792,793,8
1553020,796,793,8
1553030,790,793,8
1553040,795,793,8
1553051,795,793,8
1553061,791,793,8
1553071,796,793,8
1553081,792,793,8
1553091,794,793,8
1553102,796,793,8
1553112,789,793,8
1553122,796,793,8
1553132,794,793,8
1553142,793,793,8
1553153,797,793,8
1553163,790,793,8
1553173,795,793,8
1553183,796,793,8
1553193,791,793,8
1553204,797,793,8
1553214,790,793,9
1553224,794,793,9
1553234,796,793,8
1553244,790,793,8
1553255,795,793,8
1553265,793,793,8
1553275,794,793,8
1553285,797,793,8
1553295,790,793,8
1553306,795,793,8
1553316,794,793,8
1553326,793,793,8
1553336,797,793,8
1553346,791,793,8
1553357,795,793,8
1553367,796,793,8
1553377,791,793,8
1553387,796,793,8
1553397,791,793,8
1553408,795,793,8
1553418,796,793,8
1553428,790,793,8
1553438,796,793,8
1553448,792,793,8
1553459,793,793,8
1553469,796,793,8
1553479,790,793,8
1553489,795,793,8
1553499,795,793,8
1553510,792,793,8
1553520,797,793,8
1553530,790,793,8
1553540,795,793,8
1553550,796,793,8
1553561,792,793,8
1553571,796,793,8
1553581,792,793,8
1553591,794,793,8
1553601,795,793,8
1553612,789,793,8
1553622,795,793,8
1553632,794,793,8
1553642,792,793,8
1553652,796,793,8
1553663,791,793,8
1553673,795,793,8
RIM
1553693,759,744,7
1553703,751,744,7
1553713,746,744,7
1553724,748,744,6
1553734,750,744,7
1553744,742,744,7
1553754,746,744,7
1553765,743,744,7
1553775,745,744,6
1553785,747,744,7
1553795,741,744,7
1553805,746,744,7
1553816,745,744,7
1553826,743,744,6
1553836,746,744,6
1553846,741,744,7
1553856,745,744,6
1553867,747,744,7
1553877,742,744,7
1553887,747,744,7
1553897,745,744,7
1553907,749,744,7
1553918,749,744,7
1553928,743,744,7
1553938,749,744,7
1553948,747,744,7
1553958,746,744,7
1553969,749,744,7
1553979,744,744,7
1553989,749,744,7
1553999,747,744,7
1554009,745,744,7
1554020,749,744,8
1554030,744,744,8
1554040,748,744,8
1554050,748,745,7
1554060,743,745,7
1554071,749,745,7
1554081,744,745,7
1554091,747,745,7
1554101,749,745,7
1554111,743,745,7
1554122,749,745,7
1554132,746,745,7
1554142,746,745,7
1554152,748,745,7
1554162,743,745,7
1554173,748,745,7
1554183,748,745,7
1554193,745,745,7
1554203,748,745,7
1554213,744,745,7
1554224,747,745,7
1554234,748,745,7
1554244,744,745,7
1554254,747,745,7
1554264,745,745,7
1554275,747,745,7
1554285,749,745,7
1554295,744,745,7
1554305,747,745,7
1554315,747,745,7
1554326,745,745,7
1554336,748,745,7
1554346,745,745,7
1554356,747,745,7
1554366,749,745,7
1554377,744,745,7
1554387,748,745,7
1554397,745,745,7
1554407,746,745,7
1554417,749,745,7
1554428,744,745,7
1554438,747,745,7
1554448,747,745,7
1554458,745,745,7
1554468,748,745,7
1554479,744,745,7
1554489,748,745,7
1554499,748,745,7
1554509,744,745,7
1554519,748,745,7
1554530,744,745,7
1554540,747,745,7
1554550,749,745,7
1554560,744,745,7
1554570,748,745,7
1554581,745,745,7
1554591,746,745,7
1554601,749,745,7
1554611,743,745,7
1554621,748,745,7
1554632,749,745,7
1554642,746,745,7
1554652,749,745,7
1554662,744,745,7
1554672,747,745,7
1554683,748,746,6
1554693,744,746,6
1554703,749,746,6
1554713,744,746,6
1554723,747,746,6
1554734,749,746,6
1554744,743,746,6
1554754,748,746,6
1554764,746,746,6
1554774,746,746,6
1554785,749,746,6
1554795,744,746,6
1554805,748,746,6
1554815,746,746,6
1554825,744,746,6
1554836,750,746,6
1554846,743,746,6
1554856,747,746,6
1554866,749,746,6
1554876,743,746,6
1554887,749,746,6
1554897,744,746,6
1554907,748,746,6
OSM
1554928,680,684,4
1554938,682,683,5
1554948,681,683,5
1554958,681,683,5
1554969,683,683,5
1554979,680,683,5
1554989,681,683,5
1554999,681,683,5
1555009,679,683,5
1555020,681,683,5
1555030,680,683,5
1555040,682,683,5
1555050,682,683,5
1555060,679,683,5
1555071,682,683,5
1555081,682,683,5
1555091,681,683,5
1555101,683,683,5
1555111,682,683,5
1555122,683,683,5
1555132,683,683,5
1555142,681,683,5
1555152,682,683,5
1555162,681,683,5
1555173,683,683,5
1555183,684,683,5
1555193,680,683,5
1555203,682,683,5
1555213,682,683,4
1555224,682,683,4
1555234,684,683,4
1555244,679,683,4
1555254,682,683,4
1555264,682,683,4
1555275,681,683,4
1555285,683,683,4
1555295,681,683,4
1555305,682,683,4
1555315,683,683,4
1555326,682,683,4
1555336,684,683,4
1555346,681,683,4
1555356,681,683,4
1555366,682,683,4
1555377,681,683,4
1555387,683,683,4
1555397,682,683,4
1555407,681,683,4
1555417,683,683,4
1555428,681,683,4
1555438,683,683,4
1555448,681,683,4
1555458,681,682,5
1555468,683,682,5
1555479,681,682,5
1555489,683,682,5
1555499,683,682,5
1555509,680,682,5
1555519,683,682,5
1555530,680,682,4
1555540,683,682,4
1555550,682,682,4
1555560,681,682,4
1555570,683,682,4
1555581,681,682,4
1555591,681,682,4
1555601,683,682,4
1555611,680,682,4
1555621,681,682,4
1555632,683,682,4
1555642,681,682,4
1555652,684,682,4
1555662,680,682,4
1555672,681,682,4
1555683,683,682,4
1555693,680,682,4
1555703,683,682,4
1555713,680,682,4
1555723,682,682,4
1555734,683,682,4
1555744,680,682,4
1555754,681,682,4
1555764,681,682,4
1555774,681,682,4
1555785,683,682,4
1555795,681,682,4
1555805,683,682,4
1555815,682,682,4
1555825,681,682,3
1555836,683,682,3
1555846,682,682,3
1555856,682,682,3
1555866,683,682,3
1555876,680,682,3
1555887,682,682,3
1555897,682,682,3
1555907,682,682,2
1555917,682,682,2
1555927,681,682,2
1555938,683,682,2
1555948,682,682,2
1555958,681,682,2
1555968,682,682,2
1555978,680,682,2
1555989,682,682,2
1555999,683,682,2
1556009,681,681,3
1556019,683,681,3
1556029,680,681,3
1556040,683,681,2
1556050,683,681,2
1556060,681,681,2
1556070,683,681,2
1556080,683,681,2
1556091,683,681,2
1556101,683,681,2
1556111,683,681,2
1556121,682,681,2
1556131,684,681,2
1556142,685,681,2
SIM
1556162,808,793,7
1556172,800,793,8
1556182,797,793,8
1556193,790,793,8
1556203,797,793,8
1556213,791,793,8
1556223,794,793,8
1556233,798,793,8
1556244,790,793,8
1556254,797,793,8
1556264,794,793,8
1556274,794,793,8
1556284,797,793,8
1556295,790,793,8
1556305,797,793,8
1556315,797,793,8
1556325,793,793,8
1556335,797,794,7
1556346,790,793,9
1556356,796,793,8
1556366,797,794,8
1556376,791,793,9
1556386,797,793,9
1556397,792,794,8
1556407,794,793,8
1556417,798,794,8
1556427,791,794,8
1556437,795,794,8
1556448,795,794,7
1556458,793,794,7
1556468,798,794,7
1556478,790,794,8
1556488,795,794,8
1556499,796,794,8
1556509,790,794,8
1556519,796,794,8
1556529,789,794,8
1556539,793,793,9
1556550,795,794,8
1556560,789,793,9
1556570,795,793,9
1556580,792,793,9
1556590,793,793,9
1556601,797,793,9
1556611,789,793,9
1556621,795,793,9
1556631,794,793,9
1556641,793,793,9
1556652,795,793,9
1556662,790,793,9
1556672,796,793,9
1556682,796,793,9
1556692,791,793,9
1556703,796,793,9
1556713,791,793,9
1556723,795,793,9
1556733,797,794,8
1556743,790,793,9
1556754,796,793,9
1556764,793,793,9
1556774,792,793,9
1556784,797,793,9
1556794,792,793,9
1556805,797,793,9
1556815,800,794,8
1556825,791,794,8
1556835,796,794,8
1556845,790,794,8
1556856,794,794,8
1556866,795,794,8
1556876,790,794,8
1556886,796,794,8
1556896,792,794,8
1556907,793,793,9
1556917,797,794,8
1556927,789,793,9
1556937,795,793,9
1556947,793,794,8
1556958,791,793,9
1556968,795,793,9
1556978,790,793,9
1556988,795,793,9
1556998,794,793,9
1557009,791,793,9
1557019,796,793,9
1557029,791,793,9
1557039,795,793,9
1557049,796,793,9
1557060,788,793,9
1557070,794,793,9
1557080,791,793,9
1557090,792,793,9
1557100,796,793,9
1557111,789,793,9
1557121,795,793,9
1557131,795,793,9
1557141,791,793,9
1557151,795,793,9
1557162,790,793,9
1557172,794,793,9
1557182,796,793,9
1557192,789,793,9
1557202,796,793,9
1557213,791,793,9
1557223,796,793,9
1557233,797,793,9
1557243,790,793,10
1557253,797,793,10
1557264,793,793,10
1557274,795,793,10
1557284,798,793,10
1557294,792,793,10
1557304,796,793,10
1557315,794,793,10
1557325,792,793,10
1557335,796,793,10
1557345,790,793,10
1557356,794,793,10
1557366,795,793,10
1557376,789,793,10
RIM
1557396,758,746,6
1557406,749,746,6
1557417,751,746,6
1557427,743,746,6
1557437,750,746,6
1557447,748,746,6
1557457,747,746,6
1557468,750,746,6
1557478,745,746,6
1557488,749,746,6
1557498,750,746,6
1557508,746,746,6
1557519,749,746,6
1557529,745,746,6
1557539,749,746,6
1557549,749,746,6
1557559,744,746,6
1557570,749,746,6
1557580,747,746,6
1557590,747,746,6
1557600,750,746,6
1557610,743,746,6
1557621,748,746,6
1557631,748,746,6
1557641,745,746,6
1557651,749,746,6
1557661,744,746,6
1557672,749,746,6
1557682,750,746,6
1557692,743,746,6
1557702,748,746,6
1557712,745,746,6
1557723,747,746,6
1557733,749,746,6
1557743,743,746,6
1557753,747,746,6
1557763,746,746,6
1557774,746,746,6
1557784,750,746,6
1557794,743,746,6
1557804,747,746,6
1557814,748,746,6
1557825,745,746,6
1557835,749,746,6
1557845,744,746,6
1557855,747,746,6
1557865,748,746,6
1557876,744,746,6
1557886,749,746,6
1557896,744,746,6
1557906,746,746,6
1557916,749,746,6
1557927,743,746,6
1557937,748,746,6
1557947,747,746,6
1557957,745,746,6
1557967,748,746,6
1557978,744,746,6
1557988,747,746,6
1557998,748,746,6
1558008,744,746,6
1558018,749,746,6
1558029,744,746,6
1558039,747,746,6
1558049,750,746,6
1558059,743,746,6
1558069,748,746,6
1558080,746,746,6
1558090,747,746,6
1558100,748,746,6
1558110,743,746,6
1558120,747,746,6
1558131,748,746,6
1558141,745,746,6
1558151,748,746,6
1558161,743,746,6
1558171,747,746,6
1558182,749,746,6
1558192,744,746,6
1558202,747,746,6
1558212,744,746,6
1558222,746,746,6
1558233,749,746,6
1558243,744,746,6
1558253,747,746,6
1558263,746,746,6
1558273,746,746,6
1558284,750,746,6
1558294,743,746,6
1558304,747,746,6
1558314,747,746,6
1558324,745,746,6
1558335,749,746,6
1558345,745,746,6
1558355,748,746,6
1558365,749,746,6
1558375,743,746,6
1558386,749,746,6
1558396,746,746,6
1558406,747,746,6
1558416,748,746,6
1558426,743,746,6
1558437,749,746,6
1558447,747,746,6
1558457,746,746,6
1558467,748,746,6
1558477,744,746,6
1558488,748,746,6
1558498,749,746,6
1558508,744,746,6
1558518,748,746,6
1558528,744,746,6
1558539,748,746,6
1558549,750,746,6
1558559,745,746,6
1558569,748,746,6
1558579,747,746,6
1558590,747,746,6
1558600,749,746,6
1558610,744,746,6
OSM
1558631,681,681,2
1558641,680,681,2
1558651,683,681,2
1558661,680,681,2
1558672,682,681,2
1558682,683,681,2
1558692,681,681,2
1558702,682,681,2
1558712,681,681,2
1558723,683,681,2
1558733,683,681,2
1558743,681,681,2
1558753,682,681,2
1558763,681,681,2
1558774,680,681,2
1558784,682,681,2
1558794,681,681,2
1558804,683,681,2
1558814,682,681,2
1558825,680,681,2
1558835,682,681,2
1558845,681,681,2
1558855,682,681,2
1558865,682,681,2
1558876,680,681,2
1558886,682,681,2
1558896,682,681,2
1558906,682,681,2
1558916,682,681,2
1558927,680,681,2
1558937,683,681,1
1558947,682,681,1
1558957,681,681,1
1558967,682,681,1
1558978,680,681,1
1558988,682,681,1
1558998,684,681,2
1559008,681,681,2
1559018,682,681,1
1559029,681,681,1
1559039,682,681,1
1559049,682,681,1
1559059,680,681,1
1559069,683,681,1
1559080,680,681,1
1559090,681,681,1
1559100,683,681,1
1559110,681,681,1
1559120,682,681,1
1559131,682,681,1
1559141,682,681,1
1559151,683,681,1
1559161,681,681,1
1559171,683,681,1
1559182,682,681,1
1559192,680,681,1
1559202,683,681,1
1559212,682,681,1
1559222,681,681,1
1559233,682,681,1
1559243,680,681,1
1559253,682,681,1
1559263,682,681,1
1559273,681,681,1
1559284,682,681,1
1559294,679,681,1
1559304,682,681,1
1559314,683,681,1
1559324,680,681,1
1559335,681,681,1
1559345,680,681,1
1559355,681,681,1
1559365,682,681,1
1559375,681,681,1
1559386,682,681,1
1559396,680,681,1
1559406,680,681,1
1559416,683,681,1
1559426,681,681,1
1559437,681,681,1
1559447,681,681,1
1559457,681,681,1
1559467,683,681,1
1559477,681,681,1
1559488,681,681,1
1559498,682,681,1
1559508,680,681,1
1559518,682,681,1
1559528,681,681,1
1559539,680,681,1
1559549,681,681,1
1559559,678,681,1
1559569,682,681,1
1559579,682,681,1
1559590,679,681,1
1559600,682,681,1
1559610,680,681,1
1559620,688,681,2
1559630,680,681,2
1559641,681,681,2
1559651,681,681,2
1559661,680,681,2
1559671,681,681,2
1559681,681,681,2
1559692,678,681,2
1559702,681,681,2
1559712,680,681,2
1559722,680,681,2
1559732,682,681,2
1559743,679,681,2
1559753,680,681,2
1559763,682,681,2
1559773,680,681,2
1559783,681,681,2
1559794,679,681,2
1559804,681,681,1
1559814,682,681,1
1559824,680,681,1
1559834,681,681,1
1559845,679,681,1
SIM
1559865,806,793,9
1559875,787,793,9
1559885,790,793,9
1559896,784,793,10
1559906,787,793,10
1559916,789,793,10
1559926,781,793,11
1559936,786,793,11
1559947,784,793,12
1559957,782,793,13
1559967,786,793,13
1559977,781,792,15
1559987,786,792,16
1559998,789,792,16
1560008,784,792,16
1560018,789,792,16
1560028,786,792,16
1560039,789,792,16
1560049,791,792,16
1560059,784,792,16
1560069,790,792,16
1560079,788,792,16
1560090,787,792,16
1560100,792,792,16
1560110,785,792,17
1560120,791,792,16
1560130,792,792,16
1560141,787,792,16
1560151,792,792,16
1560161,788,792,16
1560171,790,791,17
1560181,791,792,16
1560192,785,791,17
1560202,791,791,17
1560212,789,791,17
1560222,789,791,17
1560232,793,791,17
1560243,788,791,17
1560253,793,791,17
1560263,791,791,17
1560273,789,791,17
1560284,794,791,17
1560294,789,791,17
1560304,793,791,17
1560314,793,791,17
1560324,788,791,17
1560335,792,791,16
1560345,788,791,17
1560355,790,791,16
1560365,794,791,16
1560375,788,791,16
1560386,795,791,16
1560396,794,791,16
1560406,791,791,16
1560416,794,791,16
1560426,788,791,16
1560437,794,791,16
1560447,793,791,16
1560457,789,791,16
1560467,794,791,16
1560477,788,791,16
1560488,791,791,16
1560498,794,791,16
1560508,787,791,15
1560518,794,791,15
1560529,789,791,15
1560539,788,791,15
1560549,789,791,15
1560559,779,791,16
1560569,781,790,17
1560580,787,790,18
1560590,788,790,17
1560600,795,790,17
1560610,788,790,17
1560620,793,790,17
1560631,790,790,17
1560641,783,790,17
1560651,795,790,17
1560661,782,790,18
1560671,786,790,18
1560682,790,790,18
1560692,782,790,18
1560702,789,790,18
1560712,787,790,18
1560723,785,790,18
1560733,789,790,18
1560743,786,790,18
1560753,794,790,18
1560763,792,790,18
1560774,788,790,18
1560784,793,790,18
1560794,786,790,18
1560804,790,790,18
1560814,793,790,18
1560825,784,789,19
1560835,791,789,18
1560845,787,789,18
1560855,789,789,18
1560865,793,789,18
1560876,785,789,18
1560886,792,789,18
1560896,791,789,18
1560906,787,789,17
1560916,791,789,17
1560927,783,789,17
1560937,783,789,17
1560947,784,789,17
1560957,779,789,18
1560967,785,789,18
1560978,780,789,18
1560988,784,789,18
1560998,785,788,18
1561008,779,788,19
1561019,785,788,18
1561029,782,788,19
1561039,782,788,18
1561049,785,788,18
1561059,779,788,19
1561070,785,788,18
1561080,783,788,19
RIM
1561100,747,746,5
1561110,735,746,6
1561120,737,746,6
1561131,739,746,7
1561141,733,746,8
1561151,738,746,8
1561161,736,746,9
1561171,740,746,9
1561182,748,746,9
1561192,742,746,9
1561202,743,745,10
1561212,740,745,11
1561222,738,745,11
1561233,741,745,11
1561243,735,745,12
1561253,739,745,12
1561263,739,745,12
1561273,734,745,13
1561284,737,745,13
1561294,732,745,15
1561304,733,745,16
1561314,735,745,17
1561325,730,744,19
1561335,736,744,20
1561345,731,744,21
1561355,732,744,22
1561365,735,744,23
1561376,730,744,24
1561386,733,744,25
1561396,733,744,26
1561406,729,743,28
1561416,734,743,29
1561427,729,743,31
1561437,732,743,31
1561447,734,743,32
1561457,729,743,33
1561467,733,743,34
1561478,731,743,35
1561488,734,742,36
1561498,736,742,37
1561508,731,742,37
1561518,735,742,38
1561529,735,742,38
1561539,733,742,38
1561549,737,742,38
1561559,731,742,39
1561569,736,742,39
1561580,737,742,39
1561590,733,741,40
1561600,737,741,41
1561610,732,741,41
1561620,736,741,41
1561631,739,741,41
1561641,733,741,41
1561651,736,741,41
1561661,731,741,41
1561671,733,741,42
1561682,734,741,42
1561692,728,740,44
1561702,733,740,44
1561712,735,740,44
1561722,733,740,44
1561733,737,740,43
1561743,732,740,44
1561753,736,740,43
1561763,738,740,43
1561773,733,740,43
1561784,736,740,43
1561794,730,739,44
1561804,732,739,43
1561814,734,739,44
1561825,729,739,44
1561835,734,739,43
1561845,730,739,44
1561855,730,739,44
1561865,734,739,44
1561876,730,738,45
1561886,732,738,44
1561896,733,738,44
1561906,730,738,44
1561916,734,738,44
1561927,730,738,44
1561937,732,738,43
1561947,734,738,43
1561957,728,737,44
1561967,733,737,43
1561978,732,737,43
1561988,733,737,42
1561998,737,737,41
1562008,731,737,41
1562018,736,737,40
1562029,734,737,40
1562039,733,737,38
1562049,736,737,38
1562059,732,736,38
1562069,736,736,36
1562080,737,736,36
1562090,732,736,35
1562100,737,736,34
1562110,732,736,33
1562120,736,736,32
1562131,738,736,32
1562141,731,736,30
1562151,736,735,30
1562161,735,735,29
1562171,735,735,28
1562182,738,735,27
1562192,732,735,26
1562202,737,735,24
1562212,735,735,24
1562222,730,735,22
1562233,735,735,22
1562243,729,735,21
1562253,733,734,20
1562263,734,734,19
1562273,729,734,17
1562284,736,734,16
1562294,733,734,14
1562304,734,734,13
1562314,734,734,12
OSM
1562335,683,681,1
1562345,682,681,1
1562355,681,681,1
1562365,683,681,1
1562376,683,681,1
1562386,682,681,1
1562396,681,681,1
1562406,680,681,1
1562416,682,681,1
1562427,679,681,1
1562437,681,681,1
1562447,682,681,1
1562457,679,681,1
1562467,684,681,1
1562478,684,681,1
1562488,681,681,1
1562498,684,681,2
1562508,680,681,2
1562518,682,681,2
1562529,685,681,2
1562539,680,681,2
1562549,683,681,2
1562559,679,681,2
1562569,684,681,2
1562580,686,681,2
1562590,680,681,2
1562600,685,681,2
1562610,680,681,2
1562620,684,681,2
1562631,686,681,2
1562641,680,681,2
1562651,682,681,2
1562661,681,681,2
1562671,681,681,2
1562682,685,681,2
1562692,680,681,2
1562702,684,681,2
1562712,682,681,2
1562722,681,681,2
1562733,685,681,3
1562743,680,681,3
1562753,682,681,3
1562763,682,681,3
1562773,679,681,3
1562784,685,681,3
1562794,680,681,3
1562804,681,681,3
1562814,683,681,3
1562824,679,681,3
1562835,685,681,3
1562845,681,681,3
1562855,681,681,3
1562865,683,681,3
1562875,681,681,3
1562886,685,681,3
1562896,682,681,3
1562906,680,681,3
1562916,683,681,3
1562926,680,681,3
1562937,685,681,3
1562947,682,681,3
1562957,680,681,3
1562967,683,681,3
1562977,680,681,3
1562988,683,681,3
1562998,682,681,3
1563008,682,681,3
1563018,685,681,3
1563028,681,681,3
1563039,680,681,3
1563049,682,681,3
1563059,683,681,3
1563069,685,681,3
1563079,681,681,3
1563090,680,681,3
1563100,685,681,3
1563110,683,681,4
1563120,684,681,4
1563130,682,681,4
1563141,682,681,4
1563151,682,681,4
1563161,683,681,4
1563171,686,681,4
1563181,682,681,4
1563192,682,681,4
1563202,681,681,4
1563212,683,681,4
1563222,684,681,4
1563232,681,681,4
1563243,680,681,4
1563253,684,681,4
1563263,684,681,4
1563273,683,681,4
1563283,681,681,4
1563294,682,681,4
1563304,684,681,4
1563314,685,681,4
1563324,683,681,4
1563334,681,681,4
1563345,682,681,4
1563355,684,681,4
1563365,685,681,4
1563375,683,681,4
1563385,681,681,4
1563396,684,682,3
1563406,680,682,3
1563416,685,682,3
1563426,683,682,3
1563436,680,682,3
1563447,683,682,3
1563457,682,682,3
1563467,685,682,3
1563477,684,682,3
1563487,680,682,3
1563498,685,682,3
1563508,679,682,3
1563518,684,682,3
1563528,685,682,3
1563538,680,682,3
1563549,684,682,3
SIM
1563569,801,788,17
1563579,787,788,17
1563589,780,788,18
1563600,784,788,18
1563610,779,788,18
1563620,782,787,20
1563630,786,788,18
1563640,779,787,20
1563651,786,787,20
1563661,784,787,20
1563671,782,787,20
1563681,786,788,19
1563691,780,787,20
1563702,784,787,20
1563712,784,787,20
1563722,781,787,20
1563732,787,787,20
1563742,780,787,21
1563753,783,787,21
1563763,784,787,21
1563773,778,787,21
1563783,786,787,21
1563793,779,787,22
1563804,781,787,22
1563814,784,787,22
1563824,778,787,23
1563834,785,787,22
1563845,784,787,22
1563855,780,787,23
1563865,786,787,23
1563875,778,787,23
1563885,782,786,24
1563896,784,786,24
1563906,779,786,24
1563916,786,786,24
1563926,780,786,25
1563936,783,786,24
1563947,786,786,24
1563957,780,786,24
1563967,785,786,24
1563977,782,786,24
1563987,783,786,24
1563998,785,786,23
1564008,778,786,24
1564018,784,786,23
1564028,783,786,23
1564038,780,785,24
1564049,784,785,24
1564059,780,785,24
1564069,783,785,23
1564079,784,785,23
1564089,780,785,23
1564100,785,785,22
1564110,780,785,22
1564120,783,785,21
1564130,785,785,21
1564141,779,785,21
1564151,784,785,20
1564161,781,785,20
1564171,780,784,21
1564181,786,784,21
1564192,779,784,20
1564202,785,784,20
1564212,785,784,20
1564222,781,784,19
1564232,786,784,19
1564243,780,784,19
1564253,785,784,18
1564263,786,784,18
1564273,779,784,18
1564283,785,784,18
1564294,782,784,18
1564304,782,784,17
1564314,786,784,17
1564324,779,784,17
1564334,784,784,16
1564345,782,784,16
1564355,779,784,16
1564365,784,784,16
1564375,779,783,17
1564385,783,783,16
1564396,786,783,16
1564406,780,783,16
1564416,786,783,16
1564426,780,783,16
1564437,783,783,16
1564447,784,783,16
1564457,779,783,15
1564467,786,783,14
1564477,782,783,14
1564488,782,783,13
1564498,786,783,13
1564508,779,783,13
1564518,786,783,12
1564528,786,783,12
1564539,781,783,12
1564549,787,783,12
1564559,780,783,12
1564569,784,783,11
1564579,787,783,11
1564590,778,782,11
1564600,785,782,11
1564610,780,782,11
1564620,782,782,10
1564630,784,782,10
1564641,778,782,10
1564651,784,782,10
1564661,783,782,10
1564671,781,782,10
1564681,786,782,10
1564692,781,782,10
1564702,785,782,10
1564712,785,782,10
1564722,779,782,10
1564733,785,782,10
1564743,780,782,10
1564753,782,782,10
1564763,787,782,10
1564773,779,782,10
1564784,786,782,10
RIM
1564804,742,734,11
1564814,736,734,11
1564824,732,734,11
1564835,736,734,11
1564845,736,734,11
1564855,734,734,11
1564865,736,734,11
1564875,731,734,10
1564886,734,733,10
1564896,734,733,9
1564906,729,733,8
1564916,734,733,8
1564926,730,733,8
1564937,732,733,7
1564947,734,733,7
1564957,729,733,7
1564967,733,733,7
1564977,732,733,7
1564988,730,733,7
1564998,734,733,7
1565008,729,733,7
1565018,733,733,7
1565028,734,733,7
1565039,730,733,7
1565049,734,733,7
1565059,730,733,7
1565069,732,733,7
1565079,735,733,7
1565090,729,733,7
1565100,733,733,7
1565110,731,733,7
1565120,732,733,7
1565130,734,733,7
1565141,730,733,7
1565151,733,733,7
1565161,733,733,6
1565171,730,733,7
1565181,735,733,7
1565192,730,733,7
1565202,732,733,7
1565212,735,733,7
1565222,730,733,7
1565232,734,733,7
1565243,731,733,7
1565253,732,733,6
1565263,735,733,6
1565273,729,733,7
1565283,733,733,6
1565294,732,733,6
1565304,732,733,6
1565314,735,733,6
1565324,729,733,6
1565334,733,733,6
1565345,733,733,6
1565355,729,732,7
1565365,734,732,7
1565375,730,732,7
1565385,733,732,7
1565396,734,733,6
1565406,728,732,7
1565416,735,732,7
1565426,731,732,7
1565436,731,732,7
1565447,735,732,7
1565457,728,732,7
1565467,734,732,7
1565477,732,732,7
1565487,730,732,7
1565498,735,732,7
1565508,729,732,7
1565518,733,732,7
1565528,734,732,7
1565538,730,732,7
1565549,734,732,7
1565559,729,732,7
1565569,732,732,7
1565579,735,732,7
1565589,729,732,7
1565600,734,732,7
1565610,731,732,7
1565620,732,732,7
1565630,735,732,7
1565640,729,732,7
1565651,734,732,7
1565661,733,732,7
1565671,731,732,7
1565681,735,732,7
1565691,730,732,7
1565702,733,732,7
1565712,734,732,7
1565722,729,732,7
1565732,734,732,7
1565742,729,732,7
1565753,732,732,6
1565763,734,732,7
1565773,729,732,6
1565783,733,732,6
1565793,732,732,6
1565804,731,732,6
1565814,735,732,6
1565824,729,732,6
1565834,733,732,6
1565844,733,732,6
1565855,730,732,6
1565865,734,732,6
1565875,729,732,6
1565885,732,732,5
1565895,734,732,5
1565906,729,732,5
1565916,733,732,5
1565926,731,732,5
1565936,732,732,5
1565946,735,732,5
1565957,728,732,5
1565967,733,732,5
1565977,732,732,5
1565987,730,732,5
1565997,735,732,5
1566008,730,732,5
1566018,732,732,5
OSM
1566039,678,682,3
1566049,680,682,3
1566059,680,682,3
1566069,681,682,3
1566080,680,682,3
1566090,678,682,3
1566100,682,682,3
1566110,680,682,3
1566120,679,682,4
1566131,681,682,3
1566141,679,682,4
1566151,681,682,4
1566161,682,682,3
1566171,680,682,3
1566182,683,682,3
1566192,680,682,3
1566202,681,682,3
1566212,682,682,3
1566222,679,682,3
1566233,681,682,3
1566243,681,682,3
1566253,681,682,3
1566263,683,682,3
1566273,679,682,3
1566284,682,682,3
1566294,681,682,3
1566304,681,681,4
1566314,683,682,3
1566324,679,681,4
1566335,681,681,4
1566345,682,681,4
1566355,681,681,4
1566365,682,681,4
1566375,680,681,4
1566386,680,681,4
1566396,681,681,4
1566406,680,681,4
1566416,682,681,4
1566426,680,681,4
1566437,680,681,4
1566447,681,681,4
1566457,681,681,4
1566467,681,681,4
1566477,681,681,4
1566488,681,681,3
1566498,682,681,3
1566508,680,681,3
1566518,681,681,3
1566528,681,681,3
1566539,680,681,3
1566549,681,681,3
1566559,681,681,3
1566569,681,681,3
1566579,681,681,3
1566590,680,681,3
1566600,681,681,3
1566610,681,681,3
1566620,680,681,3
1566630,682,681,3
1566641,679,681,3
1566651,681,681,3
1566661,682,681,3
1566671,681,681,3
1566681,681,681,3
1566692,680,681,3
1566702,681,681,3
1566712,683,681,3
1566722,680,681,3
1566732,682,681,3
1566743,681,681,3
1566753,681,681,3
1566763,682,681,3
1566773,680,681,3
1566783,681,681,3
1566794,681,681,3
1566804,680,681,2
1566814,682,681,2
1566824,680,681,2
1566834,681,681,2
1566845,682,681,2
1566855,680,681,2
1566865,682,681,2
1566875,681,681,2
1566885,681,681,2
1566896,682,681,2
1566906,679,681,2
1566916,682,681,2
1566926,681,681,2
1566936,680,681,2
1566947,681,681,2
1566957,678,681,2
1566967,682,681,2
1566977,682,681,2
1566987,679,681,2
1566998,682,681,2
1567008,680,681,2
1567018,682,681,2
1567028,682,681,2
1567038,679,681,2
1567049,681,681,2
1567059,680,681,2
1567069,681,681,2
1567079,682,681,2
1567089,679,681,2
1567100,682,681,1
1567110,681,681,1
1567120,681,681,1
1567130,682,680,2
1567140,679,680,2
1567151,682,680,2
1567161,682,680,2
1567171,680,680,2
1567181,682,680,2
1567191,680,680,2
1567202,681,680,2
1567212,682,680,2
1567222,680,680,2
1567232,682,680,1
1567242,680,680,1
1567253,680,680,1
SIM
1567273,797,782,9
1567283,786,782,9
1567293,785,782,9
1567303,781,782,9
1567314,785,782,9
1567324,779,782,9
1567334,783,782,9
1567344,786,782,9
1567355,780,782,9
1567365,787,782,9
1567375,781,782,9
1567385,784,782,9
1567395,786,782,9
1567406,779,782,9
1567416,784,782,9
1567426,782,782,9
1567436,795,782,10
1567446,800,783,12
1567457,780,783,12
1567467,785,783,12
1567477,783,783,12
1567487,780,783,12
1567497,787,783,12
1567508,781,783,12
1567518,784,783,12
1567528,786,783,12
1567538,780,783,12
1567548,786,783,12
1567559,781,783,12
1567569,783,783,12
1567579,785,783,12
1567589,779,783,12
1567599,785,783,12
1567610,782,783,12
1567620,779,783,12
1567630,785,783,12
1567640,779,783,12
1567651,784,783,12
1567661,786,783,12
1567671,781,783,12
1567681,786,783,12
1567691,781,783,12
1567702,785,783,12
1567712,786,783,12
1567722,778,783,12
1567732,784,783,12
1567742,782,783,12
1567753,781,783,12
1567763,785,783,12
1567773,778,783,12
1567783,785,783,12
1567793,785,783,12
1567804,781,783,12
1567814,788,783,12
1567824,781,783,12
1567834,784,783,12
1567844,789,783,12
1567855,779,783,12
1567865,786,783,12
1567875,781,783,12
1567885,783,783,12
1567895,786,783,12
1567906,779,783,12
1567916,785,783,12
1567926,782,783,12
1567936,780,783,12
1567946,785,783,12
1567957,779,783,12
1567967,787,783,12
1567977,785,783,12
1567987,782,783,12
1567998,787,783,12
1568008,781,783,12
1568018,784,783,12
1568028,786,783,12
1568038,780,783,12
1568049,785,783,12
1568059,782,783,12
1568069,782,783,12
1568079,787,783,12
1568089,780,783,12
1568100,785,783,12
1568110,785,783,12
1568120,782,783,12
1568130,788,783,12
1568140,780,783,12
1568151,784,783,12
1568161,785,783,12
1568171,778,783,12
1568181,785,783,12
1568191,781,783,12
1568202,783,783,12
1568212,785,783,12
1568222,779,783,12
1568232,786,783,12
1568243,783,783,12
1568253,782,783,12
1568263,787,783,12
1568273,780,783,12
1568283,783,783,12
1568294,786,783,12
1568304,779,783,12
1568314,785,783,12
1568324,782,783,12
1568334,784,783,12
1568345,787,783,12
1568355,779,783,12
1568365,786,783,12
1568375,784,783,12
1568385,783,783,12
1568396,786,783,12
1568406,779,783,12
1568416,784,783,12
1568426,783,783,12
1568436,778,783,12
1568447,786,783,12
1568457,778,783,12
1568467,783,783,12
1568477,785,783,12
1568488,780,783,12
RIM
1568508,745,732,6
1568518,736,732,6
1568528,738,732,6
1568538,731,732,6
1568549,737,732,6
1568559,735,732,6
1568569,734,732,6
1568579,737,732,6
1568589,732,732,6
1568600,736,732,6
1568610,738,732,6
1568620,732,732,6
1568630,737,732,6
1568640,732,732,6
1568651,735,732,6
1568661,737,732,7
1568671,731,732,7
1568681,736,732,7
1568691,733,732,7
1568702,734,732,7
1568712,737,732,7
1568722,730,732,7
1568732,735,732,7
1568742,735,732,7
1568753,732,732,7
1568763,736,732,7
1568773,731,732,7
1568783,735,732,7
1568793,736,732,7
1568804,731,732,7
1568814,736,732,7
1568824,731,732,7
1568834,734,732,7
1568844,736,732,7
1568855,730,732,7
1568865,736,732,7
1568875,734,732,7
1568885,733,732,7
1568895,737,732,8
1568906,730,732,8
1568916,735,732,8
1568926,735,732,8
1568936,732,732,8
1568946,736,732,8
1568957,731,732,8
1568967,734,732,8
1568977,736,732,8
1568987,730,732,8
1568997,736,732,8
1569008,732,732,8
1569018,733,732,8
1569028,736,733,7
1569038,731,732,8
1569048,736,733,7
1569059,734,733,7
1569069,733,733,7
1569079,736,733,7
1569089,732,733,7
1569099,735,733,7
1569110,735,733,7
1569120,731,733,7
1569130,736,733,7
1569140,732,733,7
1569150,734,733,7
1569161,737,733,7
1569171,731,733,7
1569181,736,733,7
1569191,732,733,7
1569201,734,733,7
1569212,736,733,7
1569222,731,733,7
1569232,735,733,7
1569242,734,733,7
1569252,732,733,7
1569263,736,733,7
1569273,732,733,7
1569283,735,733,7
1569293,736,733,7
1569303,732,733,7
1569314,736,733,7
1569324,732,733,7
1569334,734,733,7
1569344,736,733,6
1569354,731,733,6
1569365,736,733,7
1569375,732,733,7
1569385,733,733,7
1569395,736,733,7
1569405,732,733,7
1569416,735,733,7
1569426,735,733,6
1569436,732,733,6
1569446,736,733,6
1569456,732,733,6
1569467,735,733,6
1569477,736,733,6
1569487,731,733,6
1569497,736,733,6
1569507,734,733,6
1569518,733,733,6
1569528,736,733,6
1569538,730,733,6
1569548,736,733,6
1569558,732,733,6
1569569,732,733,6
1569579,736,733,6
1569589,731,733,6
1569599,735,733,6
1569609,736,733,6
1569620,731,733,6
1569630,735,733,6
1569640,731,733,6
1569650,732,733,6
1569660,735,733,6
1569671,730,733,6
1569681,734,733,6
1569691,731,733,6
1569701,731,733,6
1569711,735,733,6
1569722,728,733,6
OSM
1569743,680,680,1
1569753,677,680,1
1569763,642,680,13
1569773,575,679,106
1569784,571,678,203
1569794,570,677,301
1569804,566,676,404
1569814,639,676,415
1569824,672,676,415
1569835,676,676,415
1569845,684,676,416
1569855,676,676,415
1569865,679,676,415
1569875,680,676,415
1569886,677,676,415
1569896,678,676,415
1569906,675,676,414
1569916,676,676,414
1569927,678,676,414
1569937,675,676,414
1569947,677,676,414
1569957,674,676,414
1569967,677,676,413
1569978,678,675,414
1569988,676,675,414
1569998,679,675,414
1570008,679,675,413
1570018,676,675,413
1570029,677,675,413
1570039,675,675,412
1570049,675,675,412
1570059,679,675,412
1570069,674,675,411
1570080,678,675,411
1570090,675,675,411
1570100,677,675,411
1570110,677,675,411
1570120,675,675,410
1570131,678,675,410
1570141,586,674,476
1570151,572,673,563
1570161,570,672,652
1570171,566,671,745
1570182,569,670,832
1570192,568,670,918
1570202,568,669,1002
1570212,571,668,1081
1570223,575,667,1151
1570233,570,666,1227
1570243,571,665,1301
1570253,567,664,1379
1570263,569,663,1451
1570274,569,662,1523
1570284,571,661,1589
1570294,571,660,1654
1570304,570,659,1719
1570314,570,658,1781
1570325,569,658,1843
1570335,568,657,1905
1570345,569,656,1965
1570355,567,655,2025
1570366,568,654,2082
1570376,571,653,2133
1570386,569,652,2185
1570396,572,651,2232
1570406,568,650,2282
1570417,569,649,2327
1570427,570,648,2372
1570437,567,647,2417
1570447,569,646,2459
1570457,571,645,2496
1570468,570,644,2533
1570478,571,644,2566
1570488,568,643,2602
1570498,570,642,2634
1570508,570,641,2664
1570519,573,640,2689
1570529,569,639,2717
1570539,566,638,2747
1570549,570,637,2769
1570560,571,636,2790
1570570,568,635,2812
1570580,571,634,2829
1570590,569,633,2846
1570600,569,632,2861
1570611,570,631,2876
1570621,569,631,2886
1570631,571,630,2894
1570641,569,629,2904
1570651,569,628,2911
1570662,574,627,2914
1570672,566,626,2920
1570682,568,625,2921
1570692,571,624,2922
1570703,568,623,2920
1570713,573,622,2914
1570723,568,621,2909
1570733,570,620,2900
1570743,571,619,2892
1570754,568,619,2882
1570764,571,618,2869
1570774,569,617,2855
1570784,570,616,2838
1570795,569,615,2823
1570805,567,614,2805
1570815,569,613,2784
1570825,570,612,2761
1570835,568,611,2736
1570846,571,610,2711
1570856,570,609,2682
1570866,569,608,2651
1570876,572,607,2620
1570886,573,606,2583
1570897,573,606,2547
1570907,569,605,2510
1570917,570,604,2471
1570927,570,603,2432
1570938,566,602,2391
1570948,572,601,2347
1570958,567,600,2305
SIM
1570978,808,783,16
1570988,789,783,16
1570999,793,783,17
1571009,793,783,18
1571019,788,783,18
1571029,794,783,19
1571039,788,783,19
1571050,792,783,20
1571060,795,784,19
1571070,788,784,20
1571080,794,784,20
1571091,791,784,21
1571101,790,784,21
1571111,792,784,21
1571121,786,784,21
1571131,791,784,22
1571142,789,784,21
1571152,789,784,19
1571162,793,784,20
1571172,787,784,20
1571182,791,784,20
1571193,792,784,20
1571203,787,784,20
1571213,792,784,21
1571223,787,784,21
1571233,789,784,21
1571244,793,784,22
1571254,786,784,22
1571264,792,784,22
1571274,791,785,21
1571284,790,785,22
1571295,794,785,22
1571305,787,785,22
1571315,792,785,22
1571325,793,785,23
1571336,788,785,23
1571346,794,785,23
1571356,787,785,23
1571366,791,785,23
1571376,793,785,24
1571387,786,785,24
1571397,792,785,24
1571407,790,785,24
1571417,789,785,24
1571427,792,786,23
1571438,787,786,23
1571448,792,786,23
1571458,792,786,24
1571468,789,786,24
1571478,792,786,23
1571489,788,786,23
1571499,792,786,24
1571509,793,786,24
1571519,788,786,24
1571529,792,786,24
1571540,787,786,24
1571550,792,786,24
1571560,792,786,24
1571570,787,786,24
1571581,794,786,24
1571591,790,786,25
1571601,789,787,24
1571611,793,787,23
1571621,786,787,23
1571632,792,787,23
1571642,792,787,23
1571652,789,787,23
1571662,793,787,23
1571672,787,787,23
1571683,790,787,23
1571693,793,787,23
1571703,787,787,23
1571713,793,787,23
1571723,790,787,23
1571734,791,787,23
1571744,792,787,23
1571754,786,787,23
1571764,791,787,23
1571774,789,788,22
1571785,788,788,22
1571795,793,788,21
1571805,787,788,21
1571815,792,788,21
1571825,792,788,21
1571836,788,788,21
1571846,794,788,21
1571856,788,788,21
1571866,792,788,21
1571877,794,788,20
1571887,786,788,20
1571897,792,788,20
1571907,788,788,20
1571917,788,788,20
1571928,792,788,19
1571938,786,788,19
1571948,792,788,19
1571958,790,789,18
1571968,787,789,18
1571979,792,789,17
1571989,788,789,17
1571999,792,789,17
1572009,793,789,16
1572019,786,789,16
1572030,791,789,16
1572040,788,789,15
1572050,788,789,15
1572060,792,789,15
1572070,786,789,15
1572081,793,789,15
1572091,791,789,14
1572101,789,789,14
1572111,795,789,14
1572121,788,789,14
1572132,792,790,12
1572142,793,790,11
1572152,789,790,11
1572162,794,790,10
1572173,788,790,10
1572183,790,790,9
1572193,793,790,9
RIM
1572213,766,734,13
1572223,755,734,17
1572234,752,734,19
1572244,755,734,23
1572254,748,734,24
1572264,753,734,27
1572274,753,734,30
1572285,750,735,31
1572295,753,735,34
1572305,749,735,36
1572315,752,735,38
1572325,752,735,40
1572336,748,735,42
1572346,754,735,45
1572356,748,736,45
1572366,751,736,47
1572376,753,736,49
1572387,747,736,50
1572397,753,736,52
1572407,751,736,54
1572417,750,736,56
1572428,753,737,57
1572438,750,737,58
1572448,754,737,61
1572458,754,737,63
1572468,752,737,65
1572479,755,737,67
1572489,750,737,68
1572499,755,738,70
1572509,756,738,72
1572519,750,738,73
1572530,756,738,76
1572540,753,738,77
1572550,751,738,79
1572560,755,739,79
1572570,747,739,80
1572581,753,739,81
1572591,752,739,82
1572601,750,739,83
1572611,753,739,84
1572621,748,739,85
1572632,750,740,85
1572642,753,740,85
1572652,748,740,86
1572662,753,740,87
1572672,748,740,87
1572683,750,740,87
1572693,752,740,88
1572703,749,741,87
1572713,755,741,88
1572723,753,741,89
1572734,752,741,90
1572744,757,741,91
1572754,750,741,91
1572764,755,742,92
1572774,755,742,92
1572785,750,742,92
1572795,754,742,93
1572805,748,742,93
1572815,752,742,93
1572825,753,742,93
1572836,747,743,92
1572846,753,743,92
1572856,749,743,91
1572866,751,743,92
1572876,753,743,91
1572887,747,743,91
1572897,752,743,91
1572907,750,744,89
1572917,749,744,89
1572928,753,744,88
1572938,749,744,88
1572948,753,744,88
1572958,754,744,87
1572968,751,744,87
1572979,755,745,86
1572989,750,745,85
1572999,753,745,85
1573009,755,745,84
1573019,749,745,84
1573030,756,745,83
1573040,751,746,82
1573050,751,746,81
1573060,754,746,80
1573070,748,746,79
1573081,753,746,78
1573091,751,746,76
1573101,749,746,76
1573111,752,747,73
1573121,748,747,72
1573132,751,747,71
1573142,752,747,69
1573152,747,747,68
1573162,754,747,67
1573172,751,747,66
1573183,754,748,64
1573193,756,748,62
1573203,751,748,61
1573213,756,748,60
1573224,750,748,58
1573234,751,748,57
1573244,755,749,54
1573254,750,749,52
1573264,754,749,50
1573275,755,749,48
1573285,751,749,47
1573295,755,749,44
1573305,751,749,43
1573315,754,750,40
1573326,757,750,37
1573336,751,750,36
1573346,756,750,33
1573356,753,750,30
1573366,753,751,27
1573377,756,751,24
1573387,750,751,22
1573397,755,751,18
1573407,755,751,15
1573417,752,751,13
1573428,756,752,8
OSM
1573449,575,599,2257
1573459,572,598,2213
1573469,568,598,2204
1573479,570,598,2206
1573490,568,598,2208
1573500,567,598,2209
1573510,572,598,2206
1573520,572,597,2198
1573530,570,596,2158
1573541,571,595,2110
1573551,567,594,2051
1573561,570,593,2001
1573571,568,593,1944
1573582,570,592,1885
1573592,571,591,1828
1573602,569,590,1768
1573612,570,589,1711
1573622,569,588,1651
1573633,568,587,1588
1573643,568,586,1526
1573653,567,585,1461
1573663,569,584,1398
1573673,570,584,1328
1573684,568,583,1255
1573694,572,582,1184
1573704,568,581,1107
1573714,569,580,1028
1573725,570,579,952
1573735,568,578,873
1573745,568,577,796
1573755,566,576,717
1573765,568,575,630
1573776,570,575,549
1573786,568,574,460
1573796,570,573,375
1573806,569,572,284
1573816,569,571,192
1573827,572,570,102
1573837,569,569,6
1573847,571,569,3
1573857,570,569,3
1573867,575,569,3
1573878,572,569,3
1573888,570,569,3
1573898,569,569,3
1573908,572,569,3
1573918,571,569,3
1573929,570,569,3
1573939,569,569,3
1573949,573,569,3
1573959,571,569,3
1573969,569,569,3
1573980,571,569,3
1573990,569,569,3
1574000,570,569,3
1574010,571,569,3
1574020,569,569,3
1574031,570,569,3
1574041,571,569,3
1574051,572,569,3
1574061,571,569,3
1574071,569,569,3
1574082,570,569,3
1574092,571,569,3
1574102,572,569,3
1574112,571,569,3
1574122,570,569,3
1574133,570,569,3
1574143,571,569,3
1574153,569,569,3
1574163,571,569,3
1574173,570,569,3
1574184,569,569,3
1574194,570,569,3
1574204,569,569,3
1574214,571,569,3
1574224,572,569,3
1574235,569,569,3
1574245,571,569,3
1574255,569,569,3
1574265,570,569,3
1574275,571,569,3
1574286,569,569,3
1574296,571,569,3
1574306,570,569,3
1574316,570,569,3
1574326,571,569,3
1574337,568,569,3
1574347,570,569,3
1574357,571,569,3
1574367,569,569,3
1574377,571,569,3
1574388,569,569,3
1574398,571,569,3
1574408,571,569,3
1574418,569,569,3
1574428,572,569,3
1574439,569,569,3
1574449,569,569,3
1574459,571,569,3
1574469,568,569,3
1574479,571,569,3
1574490,570,569,3
1574500,569,569,3
1574510,575,569,3
1574520,569,569,3
1574530,569,569,3
1574541,576,570,3
1574551,568,570,3
1574561,572,570,3
1574571,569,570,3
1574581,571,570,3
1574592,571,570,3
1574602,568,569,3
1574612,575,570,3
1574622,570,570,3
1574632,570,570,3
1574643,571,570,3
1574653,568,570,3
1574663,571,570,2
SIM
1574683,806,790,8
1574694,795,790,8
1574704,788,790,8
1574714,792,790,8
1574724,792,790,8
1574734,786,790,8
1574745,794,790,8
1574755,788,790,8
1574765,792,790,8
1574775,794,790,8
1574785,787,790,8
1574796,792,790,8
1574806,789,790,8
1574816,790,790,8
1574826,793,790,8
1574836,788,790,8
1574847,793,790,8
1574857,791,790,8
1574867,788,790,8
1574877,795,790,8
1574887,788,790,8
1574898,792,790,8
1574908,793,790,8
1574918,788,790,8
1574928,794,790,8
1574938,789,790,8
1574949,790,790,8
1574959,793,790,8
1574969,787,790,8
1574979,794,790,8
1574989,791,790,8
1575000,790,790,8
1575010,793,790,8
1575020,787,790,8
1575030,792,790,8
1575040,793,790,8
1575051,788,790,8
1575061,794,790,8
1575071,788,790,8
1575081,791,790,8
1575091,794,790,8
1575102,786,790,8
1575112,792,790,8
1575122,789,790,8
1575132,790,790,8
1575142,793,790,8
1575153,788,790,8
1575163,792,790,8
1575173,791,790,8
1575183,788,790,8
1575193,794,790,8
1575204,787,790,8
1575214,791,790,8
1575224,792,790,8
1575234,787,790,8
1575244,793,790,8
1575255,788,790,8
1575265,791,790,8
1575275,793,790,8
1575285,787,790,8
1575295,793,790,8
1575306,790,790,8
1575316,790,790,8
1575326,794,790,8
1575336,787,790,8
1575346,793,790,8
1575357,792,790,8
1575367,788,790,8
1575377,794,790,8
1575387,787,790,9
1575397,792,790,8
1575408,792,790,8
1575418,788,790,8
1575428,794,790,9
1575438,789,790,9
1575448,790,790,9
1575459,793,790,8
1575469,787,790,9
1575479,793,790,9
1575489,790,790,9
1575499,790,790,8
1575510,795,790,9
1575520,788,790,9
1575530,792,790,9
1575540,793,790,9
1575550,789,790,9
1575561,793,790,9
1575571,788,790,9
1575581,791,790,8
1575591,793,790,8
1575601,788,790,8
1575612,793,790,8
1575622,790,790,8
1575632,792,790,8
1575642,793,790,8
1575652,789,790,8
1575663,793,790,8
1575673,792,790,8
1575683,789,790,8
1575693,794,790,8
1575703,788,790,8
1575714,791,790,8
1575724,792,790,8
1575734,788,790,8
1575744,793,790,8
1575754,788,790,8
1575765,791,790,8
1575775,793,790,8
1575785,787,790,8
1575795,794,790,8
1575805,790,790,8
1575816,790,790,8
1575826,793,790,8
1575836,786,790,8
1575846,793,790,8
1575856,792,790,8
1575867,788,790,8
1575877,793,790,8
1575887,787,790,8
1575897,792,790,8
RIM
1575917,765,752,7
1575928,757,752,8
1575938,753,752,8
1575948,755,752,8
1575958,757,752,8
1575969,747,752,8
1575979,753,752,8
1575989,751,752,8
1575999,750,752,8
1576009,753,752,8
1576020,748,752,8
1576030,752,752,8
1576040,753,752,8
1576050,748,752,8
1576060,753,752,8
1576071,750,752,8
1576081,753,752,8
1576091,756,752,8
1576101,750,752,8
1576111,756,752,8
1576122,752,752,8
1576132,753,752,8
1576142,755,752,8
1576152,749,752,8
1576162,754,752,8
1576173,752,752,8
1576183,750,752,8
1576193,755,752,8
1576203,750,752,8
1576213,754,752,8
1576224,755,752,8
1576234,749,752,8
1576244,754,752,8
1576254,750,752,8
1576264,753,752,8
1576275,756,752,8
1576285,749,752,8
1576295,754,752,8
1576305,752,752,8
1576315,752,752,8
1576326,755,752,8
1576336,750,752,8
1576346,754,752,8
1576356,754,752,8
1576366,751,752,8
1576377,755,752,8
1576387,750,752,8
1576397,753,752,8
1576407,755,752,8
1576417,749,752,8
1576428,754,752,8
1576438,751,752,8
1576448,752,752,7
1576458,755,752,7
1576468,749,752,7
1576479,754,752,7
1576489,752,752,7
1576499,751,752,7
1576509,755,752,7
1576519,750,752,7
1576530,754,752,7
1576540,756,752,7
1576550,749,752,7
1576560,755,752,7
1576570,750,752,7
1576581,753,752,7
1576591,755,752,7
1576601,749,752,7
1576611,754,752,7
1576621,752,752,7
1576632,752,752,7
1576642,755,752,7
1576652,749,752,7
1576662,754,752,7
1576672,753,752,7
1576683,751,752,7
1576693,754,752,7
1576703,750,752,7
1576713,753,752,7
1576723,755,752,7
1576734,750,752,7
1576744,754,752,7
1576754,751,752,7
1576764,753,752,7
1576774,755,752,7
1576785,750,752,7
1576795,755,752,7
1576805,752,752,7
1576815,751,752,7
1576825,755,752,7
1576836,750,752,7
1576846,754,752,7
1576856,754,752,7
1576866,750,752,7
1576876,755,752,7
1576887,751,752,7
1576897,752,752,7
1576907,755,752,7
1576917,749,752,7
1576927,754,752,7
1576938,751,752,7
1576948,753,752,7
1576958,755,752,7
1576968,749,752,7
1576978,754,752,7
1576989,755,752,7
1576999,751,752,7
1577009,755,752,7
1577019,750,752,7
1577029,753,752,7
1577040,755,752,7
1577050,749,752,7
1577060,755,752,7
1577070,750,752,7
1577080,753,752,7
1577091,756,752,7
1577101,749,752,7
1577111,755,752,7
1577121,751,752,7
1577131,751,752,7
OSM
1577152,568,570,2
1577162,569,569,3
1577172,569,569,3
1577183,567,569,3
1577193,571,569,3
1577203,568,570,2
1577213,568,569,3
1577223,572,569,3
1577234,571,569,3
1577244,569,569,3
1577254,567,569,3
1577264,569,569,3
1577274,570,569,3
1577285,567,569,3
1577295,569,569,3
1577305,569,569,3
1577315,568,569,3
1577325,570,569,3
1577336,569,569,3
1577346,573,569,3
1577356,575,570,2
1577366,572,570,3
1577376,575,570,3
1577387,569,570,3
1577397,573,570,3
1577407,574,570,3
1577417,571,570,3
1577427,575,570,3
1577438,569,570,3
1577448,574,570,3
1577458,574,570,3
1577468,572,570,3
1577478,575,570,3
1577489,570,570,3
1577499,573,570,3
1577509,574,570,3
1577519,573,570,4
1577529,573,570,4
1577540,571,570,4
1577550,571,570,4
1577560,574,570,4
1577570,574,570,4
1577580,574,570,4
1577591,572,570,4
1577601,572,570,4
1577611,574,570,4
1577621,573,570,4
1577631,573,570,4
1577642,570,570,4
1577652,572,570,4
1577662,574,570,4
1577672,573,570,4
1577682,572,570,4
1577693,572,570,4
1577703,571,570,4
1577713,573,570,4
1577723,574,570,4
1577733,571,570,4
1577744,571,570,4
1577754,574,570,5
1577764,572,570,5
1577774,574,570,5
1577784,572,570,5
1577795,571,570,5
1577805,572,570,5
1577815,572,570,5
1577825,574,571,4
1577835,572,571,4
1577846,570,571,4
1577856,575,571,4
1577866,571,571,4
1577876,573,571,4
1577886,572,571,4
1577897,570,571,4
1577907,575,571,4
1577917,571,571,4
1577927,574,571,4
1577937,574,571,4
1577948,569,571,4
1577958,574,571,4
1577968,571,571,4
1577978,575,571,4
1577988,575,571,5
1577999,568,571,5
1578009,574,571,5
1578019,571,571,5
1578029,573,571,5
1578039,575,571,5
1578050,568,571,5
1578060,575,571,5
1578070,573,571,5
1578080,572,571,5
1578090,576,571,5
1578101,569,571,5
1578111,574,571,5
1578121,572,571,5
1578131,572,571,5
1578141,574,571,5
1578152,568,571,5
1578162,574,571,5
1578172,575,571,5
1578182,571,571,5
1578192,573,571,5
1578203,568,571,5
1578213,570,571,5
1578223,574,571,5
1578233,571,571,5
1578243,573,571,5
1578254,570,571,5
1578264,570,571,5
1578274,574,571,5
1578284,571,571,5
1578294,573,571,5
1578305,571,571,5
1578315,569,571,5
1578325,575,571,5
1578335,571,571,5
1578345,573,571,5
1578356,571,571,5
1578366,569,571,5
SIM
1578386,803,790,8
1578396,792,790,7
1578407,793,790,7
1578417,786,790,8
1578427,793,790,8
1578437,790,790,7
1578447,790,790,7
1578458,794,790,7
1578468,789,790,7
1578478,793,790,7
1578488,791,790,7
1578498,789,790,7
1578509,794,790,7
1578519,788,790,7
1578529,791,790,7
1578539,793,790,7
1578549,788,790,7
1578560,794,790,7
1578570,789,790,7
1578580,792,790,7
1578590,792,790,7
1578600,786,790,7
1578611,792,790,7
1578621,790,790,7
1578631,790,790,7
1578641,794,790,7
1578651,787,790,7
1578662,791,790,7
1578672,791,790,7
1578682,788,790,7
1578692,793,790,7
1578702,787,790,7
1578713,791,790,7
1578723,792,790,7
1578733,786,790,7
1578743,794,790,7
1578753,788,790,7
1578764,790,790,7
1578774,792,790,7
1578784,786,790,7
1578794,793,790,7
1578804,790,790,7
1578815,788,790,7
1578825,792,790,7
1578835,788,790,7
1578845,792,790,7
1578855,792,790,7
1578866,786,790,7
1578876,794,790,7
1578886,787,790,7
1578896,792,790,7
1578906,793,790,7
1578917,786,790,7
1578927,792,790,7
1578937,788,790,7
1578947,790,790,7
1578957,792,790,7
1578968,787,790,7
1578978,792,790,7
1578988,790,790,7
1578998,788,790,7
1579008,792,790,7
1579019,787,790,7
1579029,790,790,7
1579039,791,790,7
1579049,787,790,7
1579059,792,790,7
1579070,788,790,7
1579080,789,790,7
1579090,792,790,7
1579100,785,790,7
1579110,792,790,7
1579121,789,790,7
1579131,788,790,7
1579141,792,790,7
1579151,785,790,7
1579161,791,790,7
1579172,789,790,7
1579182,786,790,7
1579192,793,790,7
1579202,786,790,7
1579212,790,790,7
1579223,792,790,7
1579233,785,790,7
1579243,792,790,7
1579253,787,790,7
1579263,789,790,7
1579274,792,790,7
1579284,786,790,7
1579294,791,790,7
1579304,789,790,7
1579314,788,790,7
1579325,791,790,7
1579335,785,790,7
1579345,791,790,7
1579355,792,790,7
1579365,788,790,7
1579376,793,790,7
1579386,787,790,7
1579396,790,790,7
1579406,792,790,7
1579416,785,790,8
1579427,792,790,8
1579437,787,790,8
1579447,789,790,8
1579457,792,790,8
1579467,785,790,8
1579478,792,790,8
1579488,789,790,8
1579498,787,790,8
1579508,791,790,8
1579518,786,789,9
1579529,790,789,9
1579539,790,789,8
1579549,788,789,8
1579559,792,789,8
1579569,786,789,8
1579580,789,789,8
1579590,792,789,8
1579600,785,789,8
RIM
1579620,761,752,6
1579631,755,752,6
1579641,756,752,6
1579651,750,752,6
1579661,755,752,6
1579671,756,752,6
1579682,751,752,6
1579692,755,752,6
1579702,749,752,6
1579712,753,752,6
1579722,753,752,6
1579733,749,752,6
1579743,754,752,6
1579753,749,752,6
1579763,751,752,6
1579773,753,752,6
1579784,748,752,6
1579794,753,752,6
1579804,751,752,6
1579814,749,752,5
1579824,753,752,5
1579835,749,752,6
1579845,752,752,5
1579855,752,752,5
1579865,748,752,5
1579875,753,752,5
1579886,749,752,6
1579896,751,752,5
1579906,754,752,5
1579916,747,752,6
1579926,752,752,6
1579937,751,752,6
1579947,751,752,5
1579957,753,752,5
1579967,748,752,6
1579977,753,752,5
1579988,752,752,5
1579998,748,752,5
1580008,754,752,6
1580018,748,752,6
1580028,752,752,6
1580039,754,752,6
1580049,748,752,6
1580059,753,752,6
1580069,749,752,6
1580079,751,752,6
1580090,753,752,6
1580100,747,752,6
1580110,752,752,6
1580120,750,752,6
1580130,750,752,6
1580141,753,752,6
1580151,748,752,6
1580161,752,752,6
1580171,752,752,6
1580181,749,752,6
1580192,754,752,6
1580202,748,752,6
1580212,751,751,7
1580222,753,752,6
1580232,747,751,7
1580243,752,751,7
1580253,749,751,7
1580263,751,751,7
1580273,753,751,7
1580283,748,751,7
1580294,753,751,7
1580304,750,751,6
1580314,749,751,6
1580324,753,751,6
1580334,747,751,7
1580345,752,751,6
1580355,753,751,6
1580365,748,751,6
1580375,753,751,6
1580385,748,751,7
1580396,751,751,6
1580406,754,751,7
1580416,747,751,7
1580426,753,751,7
1580436,750,751,7
1580447,751,751,6
1580457,753,751,6
1580467,748,751,7
1580477,752,751,6
1580487,751,751,6
1580498,749,751,6
1580508,753,751,6
1580518,749,751,6
1580528,752,751,6
1580538,753,751,6
1580549,748,751,6
1580559,753,751,6
1580569,749,751,6
1580579,751,751,6
1580589,753,751,6
1580600,749,751,6
1580610,752,751,6
1580620,750,751,6
1580630,749,751,6
1580640,752,751,6
1580651,747,751,6
1580661,753,751,6
1580671,752,751,6
1580681,749,751,6
1580691,753,751,6
1580702,748,751,6
1580712,752,751,6
1580722,753,751,6
1580732,748,751,6
1580742,753,751,6
1580753,749,751,6
1580763,751,751,6
1580773,753,751,6
1580783,747,751,6
1580793,753,751,6
1580804,752,751,6
1580814,749,751,5
1580824,753,751,5
1580834,748,751,6
OSM
1580855,571,571,5
1580865,567,571,5
1580875,571,571,5
1580885,572,571,5
1580896,571,571,5
1580906,573,571,5
1580916,568,571,5
1580926,571,571,5
1580936,569,571,5
1580947,569,571,5
1580957,571,571,5
1580967,568,571,5
1580977,570,571,5
1580987,570,571,5
1580998,568,571,5
1581008,572,571,5
1581018,568,571,5
1581028,570,571,5
1581038,571,571,5
1581049,569,571,5
1581059,570,571,5
1581069,571,571,5
1581079,572,571,5
1581089,573,571,5
1581100,569,571,5
1581110,570,571,4
1581120,570,571,4
1581130,570,571,4
1581140,577,571,5
1581151,569,571,5
1581161,570,571,4
1581171,572,571,4
1581181,570,571,4
1581191,573,571,4
1581202,569,571,4
1581212,569,571,4
1581222,571,571,4
1581232,568,571,4
1581242,571,571,4
1581253,568,571,4
1581263,569,571,4
1581273,572,571,4
1581283,567,571,4
1581293,569,571,4
1581304,568,571,4
1581314,567,571,5
1581324,570,571,4
1581334,567,571,5
1581344,568,571,5
1581355,569,571,5
1581365,568,571,5
1581375,569,571,5
1581385,568,571,5
1581395,570,571,5
1581406,569,571,5
1581416,568,571,5
1581426,571,571,5
1581436,569,571,5
1581446,570,571,5
1581457,570,570,6
1581467,568,570,6
1581477,570,570,6
1581487,569,570,6
1581497,569,570,6
1581508,570,570,5
1581518,568,570,5
1581528,569,570,5
1581538,571,570,5
1581548,568,570,5
1581559,569,570,5
1581569,568,570,5
1581579,569,570,5
1581589,570,570,5
1581599,568,570,5
1581610,568,570,5
1581620,568,570,5
1581630,568,570,5
1581640,569,570,5
1581650,567,570,5
1581661,569,570,5
1581671,570,570,5
1581681,568,570,5
1581691,571,570,4
1581701,568,570,4
1581712,569,570,4
1581722,569,570,4
1581732,567,570,4
1581742,571,570,4
1581752,569,570,4
1581763,568,570,4
1581773,570,570,4
1581783,567,570,4
1581793,569,569,4
1581803,571,569,4
1581814,568,569,4
1581824,569,569,4
1581834,568,569,4
1581844,569,569,4
1581854,570,569,4
1581865,567,569,4
1581875,570,569,3
1581885,568,569,3
1581895,570,569,3
1581905,569,569,3
1581916,567,569,3
1581926,569,569,3
1581936,568,569,3
1581946,570,569,3
1581956,570,569,3
1581967,567,569,3
1581977,570,569,3
1581987,569,569,3
1581997,569,569,3
1582007,570,569,3
1582018,568,569,3
1582028,569,569,2
1582038,570,569,2
1582048,568,569,2
1582058,570,569,2
1582069,567,569,2
SIM
1582089,811,789,11
1582099,789,789,11
1582109,795,789,11
1582120,790,789,11
1582130,789,789,11
1582140,793,789,11
1582150,786,789,11
1582160,792,789,11
1582171,792,789,11
1582181,788,789,11
1582191,794,789,11
1582201,787,789,11
1582212,792,789,11
1582222,794,789,11
1582232,786,789,11
1582242,792,789,11
1582252,789,789,11
1582263,790,789,11
1582273,794,789,11
1582283,787,789,11
1582293,793,789,11
1582303,791,789,11
1582314,789,789,11
1582324,794,789,11
1582334,788,789,11
1582344,792,789,11
1582354,792,789,11
1582365,787,789,11
1582375,793,789,11
1582385,789,789,11
1582395,792,789,11
1582405,794,789,11
1582416,787,789,11
1582426,794,789,11
1582436,791,789,11
1582446,791,789,11
1582456,795,790,10
1582467,786,789,11
1582477,792,789,11
1582487,792,790,10
1582497,788,790,10
1582508,792,790,10
1582518,786,790,10
1582528,790,789,11
1582538,793,790,10
1582548,786,789,11
1582559,793,789,12
1582569,789,790,10
1582579,792,789,11
1582589,792,790,10
1582599,789,790,10
1582610,793,790,10
1582620,791,790,10
1582630,788,790,10
1582640,793,790,10
1582650,787,790,10
1582661,792,790,10
1582671,793,790,10
1582681,790,790,10
1582691,794,790,10
1582701,788,790,10
1582712,791,790,10
1582722,794,790,10
1582732,787,790,10
1582742,794,790,11
1582753,790,790,11
1582763,790,790,10
1582773,793,790,11
1582783,786,790,11
1582793,792,790,11
1582804,791,790,10
1582814,787,790,11
1582824,793,790,11
1582834,786,790,11
1582844,792,790,11
1582855,793,790,11
1582865,788,790,11
1582875,794,790,11
1582885,789,790,11
1582895,792,790,11
1582906,792,790,10
1582916,786,790,11
1582926,791,790,11
1582936,790,790,10
1582946,789,790,10
1582957,795,790,10
1582967,787,790,10
1582977,793,790,11
1582987,794,790,11
1582997,789,790,11
1583008,793,790,11
1583018,788,790,11
1583028,790,790,11
1583038,792,790,10
1583049,787,790,10
1583059,792,790,10
1583069,788,790,10
1583079,791,790,10
1583089,794,790,10
1583100,787,790,11
1583110,794,790,11
1583120,792,790,10
1583130,788,790,10
1583140,795,790,11
1583151,788,790,11
1583161,792,790,11
1583171,794,790,11
1583181,787,790,11
1583191,794,790,11
1583202,787,790,11
1583212,790,790,11
1583222,795,790,11
1583232,786,790,11
1583242,792,790,11
1583253,791,790,11
1583263,790,790,11
1583273,795,790,11
1583283,789,790,11
1583293,793,790,11
1583304,792,790,11
RIM
1583324,763,751,6
1583334,750,751,6
1583344,752,751,6
1583355,755,751,6
1583365,749,751,6
1583375,756,751,6
1583385,752,751,6
1583395,752,750,6
1583406,757,751,6
1583416,751,751,6
1583426,755,751,6
1583436,754,751,6
1583446,751,751,6
1583457,756,751,6
1583467,750,751,6
1583477,755,751,6
1583487,756,751,6
1583497,750,751,6
1583508,756,751,6
1583518,751,751,6
1583528,753,751,6
1583538,756,751,7
1583548,750,751,7
1583559,755,751,7
1583569,752,751,7
1583579,753,751,7
1583589,756,751,7
1583599,749,751,7
1583610,755,751,7
1583620,754,751,7
1583630,751,751,7
1583640,755,751,7
1583650,750,751,7
1583661,754,751,7
1583671,755,751,7
1583681,751,751,7
1583691,754,751,7
1583701,751,751,7
1583712,753,751,7
1583722,755,751,7
1583732,750,751,7
1583742,754,751,7
1583752,752,751,7
1583763,752,751,7
1583773,756,751,7
1583783,751,751,7
1583793,755,751,7
1583803,755,751,7
1583814,751,751,7
1583824,755,751,7
1583834,751,751,7
1583844,753,751,7
1583854,755,751,7
1583865,750,751,7
1583875,755,751,7
1583885,753,751,7
1583895,752,751,7
1583905,755,751,7
1583916,750,751,7
1583926,754,751,8
1583936,753,751,7
1583946,751,751,7
1583956,754,752,6
1583967,748,752,7
1583977,752,751,7
1583987,753,752,6
1583997,748,751,7
1584007,754,752,7
1584018,749,752,7
1584028,751,752,7
1584038,753,752,6
1584048,747,752,7
1584058,753,752,7
1584069,750,752,6
1584079,750,752,6
1584089,753,752,6
1584099,747,752,7
1584109,752,752,6
1584120,752,752,6
1584130,748,752,6
1584140,753,752,6
1584150,749,752,6
1584160,752,752,6
1584171,754,752,6
1584181,747,752,7
1584191,752,752,7
1584201,749,752,7
1584211,751,752,7
1584222,753,752,6
1584232,747,751,8
1584242,752,751,8
1584252,752,752,7
1584262,750,751,8
1584273,753,752,6
1584283,748,752,7
1584293,751,751,8
1584303,754,752,7
1584313,748,751,8
1584324,754,752,7
1584334,749,752,7
1584344,751,752,7
1584354,753,752,7
1584364,747,752,7
1584375,753,752,7
1584385,750,752,7
1584395,750,752,7
1584405,753,752,7
1584415,748,752,7
1584426,752,752,7
1584436,752,752,7
1584446,749,752,7
1584456,754,752,7
1584466,749,752,7
1584477,751,752,7
1584487,753,752,6
1584497,749,752,7
1584507,753,752,7
1584517,748,752,7
1584528,752,752,7
1584538,753,752,6
OSM
1584559,572,569,2
1584569,571,569,2
1584579,569,569,2
1584589,573,569,2
1584600,569,569,2
1584610,570,569,2
1584620,570,569,2
1584630,568,569,2
1584640,571,569,2
1584651,569,569,2
1584661,570,569,2
1584671,572,569,2
1584681,569,569,2
1584691,571,569,2
1584702,570,569,2
1584712,569,569,2
1584722,572,569,2
1584732,569,569,2
1584742,571,569,2
1584753,571,569,2
1584763,569,569,2
1584773,571,569,2
1584783,570,569,2
1584793,570,569,2
1584804,571,569,2
1584814,568,569,2
1584824,573,569,2
1584834,570,569,2
1584844,571,569,2
1584855,571,569,2
1584865,568,569,2
1584875,574,569,2
1584885,570,569,2
1584895,571,569,2
1584906,575,569,2
1584916,568,569,2
1584926,571,569,2
1584936,571,569,2
1584946,569,569,2
1584957,571,569,2
1584967,568,569,2
1584977,571,569,2
1584987,571,569,2
1584997,568,569,2
1585008,572,569,2
1585018,574,569,2
1585028,572,569,2
1585038,571,569,2
1585048,568,569,2
1585059,571,569,2
1585069,571,569,2
1585079,571,569,2
1585089,571,569,2
1585099,571,569,2
1585110,571,569,2
1585120,570,569,2
1585130,569,569,2
1585140,576,569,3
1585150,572,569,3
1585161,573,569,3
1585171,571,569,3
1585181,568,569,3
1585191,572,569,3
1585201,570,569,3
1585212,572,569,3
1585222,571,569,3
1585232,568,569,3
1585242,571,569,3
1585252,574,569,3
1585263,574,569,4
1585273,572,569,4
1585283,569,569,4
1585293,571,569,4
1585303,571,569,4
1585314,569,569,4
1585324,571,570,3
1585334,570,570,3
1585344,570,570,3
1585354,571,570,3
1585365,569,570,3
1585375,570,570,3
1585385,571,570,3
1585395,569,570,3
1585405,571,570,3
1585416,572,570,3
1585426,570,570,3
1585436,571,570,2
1585446,569,570,2
1585456,571,570,2
1585467,569,570,2
1585477,570,570,2
1585487,571,570,2
1585497,568,570,2
1585507,571,570,2
1585518,570,570,2
1585528,570,570,2
1585538,574,570,2
1585548,569,570,2
1585558,570,570,2
1585569,570,570,2
1585579,569,570,2
1585589,574,570,3
1585599,571,570,3
1585609,573,570,3
1585620,574,570,3
1585630,569,570,3
1585640,576,570,3
1585650,571,570,3
1585660,572,570,3
1585671,575,570,3
1585681,567,570,3
1585691,572,570,3
1585701,570,570,3
1585711,572,570,3
1585722,574,570,3
1585732,568,570,3
1585742,573,570,3
1585752,573,570,3
1585762,571,570,3
1585773,574,570,4
SIM
1585793,808,790,10
1585803,796,790,10
1585813,789,790,10
1585824,793,790,10
1585834,789,790,10
1585844,790,790,10
1585854,793,790,10
1585864,787,790,10
1585875,792,790,10
1585885,791,790,10
1585895,790,790,10
1585905,793,790,10
1585915,786,790,10
1585926,792,790,10
1585936,792,790,10
1585946,789,790,10
1585956,793,790,10
1585966,790,790,10
1585977,793,790,10
1585987,795,790,10
1585997,788,790,10
1586007,793,790,10
1586017,788,790,10
1586028,789,790,10
1586038,792,790,10
1586048,785,790,10
1586058,791,790,10
1586068,791,790,10
1586079,788,790,10
1586089,793,790,10
1586099,787,790,10
1586109,791,790,10
1586120,792,790,10
1586130,787,790,10
1586140,792,790,10
1586150,789,790,10
1586160,791,790,9
1586171,792,790,9
1586181,786,790,9
1586191,793,790,10
1586201,789,790,9
1586211,790,790,9
1586222,793,790,9
1586232,787,790,9
1586242,791,790,9
1586252,791,790,9
1586262,790,790,9
1586273,794,790,9
1586283,788,790,9
1586293,790,790,9
1586303,793,790,9
1586313,788,790,9
1586324,794,790,9
1586334,789,790,9
1586344,791,790,9
1586354,794,790,9
1586364,787,790,9
1586375,793,790,9
1586385,791,790,9
1586395,788,790,9
1586405,793,790,9
1586415,787,790,9
1586426,794,790,9
1586436,792,790,9
1586446,788,790,9
1586456,794,790,9
1586466,789,790,9
1586477,791,790,9
1586487,794,790,9
1586497,787,790,9
1586507,793,790,10
1586517,790,790,9
1586528,791,790,9
1586538,794,790,9
1586548,787,790,9
1586558,793,790,9
1586568,794,790,10
1586579,790,790,9
1586589,794,790,10
1586599,789,790,9
1586609,791,790,9
1586619,794,790,9
1586630,789,790,9
1586640,793,790,10
1586650,789,790,10
1586660,792,790,9
1586670,795,790,9
1586681,787,790,9
1586691,794,790,9
1586701,789,790,9
1586711,790,790,9
1586721,792,790,9
1586732,787,790,9
1586742,793,790,10
1586752,792,790,9
1586762,789,790,9
1586772,792,790,9
1586783,787,790,10
1586793,790,790,9
1586803,791,790,9
1586813,785,790,9
1586823,792,790,9
1586834,788,790,9
1586844,790,790,9
1586854,793,790,9
1586864,787,790,9
1586874,793,790,9
1586885,790,790,9
1586895,788,790,9
1586905,793,790,9
1586915,787,790,9
1586926,791,790,9
1586936,791,790,9
1586946,787,790,9
1586956,792,790,9
1586966,788,790,9
1586977,791,790,9
1586987,792,790,9
1586997,787,790,9
1587007,793,790,9
RIM
1587027,766,752,7
1587038,756,752,7
1587048,750,752,7
1587058,753,752,7
1587068,752,752,7
1587078,749,752,7
1587089,755,752,7
1587099,750,752,7
1587109,754,752,7
1587119,755,752,7
1587130,750,752,7
1587140,755,752,7
1587150,750,752,7
1587160,751,752,7
1587170,754,752,7
1587181,747,751,8
1587191,752,751,8
1587201,751,751,8
1587211,750,751,8
1587221,753,751,8
1587232,748,751,8
1587242,752,751,7
1587252,753,751,8
1587262,749,751,7
1587272,753,751,7
1587283,748,751,7
1587293,752,751,7
1587303,753,751,7
1587313,749,751,7
1587323,753,751,7
1587334,750,751,7
1587344,752,751,7
1587354,753,751,7
1587364,747,751,7
1587374,753,751,7
1587385,752,751,7
1587395,749,751,7
1587405,753,751,7
1587415,748,751,7
1587425,752,751,7
1587436,753,751,7
1587446,748,751,7
1587456,753,751,7
1587466,748,751,7
1587476,751,751,7
1587487,753,751,7
1587497,747,751,7
1587507,754,751,7
1587517,750,751,7
1587527,750,751,7
1587538,753,751,7
1587548,747,751,7
1587558,752,751,7
1587568,752,751,7
1587578,749,751,7
1587589,754,751,7
1587599,749,751,7
1587609,752,751,7
1587619,753,751,7
1587629,748,751,7
1587640,753,751,7
1587650,749,751,7
1587660,750,751,7
1587670,753,751,6
1587680,747,751,7
1587691,753,751,7
1587701,750,751,7
1587711,749,751,6
1587721,754,751,7
1587731,748,751,7
1587742,752,751,7
1587752,753,751,6
1587762,749,751,6
1587772,753,751,7
1587782,750,751,7
1587793,751,751,6
1587803,753,751,6
1587813,748,751,6
1587823,754,751,7
1587833,751,751,6
1587844,751,751,6
1587854,753,751,6
1587864,747,751,7
1587874,753,751,6
1587884,752,751,6
1587895,750,751,6
1587905,754,751,6
1587915,748,751,6
1587925,753,751,6
1587935,754,751,6
1587946,749,751,6
1587956,755,751,7
1587966,750,751,7
1587976,753,751,7
1587986,756,751,7
1587997,750,751,7
1588007,756,751,7
1588017,754,751,7
1588027,755,751,7
1588037,758,751,7
1588048,753,751,7
1588058,757,751,8
1588068,758,751,8
1588078,755,751,8
1588088,760,751,9
1588099,757,751,9
1588109,759,751,9
1588119,761,751,10
1588129,759,752,10
1588139,763,752,11
1588150,762,752,11
1588160,763,752,12
1588170,765,752,14
1588180,761,752,14
1588190,766,752,16
1588201,764,752,17
1588211,762,752,18
1588221,767,752,20
1588231,762,753,19
1588241,766,753,21
OSM
1588262,572,570,4
1588272,571,570,4
1588282,572,570,4
1588292,576,570,4
1588303,572,570,4
1588313,570,570,4
1588323,572,570,4
1588333,571,570,4
1588343,571,570,4
1588354,573,570,4
1588364,571,570,4
1588374,574,570,4
1588384,573,571,3
1588394,573,571,3
1588405,574,571,3
1588415,571,571,3
1588425,573,571,3
1588435,574,571,3
1588445,571,571,3
1588456,574,571,3
1588466,571,571,3
1588476,573,571,3
1588486,574,571,3
1588496,571,571,3
1588507,573,571,3
1588517,572,571,3
1588527,571,571,3
1588537,574,571,3
1588547,571,571,3
1588558,573,571,3
1588568,572,571,3
1588578,571,571,3
1588588,573,571,3
1588598,572,571,3
1588609,573,571,3
1588619,573,571,3
1588629,570,571,3
1588639,573,571,3
1588649,572,571,3
1588660,572,571,3
1588670,573,571,3
1588680,569,571,3
1588690,573,571,3
1588700,573,571,3
1588711,572,571,3
1588721,573,571,3
1588731,570,571,3
1588741,574,571,3
1588751,573,571,3
1588762,571,571,3
1588772,573,571,3
1588782,570,571,3
1588792,573,571,3
1588802,574,571,3
1588813,571,571,3
1588823,573,571,3
1588833,571,571,3
1588843,572,571,3
1588853,574,571,3
1588864,571,571,3
1588874,573,571,3
1588884,572,571,3
1588894,573,571,3
1588904,574,571,3
1588915,570,571,3
1588925,572,571,3
1588935,572,571,3
1588945,571,571,3
1588955,574,571,3
1588966,572,571,3
1588976,572,571,3
1588986,572,571,3
1588996,571,571,3
1589006,574,571,3
1589017,572,571,3
1589027,572,571,3
1589037,572,571,3
1589047,571,571,3
1589057,574,571,3
1589068,572,571,3
1589078,571,571,3
1589088,572,571,3
1589098,571,571,3
1589108,573,571,3
1589119,573,571,3
1589129,571,571,3
1589139,572,571,3
1589149,572,571,3
1589159,573,571,3
1589170,574,572,2
1589180,571,572,2
1589190,572,572,2
1589200,572,572,2
1589210,573,572,2
1589221,573,572,2
1589231,570,572,2
1589241,572,572,2
1589251,574,572,2
1589261,572,572,2
1589272,573,572,2
1589282,571,572,2
1589292,572,572,2
1589302,574,572,2
1589312,571,572,2
1589323,573,572,2
1589333,571,572,2
1589343,572,572,1
1589353,574,572,1
1589363,572,572,1
1589374,573,572,1
1589384,572,572,1
1589394,570,572,1
1589404,574,572,1
1589414,570,572,1
1589425,573,572,1
1589435,572,572,1
1589445,571,572,1
1589455,573,572,1
1589465,572,572,1
1589476,573,572,1
SIM
1589496,817,790,12
1589506,808,790,15
1589516,802,791,15
1589527,803,791,16
1589537,805,791,17
1589547,798,791,18
1589557,803,791,19
1589567,803,791,20
1589578,799,791,21
1589588,805,791,22
1589598,799,791,23
1589608,805,791,24
1589618,805,792,25
1589629,801,792,25
1589639,804,792,27
1589649,800,792,27
1589659,803,792,28
1589669,806,792,30
1589680,798,792,30
1589690,804,792,31
1589700,800,792,32
1589710,800,792,32
1589720,804,792,33
1589731,798,792,33
1589741,804,793,33
1589751,803,793,34
1589761,801,793,34
1589771,805,793,35
1589782,800,793,36
1589792,804,793,37
1589802,804,793,37
1589812,799,793,37
1589823,805,793,39
1589833,801,794,38
1589843,803,794,38
1589853,805,794,39
1589863,799,794,39
1589874,805,794,40
1589884,803,794,40
1589894,802,794,41
1589904,804,794,42
1589914,799,794,42
1589925,802,794,42
1589935,803,795,41
1589945,798,795,41
1589955,803,795,42
1589965,800,795,42
1589976,804,795,42
1589986,804,795,43
1589996,799,795,43
1590006,804,795,43
1590016,801,795,43
1590027,802,795,43
1590037,806,796,43
1590047,800,796,43
1590057,804,796,44
1590068,804,796,43
1590078,801,796,44
1590088,806,796,44
1590098,799,796,44
1590108,804,796,44
1590119,805,796,44
1590129,800,796,44
1590139,804,797,44
1590149,802,797,43
1590159,802,797,43
1590170,803,797,43
1590180,798,797,43
1590190,804,797,43
1590200,801,797,42
1590210,799,797,42
1590221,804,797,42
1590231,799,797,42
1590241,803,797,42
1590251,804,798,41
1590261,800,798,41
1590272,806,798,41
1590282,800,798,41
1590292,804,798,41
1590302,805,798,40
1590313,800,798,40
1590323,802,798,40
1590333,800,798,39
1590343,800,798,39
1590353,804,798,39
1590364,798,798,39
1590374,804,799,38
1590384,802,799,37
1590394,798,799,36
1590404,804,799,36
1590415,799,799,35
1590425,802,799,35
1590435,805,799,34
1590445,800,799,34
1590455,804,799,33
1590466,802,799,33
1590476,804,799,32
1590486,805,800,30
1590496,799,800,29
1590507,805,800,29
1590517,801,800,27
1590527,801,800,27
1590537,805,800,26
1590547,799,800,25
1590558,803,800,24
1590568,804,800,23
1590578,800,801,22
1590588,804,801,21
1590598,799,801,19
1590609,802,801,19
1590619,803,801,17
1590629,798,801,17
1590639,804,801,16
1590649,801,801,14
1590660,802,801,13
1590670,805,801,12
1590680,798,802,10
1590690,805,802,10
1590700,805,802,8
1590711,801,802,7
RIM
1590731,779,753,25
1590741,771,753,28
1590751,771,753,30
1590762,764,753,31
1590772,769,753,33
1590782,764,753,34
1590792,766,754,35
1590802,768,754,36
1590813,763,754,37
1590823,767,754,38
1590833,765,754,39
1590843,765,754,40
1590853,768,754,42
1590864,762,754,42
1590874,766,754,43
1590884,767,755,43
1590894,763,755,44
1590904,768,755,45
1590915,765,755,46
1590925,768,755,47
1590935,769,755,48
1590945,764,755,49
1590956,768,755,50
1590966,766,756,50
1590976,768,756,51
1590986,770,756,52
1590996,765,756,52
1591007,771,756,54
1591017,766,756,55
1591027,765,756,55
1591037,769,757,55
1591047,762,757,55
1591058,767,757,56
1591068,769,757,56
1591078,765,757,57
1591088,768,757,58
1591098,765,757,58
1591109,768,757,58
1591119,770,758,58
1591129,764,758,58
1591139,769,758,59
1591149,767,758,59
1591160,768,758,59
1591170,769,758,59
1591180,764,758,59
1591190,768,759,59
1591200,769,759,58
1591211,764,759,58
1591221,768,759,58
1591231,761,759,58
1591241,766,759,58
1591251,767,759,57
1591262,762,759,57
1591272,766,760,56
1591282,763,760,55
1591292,765,760,55
1591302,767,760,54
1591313,762,760,54
1591323,766,760,54
1591333,765,760,53
1591343,764,760,52
1591353,768,760,52
1591364,764,761,50
1591374,768,761,50
1591384,768,761,49
1591394,765,761,48
1591405,769,761,48
1591415,766,761,47
1591425,768,761,47
1591435,770,762,45
1591445,764,762,44
1591456,770,762,44
1591466,764,762,43
1591476,765,762,42
1591486,767,762,41
1591496,763,762,40
1591507,766,762,40
1591517,768,763,37
1591527,766,763,36
1591537,769,763,36
1591547,765,763,34
1591558,769,763,34
1591568,768,763,32
1591578,764,763,31
1591588,769,763,30
1591598,766,764,28
1591609,768,764,27
1591619,770,764,25
1591629,765,764,24
1591639,770,764,24
1591649,768,764,22
1591660,765,764,21
1591670,768,765,19
1591680,762,765,18
1591690,767,765,17
1591700,766,765,15
1591711,763,765,15
1591721,767,765,14
1591731,762,765,13
1591741,766,765,12
1591751,767,765,11
1591762,762,765,11
1591772,767,765,10
1591782,763,765,10
1591792,766,765,9
1591802,767,766,8
1591813,762,766,8
1591823,765,766,7
1591833,765,766,7
1591843,764,766,7
1591853,767,766,7
1591864,761,766,7
1591874,766,766,7
1591884,767,766,7
1591894,763,766,7
1591904,767,766,7
1591915,762,766,7
1591925,765,766,7
1591935,767,766,7
1591945,762,766,7
OSM
1591966,575,572,1
1591976,574,572,1
1591986,576,572,1
1591996,574,572,1
1592007,574,572,1
1592017,575,572,1
1592027,571,572,1
1592037,574,572,1
1592047,572,572,1
1592058,573,572,1
1592068,573,572,1
1592078,570,572,1
1592088,574,572,1
1592098,572,572,1
1592109,572,572,1
1592119,573,572,1
1592129,570,572,1
1592139,572,572,1
1592149,572,572,1
1592160,572,572,1
1592170,572,572,1
1592180,570,572,1
1592190,572,572,1
1592200,573,572,1
1592211,571,572,1
1592221,572,572,1
1592231,570,572,1
1592241,573,572,1
1592251,573,572,1
1592262,569,572,1
1592272,572,572,1
1592282,571,572,1
1592292,572,572,1
1592302,573,572,1
1592313,570,572,1
1592323,572,572,1
1592333,571,572,1
1592343,571,572,1
1592353,572,572,1
1592364,571,572,1
1592374,572,572,1
1592384,572,572,1
1592394,571,572,1
1592404,573,572,1
1592415,571,572,1
1592425,571,572,1
1592435,573,572,1
1592445,571,572,1
1592455,574,572,1
1592466,571,572,1
1592476,572,572,1
1592486,572,572,1
1592496,570,572,1
1592506,572,572,1
1592517,572,572,1
1592527,571,572,1
1592537,573,572,1
1592547,571,572,1
1592557,573,572,1
1592568,572,572,1
1592578,570,572,1
1592588,572,572,1
1592598,570,572,1
1592608,572,572,1
1592619,573,572,1
1592629,571,572,1
1592639,573,572,1
1592649,571,572,1
1592659,572,572,1
1592670,573,572,1
1592680,570,572,1
1592690,572,572,1
1592700,574,572,1
1592710,572,572,1
1592721,572,572,1
1592731,570,572,1
1592741,573,572,1
1592751,572,572,1
1592761,571,572,1
1592772,573,572,1
1592782,571,572,1
1592792,572,572,1
1592802,573,572,1
1592812,571,572,1
1592823,572,572,1
1592833,571,572,1
1592843,572,572,1
1592853,575,572,1
1592863,571,572,1
1592874,573,572,1
1592884,572,572,1
1592894,571,572,1
1592904,572,572,1
1592914,570,572,1
1592925,571,572,1
1592935,573,572,1
1592945,571,572,1
1592955,572,572,1
1592965,571,572,1
1592976,572,572,1
1592986,572,572,1
1592996,570,571,2
1593006,573,571,2
1593016,572,571,2
1593027,571,571,2
1593037,572,571,2
1593047,570,571,2
1593057,572,571,2
1593067,573,571,2
1593078,571,571,2
1593088,572,571,2
1593098,570,571,2
1593108,571,571,2
1593118,573,571,2
1593129,570,571,2
1593139,572,571,2
1593149,571,571,2
1593159,573,571,2
1593169,573,571,2
1593180,571,571,2
SIM
1593200,821,802,8
1593210,804,802,8
1593220,806,802,8
1593231,799,802,8
1593241,802,802,8
1593251,804,802,8
1593261,799,802,8
1593271,805,802,8
1593282,800,802,8
1593292,802,802,8
1593302,804,802,8
1593312,798,802,8
1593322,804,802,8
1593333,802,802,8
1593343,801,802,8
1593353,804,802,8
1593363,798,802,8
1593373,803,802,8
1593384,804,802,8
1593394,801,802,8
1593404,805,802,8
1593414,800,802,8
1593424,804,802,8
1593435,805,802,8
1593445,799,802,8
1593455,805,802,8
1593465,801,802,8
1593475,804,802,8
1593486,805,802,8
1593496,799,802,8
1593506,806,802,8
1593516,804,802,8
1593526,802,802,8
1593537,805,802,8
1593547,801,802,8
1593557,805,802,8
1593567,805,802,8
1593578,801,802,8
1593588,807,802,8
1593598,801,802,8
1593608,803,802,8
1593618,804,802,8
1593629,799,802,8
1593639,804,802,8
1593649,802,802,8
1593659,802,802,8
1593669,804,802,8
1593680,800,802,8
1593690,803,802,8
1593700,803,802,8
1593710,800,802,8
1593720,805,802,8
1593731,798,802,8
1593741,804,802,8
1593751,804,802,8
1593761,799,802,8
1593771,804,802,8
1593782,799,802,8
1593792,802,802,8
1593802,805,802,8
1593812,798,802,8
1593822,804,802,8
1593833,802,802,8
1593843,803,802,8
1593853,806,802,8
1593863,800,802,8
1593873,805,802,8
1593884,804,802,8
1593894,799,802,8
1593904,804,802,8
1593914,798,802,8
1593924,802,802,8
1593935,805,802,8
1593945,799,802,8
1593955,805,802,8
1593965,800,802,8
1593975,801,802,8
1593986,816,802,10
1593996,800,802,10
1594006,803,802,10
1594017,802,802,10
1594027,799,802,10
1594037,804,802,10
1594047,799,802,10
1594057,802,802,10
1594068,803,802,10
1594078,799,802,10
1594088,806,802,10
1594098,800,802,10
1594108,802,802,10
1594119,804,802,10
1594129,797,802,10
1594139,802,802,10
1594149,801,802,10
1594159,800,802,10
1594170,808,802,10
1594180,798,802,10
1594190,803,802,10
1594200,804,802,10
1594210,801,802,10
1594221,805,802,10
1594231,801,802,10
1594241,805,802,10
1594251,804,802,10
1594262,798,802,10
1594272,803,802,10
1594282,800,802,10
1594292,802,802,10
1594302,804,802,10
1594313,798,802,10
1594323,805,802,10
1594333,802,802,10
1594343,801,802,10
1594353,805,802,10
1594364,799,802,10
1594374,803,802,10
1594384,805,802,10
1594394,798,802,10
1594404,804,802,10
1594415,799,802,10
RIM
1594435,779,766,7
1594445,766,766,7
1594455,771,766,7
1594466,768,766,7
1594476,768,766,7
1594486,771,766,7
1594496,765,766,7
1594506,770,766,7
1594517,769,766,7
1594527,766,766,7
1594537,770,766,7
1594547,765,766,7
1594557,768,766,7
1594568,770,766,7
1594578,764,766,7
1594588,769,766,7
1594598,766,766,7
1594608,768,766,7
1594619,770,766,7
1594629,764,766,7
1594639,769,766,7
1594649,768,766,7
1594659,766,766,7
1594670,769,766,7
1594680,764,766,7
1594690,768,766,7
1594700,769,766,7
1594710,765,766,7
1594721,769,766,7
1594731,765,766,7
1594741,767,766,7
1594751,769,766,7
1594761,764,766,7
1594772,770,766,7
1594782,766,766,7
1594792,768,766,7
1594802,769,766,7
1594812,764,766,7
1594823,768,766,7
1594833,768,766,7
1594843,765,766,7
1594853,769,766,7
1594863,764,766,7
1594874,768,766,7
1594884,769,766,7
1594894,765,766,7
1594904,768,766,7
1594914,765,766,7
1594925,769,766,7
1594935,769,766,7
1594945,764,766,7
1594955,769,766,7
1594965,765,766,7
1594976,767,766,7
1594986,769,766,7
1594996,764,766,7
1595006,768,766,7
1595016,767,766,7
1595027,766,766,7
1595037,770,766,7
1595047,764,766,7
1595057,768,766,7
1595067,769,766,7
1595078,764,766,7
1595088,769,766,7
1595098,766,766,7
1595108,767,766,7
1595118,769,766,7
1595129,765,766,7
1595139,768,766,7
1595149,767,766,7
1595159,767,766,7
1595169,769,766,7
1595180,764,766,7
1595190,768,766,7
1595200,768,766,7
1595210,767,766,7
1595220,770,766,7
1595231,765,766,7
1595241,769,766,7
1595251,770,766,7
1595261,764,766,7
1595271,769,766,7
1595282,767,766,7
1595292,768,766,7
1595302,770,766,7
1595312,764,766,7
1595322,769,766,7
1595333,767,766,7
1595343,767,766,7
1595353,769,766,7
1595363,765,766,7
1595373,769,766,7
1595384,769,766,7
1595394,765,766,7
1595404,770,766,7
1595414,765,766,7
1595424,768,766,7
1595435,770,767,6
1595445,765,767,6
1595455,769,767,6
1595465,766,767,6
1595475,768,767,6
1595486,771,767,6
1595496,764,767,6
1595506,769,767,6
1595516,768,767,6
1595526,766,767,6
1595537,769,767,6
1595547,765,767,6
1595557,768,767,6
1595567,769,767,5
1595577,764,767,5
1595588,769,767,5
1595598,765,767,5
1595608,767,767,5
1595618,768,767,5
1595628,763,767,5
1595639,769,767,5
1595649,767,767,5
OSM
1595670,574,571,2
1595680,570,571,2
1595690,574,571,2
1595700,573,571,2
1595711,570,571,2
1595721,563,571,2
1595731,570,571,2
1595741,571,571,2
1595751,572,571,2
1595762,570,571,2
1595772,573,571,2
1595782,572,571,2
1595792,571,571,2
1595802,572,571,2
1595813,572,571,2
1595823,573,571,2
1595833,574,571,2
1595843,572,571,2
1595853,574,571,2
1595864,572,571,2
1595874,573,571,2
1595884,574,571,2
1595894,570,571,2
1595904,572,571,2
1595915,572,571,2
1595925,573,571,2
1595935,573,571,2
1595945,570,571,2
1595955,572,571,2
1595966,573,571,2
1595976,572,571,2
1595986,574,571,2
1595996,571,571,2
1596006,574,571,2
1596017,574,571,2
1596027,572,571,2
1596037,573,571,2
1596047,571,571,2
1596057,572,571,2
1596068,574,571,2
1596078,571,571,2
1596088,573,571,2
1596098,571,571,2
1596108,572,571,2
1596119,574,571,2
1596129,571,571,2
1596139,574,571,2
1596149,572,571,2
1596159,570,571,2
1596170,574,571,2
1596180,571,571,2
1596190,573,571,2
1596200,573,571,2
1596210,571,571,2
1596221,574,571,3
1596231,572,571,3
1596241,573,571,3
1596251,574,571,3
1596261,572,571,3
1596272,572,571,3
1596282,573,571,3
1596292,572,571,3
1596302,574,571,3
1596312,571,571,3
1596323,573,571,3
1596333,573,572,2
1596343,572,571,3
1596353,572,572,2
1596363,571,571,3
1596374,573,571,3
1596384,574,572,2
1596394,572,572,2
1596404,574,572,2
1596414,571,572,2
1596425,574,572,2
1596435,573,572,2
1596445,571,572,2
1596455,574,572,2
1596465,573,572,2
1596476,572,572,2
1596486,573,572,2
1596496,571,572,2
1596506,574,572,2
1596516,573,572,2
1596527,572,572,2
1596537,574,572,2
1596547,572,572,2
1596557,573,572,2
1596567,574,572,2
1596578,570,572,2
1596588,573,572,2
1596598,572,572,2
1596608,573,572,2
1596618,574,572,2
1596629,570,572,2
1596639,574,572,2
1596649,573,572,2
1596659,572,572,2
1596669,574,572,2
1596680,571,572,2
1596690,573,572,2
1596700,573,572,2
1596710,571,572,2
1596720,573,572,2
1596731,572,572,2
1596741,573,572,2
1596751,574,572,2
1596761,571,572,2
1596771,572,572,2
1596782,572,572,2
1596792,572,572,2
1596802,574,572,2
1596812,572,572,2
1596822,573,572,2
1596833,574,572,2
1596843,572,572,2
1596853,575,572,2
1596863,572,572,2
1596873,573,572,2
1596884,573,572,2
SIM
1596904,824,802,11
1596914,803,802,11
1596924,805,802,11
1596935,806,802,11
1596945,799,802,11
1596955,804,802,11
1596965,801,802,11
1596975,801,802,11
1596986,804,802,11
1596996,799,802,11
1597006,803,802,11
1597016,801,802,11
1597026,801,802,11
1597037,805,802,11
1597047,799,802,11
1597057,803,802,11
1597067,806,802,11
1597077,800,802,11
1597088,804,802,11
1597098,801,802,11
1597108,805,802,11
1597118,806,802,11
1597128,799,802,11
1597139,804,802,11
1597149,802,802,11
1597159,801,802,11
1597169,804,802,11
1597179,799,802,11
1597190,804,802,11
1597200,806,802,11
1597210,801,802,11
1597220,805,802,11
1597231,801,802,11
1597241,804,802,11
1597251,804,802,11
1597261,800,802,11
1597271,805,802,11
1597282,800,802,11
1597292,803,802,11
1597302,805,802,11
1597312,799,802,11
1597322,804,802,11
1597333,802,802,11
1597343,801,802,11
1597353,805,802,11
1597363,800,802,11
1597373,805,802,11
1597384,804,802,11
1597394,801,802,11
1597404,806,802,11
1597414,800,802,11
1597424,804,802,11
1597435,805,802,11
1597445,799,802,11
1597455,804,802,11
1597465,802,802,11
1597475,802,802,11
1597486,807,802,11
1597496,799,802,11
1597506,803,802,11
1597516,803,802,11
1597527,800,802,11
1597537,804,802,11
1597547,799,802,11
1597557,801,802,11
1597567,805,802,11
1597578,800,802,11
1597588,805,802,11
1597598,801,802,11
1597608,803,802,11
1597618,805,802,11
1597629,799,802,11
1597639,805,802,11
1597649,803,802,11
1597659,803,802,11
1597669,807,802,11
1597680,799,802,11
1597690,805,802,10
1597700,804,802,10
1597710,801,802,10
1597720,803,802,10
1597731,799,802,10
1597741,802,802,10
1597751,805,802,10
1597761,800,802,10
1597771,805,802,10
1597782,801,802,10
1597792,801,802,10
1597802,804,802,10
1597812,799,802,10
1597823,804,802,10
1597833,801,802,9
1597843,799,802,10
1597853,804,802,10
1597863,801,802,10
1597874,803,802,9
1597884,805,802,9
1597894,801,802,9
1597904,805,802,9
1597914,801,802,9
1597925,803,802,9
1597935,807,802,9
1597945,799,802,9
1597955,806,802,9
1597965,803,802,9
1597976,803,802,9
1597986,806,802,9
1597996,800,802,9
1598006,804,802,9
1598016,803,802,9
1598027,800,802,9
1598037,806,802,9
1598047,801,802,9
1598057,804,802,9
1598067,805,802,9
1598078,800,802,9
1598088,807,802,10
1598098,801,802,9
1598108,804,802,9
1598118,805,802,9
RIM
1598139,776,767,4
1598149,767,767,4
1598159,764,767,4
1598169,768,767,4
1598179,763,767,5
1598190,766,767,4
1598200,767,767,4
1598210,763,767,4
1598220,768,767,4
1598230,763,767,5
1598241,766,767,4
1598251,770,767,4
1598261,765,767,5
1598271,769,767,4
1598282,768,767,4
1598292,768,767,4
1598302,770,767,4
1598312,765,767,4
1598322,769,767,4
1598333,768,767,4
1598343,766,767,4
1598353,770,767,4
1598363,765,767,4
1598373,768,767,4
1598384,769,767,4
1598394,765,767,4
1598404,769,767,4
1598414,767,767,4
1598424,767,767,4
1598435,769,767,4
1598445,765,767,4
1598455,769,767,4
1598465,766,767,4
1598475,766,767,4
1598486,769,767,4
1598496,765,767,4
1598506,768,767,4
1598516,767,767,4
1598526,766,767,4
1598537,769,767,4
1598547,765,767,4
1598557,768,767,4
1598567,769,767,4
1598577,764,767,4
1598588,769,767,4
1598598,767,767,4
1598608,768,767,4
1598618,768,767,4
1598628,764,767,4
1598639,769,767,4
1598649,767,767,4
1598659,767,767,4
1598669,770,767,4
1598679,764,767,4
1598690,768,767,4
1598700,768,767,4
1598710,765,767,4
1598720,769,767,4
1598730,766,767,4
1598741,768,767,4
1598751,770,767,4
1598761,764,767,4
1598771,769,767,4
1598781,766,767,4
1598792,767,767,4
1598802,770,767,4
1598812,765,767,4
1598822,768,767,4
1598832,767,767,4
1598843,766,767,4
1598853,769,767,4
1598863,765,767,4
1598873,768,767,4
1598883,769,767,4
1598894,765,767,4
1598904,770,767,4
1598914,766,767,4
1598924,767,767,4
1598934,769,767,4
1598945,764,767,4
1598955,769,767,4
1598965,767,767,4
1598975,766,767,4
1598985,769,767,4
1598996,764,767,4
1599006,769,767,4
1599016,768,767,4
1599026,766,767,4
1599036,770,767,4
1599047,765,767,4
1599057,769,767,4
1599067,770,767,4
1599077,765,767,4
1599087,769,767,4
1599098,765,767,4
1599108,768,767,4
