Polling for available serial device...
Opening serial monitor for com port: "/dev/ttyACM0"
Serial monitor opened successfully:
1746357,758,760,6
1746367,760,760,6
1746377,757,760,6
1746387,760,760,5
1746398,762,760,5
1746408,760,760,5
1746418,762,760,5
1746428,759,760,5
1746438,761,760,5
1746449,763,760,5
1746459,758,760,5
1746469,762,760,5
1746479,759,760,5
1746489,761,760,5
1746500,763,760,5
1746510,759,760,5
1746520,762,760,5
1746530,760,760,5
1746540,761,760,5
1746551,762,760,5
1746561,758,760,5
1746571,761,760,5
1746581,761,760,5
1746591,760,760,5
1746602,763,760,5
1746612,759,760,5
1746622,762,760,5
1746632,762,760,5
1746642,759,760,5
1746653,763,760,5
1746663,759,760,5
1746673,761,760,5
1746683,761,760,5
1746693,759,760,5
1746704,763,760,5
1746714,760,760,5
1746724,761,760,5
1746734,762,760,5
1746744,758,760,5
1746755,763,760,5
1746765,761,760,5
1746775,760,760,5
1746785,762,760,4
1746795,759,760,4
1746806,761,760,4
1746816,762,760,4
1746826,759,760,4
1746836,762,760,4
1746846,760,760,4
1746857,762,760,4
1746867,762,760,4
1746877,759,760,4
1746887,762,760,4
1746897,760,760,4
1746908,761,760,4
1746918,762,760,4
1746928,759,760,4
1746938,762,760,4
1746948,762,760,4
1746959,760,760,4
1746969,762,760,4
1746979,759,760,4
1746989,761,760,4
1746999,762,760,4
1747010,760,760,4
1747020,762,760,4
1747030,760,760,4
1747040,761,760,4
1747050,762,760,4
1747061,760,760,4
1747071,762,760,4
1747081,761,760,4
1747091,760,760,4
1747101,762,760,4
1747112,760,760,4
1747122,761,760,4
1747132,762,760,4
1747142,759,760,4
1747152,762,760,4
1747163,760,760,4
1747173,761,760,4
1747183,762,760,4
1747193,758,760,4
1747203,763,760,4
1747214,760,760,4
1747224,760,760,4
1747234,762,760,4
1747244,759,760,4
1747254,761,760,4
1747265,762,760,4
1747275,760,760,4
1747285,762,760,4
1747295,759,760,4
1747305,761,760,4
1747316,763,760,4
1747326,759,760,3
1747336,762,760,3
1747346,760,760,3
1747356,761,760,3
1747367,763,760,3
1747377,759,760,3
1747387,762,760,3
OSM
1747408,603,598,3
1747418,601,598,3
1747428,599,598,3
1747438,600,598,3
1747449,598,598,2
1747459,599,598,2
1747469,600,598,2
1747479,598,598,2
1747489,598,598,2
1747500,599,598,2
1747510,596,598,2
1747520,599,598,2
1747530,598,598,2
1747540,598,598,2
1747551,598,598,2
1747561,597,598,2
1747571,599,598,2
1747581,598,598,2
1747591,597,598,2
1747602,599,598,2
1747612,597,598,2
1747622,599,598,2
1747632,600,598,2
1747642,597,598,2
1747653,599,598,2
1747663,598,598,2
1747673,599,598,2
1747683,599,598,2
1747693,597,598,2
1747704,598,598,2
1747714,598,598,2
1747724,598,598,2
1747734,599,598,2
1747744,597,598,2
1747755,599,598,2
1747765,599,598,2
1747775,597,598,2
1747785,599,598,2
1747795,597,598,2
1747806,598,598,2
1747816,600,598,2
1747826,598,598,2
1747836,599,598,2
1747846,597,598,2
1747857,598,598,2
1747867,599,598,2
1747877,597,598,2
1747887,599,598,2
1747897,598,598,2
1747908,597,598,2
1747918,600,598,2
1747928,598,598,2
1747938,599,598,2
1747948,600,598,2
1747959,597,598,2
1747969,600,598,2
1747979,598,598,2
1747989,598,598,2
1747999,599,598,2
1748010,597,598,2
1748020,600,598,2
1748030,598,598,2
1748040,598,598,2
1748050,599,598,2
1748061,597,598,2
1748071,599,598,2
1748081,598,598,2
1748091,598,598,2
1748101,599,598,2
1748112,597,598,2
1748122,599,598,2
1748132,600,598,2
1748142,598,598,1
1748152,600,598,1
1748163,598,598,1
1748173,599,598,1
1748183,599,598,1
1748193,597,598,1
1748203,600,598,1
1748214,598,598,1
1748224,598,598,1
1748234,599,598,1
1748244,598,598,1
1748254,600,598,1
1748265,598,598,1
1748275,599,598,1
1748285,598,598,1
1748295,598,598,1
1748305,598,598,1
1748316,599,598,1
1748326,597,598,1
1748336,599,598,1
1748346,598,598,1
1748356,599,598,1
1748367,598,598,1
1748377,597,598,1
1748387,598,598,1
1748397,598,598,1
1748407,598,598,1
1748418,599,598,1
1748428,598,598,1
1748438,599,598,1
1748448,600,598,1
1748458,599,598,1
1748469,599,598,1
1748479,597,598,1
1748489,598,598,1
1748499,598,598,1
1748509,597,598,1
1748520,599,598,1
1748530,598,598,1
1748540,599,598,1
1748550,600,598,1
1748560,599,598,1
1748571,599,598,1
1748581,598,598,1
1748591,598,598,1
1748601,599,598,1
1748611,598,598,1
1748622,598,598,1
SIM
1748642,817,801,6
1748652,804,801,6
1748662,797,801,6
1748673,802,801,6
1748683,804,801,6
1748693,799,801,6
1748703,803,801,6
1748713,800,801,6
1748724,802,801,6
1748734,804,801,6
1748744,801,801,6
1748754,804,801,6
1748764,802,801,6
1748775,799,801,6
1748785,802,801,6
1748795,799,801,6
1748805,802,801,6
1748815,802,801,6
1748826,799,801,6
1748836,804,801,6
1748846,801,801,6
1748856,802,801,6
1748866,804,801,6
1748877,799,801,6
1748887,802,801,6
1748897,802,801,5
1748907,801,801,5
1748917,804,801,6
1748928,799,801,5
1748938,803,801,5
1748948,802,801,5
1748958,801,801,5
1748968,803,801,5
1748979,800,801,5
1748989,802,801,5
1748999,804,801,5
1749009,800,801,5
1749019,803,801,5
1749030,801,801,5
1749040,803,801,5
1749050,804,801,5
1749060,798,801,5
1749070,803,801,5
1749081,801,801,5
1749091,800,801,5
1749101,802,801,5
1749111,799,801,5
1749122,801,801,5
1749132,802,801,5
1749142,799,801,5
1749152,803,801,5
1749162,800,801,5
1749173,800,801,5
1749183,802,801,5
1749193,797,801,5
1749203,801,801,5
1749213,800,801,5
1749224,800,801,5
1749234,802,801,5
1749244,799,801,5
1749254,802,801,5
1749264,800,801,5
1749275,801,801,5
1749285,804,801,5
1749295,799,801,5
1749305,802,801,5
1749315,804,801,5
1749326,799,801,5
1749336,802,801,5
1749346,799,801,5
1749356,802,801,5
1749366,803,801,5
1749377,797,801,5
1749387,802,801,5
1749397,799,801,5
1749407,801,801,5
1749417,804,801,5
1749428,798,801,5
1749438,802,801,5
1749448,803,801,5
1749458,800,801,5
1749468,804,801,5
1749479,799,801,5
1749489,802,801,5
1749499,803,801,5
1749509,799,801,5
1749519,802,801,5
1749530,800,801,5
1749540,803,801,5
1749550,803,801,5
1749560,799,801,5
1749570,804,801,5
1749581,802,801,5
1749591,800,801,5
1749601,804,801,5
1749611,799,801,5
1749621,803,801,5
1749632,804,801,5
1749642,800,801,5
1749652,804,801,5
1749662,802,801,5
1749672,803,801,5
1749683,803,801,5
1749693,799,801,5
1749703,802,801,5
1749713,799,801,5
1749723,800,801,5
1749734,803,801,5
1749744,799,801,5
1749754,801,801,5
1749764,801,801,5
1749775,801,801,5
1749785,803,801,5
1749795,800,801,5
1749805,801,801,5
1749815,803,801,5
1749826,798,801,5
1749836,802,801,5
1749846,800,801,5
1749856,801,801,5
RIM
1749876,770,760,3
1749887,766,760,3
1749897,763,760,3
1749907,762,760,3
1749917,764,760,3
1749927,760,760,3
1749938,763,760,4
1749948,764,761,3
1749958,762,760,4
1749968,764,761,3
1749978,761,761,3
1749989,763,761,3
1749999,763,761,3
1750009,760,761,3
1750019,763,761,3
1750029,762,761,3
1750040,762,761,3
1750050,764,761,3
1750060,760,761,3
1750070,763,761,3
1750080,762,761,3
1750091,761,761,3
1750101,763,761,3
1750111,759,761,3
1750121,762,761,3
1750131,763,761,3
1750142,761,761,3
1750152,764,761,3
1750162,761,761,3
1750172,763,761,3
1750182,763,761,3
1750193,760,761,3
1750203,763,761,3
1750213,761,761,3
1750223,762,761,3
1750233,763,761,3
1750244,760,761,3
1750254,764,761,3
1750264,762,761,3
1750274,760,761,3
1750284,764,761,3
1750295,760,761,3
1750305,762,761,3
1750315,763,761,3
1750325,760,761,3
1750335,765,761,3
1750346,761,761,3
1750356,762,761,3
1750366,763,761,3
1750376,761,761,3
1750386,763,761,3
1750397,762,761,3
1750407,760,761,3
1750417,763,761,3
1750427,761,761,3
1750437,763,761,3
1750448,760,761,3
1750458,758,761,3
1750468,760,761,3
1750478,758,761,3
1750488,760,761,3
1750499,760,761,3
1750509,757,761,3
1750519,760,761,3
1750529,758,761,3
1750539,760,761,3
1750550,761,761,3
1750560,757,761,3
1750570,760,761,3
1750580,759,761,3
1750590,759,761,3
1750601,761,761,3
1750611,758,761,3
1750621,759,761,3
1750631,759,761,3
1750641,758,761,3
1750652,761,761,3
1750662,758,761,3
1750672,760,761,3
1750682,760,761,3
1750692,757,761,3
1750703,760,761,3
1750713,759,761,3
1750723,759,761,3
1750733,760,761,3
1750743,757,761,4
1750754,760,761,4
1750764,759,761,4
1750774,758,761,4
1750784,760,761,4
1750794,758,761,4
1750805,760,761,4
1750815,759,760,5
1750825,757,760,5
1750835,760,760,5
1750845,758,760,5
1750856,759,760,5
1750866,760,760,5
1750876,757,760,5
1750886,760,760,5
1750896,759,760,5
1750907,758,760,5
1750917,761,760,5
1750927,757,760,5
1750937,759,760,5
1750947,760,760,5
1750958,758,760,5
1750968,761,760,5
1750978,757,760,5
1750988,759,760,5
1750998,760,760,5
1751009,757,760,5
1751019,760,760,5
1751029,758,760,5
1751039,759,760,5
1751049,760,760,5
1751060,757,760,5
1751070,760,760,5
1751080,759,760,5
1751090,759,760,5
OSM
1751111,600,598,1
1751121,600,598,1
1751131,601,598,1
1751141,604,598,1
1751152,599,598,1
1751162,600,598,1
1751172,600,598,1
1751182,602,598,1
1751192,598,598,1
1751203,601,598,1
1751213,600,598,1
1751223,600,598,1
1751233,600,598,1
1751243,598,598,1
1751254,600,598,1
1751264,602,598,1
1751274,598,598,1
1751284,600,598,1
1751294,600,598,1
1751305,604,598,2
1751315,601,598,2
1751325,598,598,2
1751335,601,598,2
1751345,599,598,2
1751356,600,598,2
1751366,600,598,2
1751376,598,598,2
1751386,600,598,2
1751396,600,598,2
1751407,599,598,2
1751417,600,598,2
1751427,600,598,2
1751437,602,598,2
1751447,603,598,2
1751458,600,598,2
1751468,601,598,2
1751478,601,598,2
1751488,603,599,2
1751498,603,599,2
1751509,599,599,2
1751519,601,599,2
1751529,601,599,2
1751539,600,599,2
1751549,602,599,2
1751560,601,599,2
1751570,600,599,2
1751580,602,599,2
1751590,602,599,2
1751600,603,599,2
1751611,602,599,2
1751621,600,599,2
1751631,599,599,2
1751641,604,599,2
1751651,604,599,3
1751662,602,599,3
1751672,600,599,3
1751682,603,599,3
1751692,601,599,3
1751702,603,599,3
1751713,603,599,3
1751723,600,599,3
1751733,603,599,3
1751743,600,599,3
1751753,603,599,3
1751764,603,599,3
1751774,599,599,3
1751784,603,599,3
1751794,601,599,3
1751804,603,599,4
1751815,604,599,4
1751825,597,599,4
1751835,603,599,4
1751845,601,599,4
1751855,602,599,4
1751866,603,600,3
1751876,598,600,3
1751886,603,600,3
1751896,601,600,3
1751906,602,600,3
1751917,604,600,3
1751927,598,600,3
1751937,600,600,3
1751947,602,600,3
1751957,601,600,3
1751968,603,600,3
1751978,599,600,3
1751988,602,600,3
1751998,602,600,3
1752008,601,600,3
1752019,604,600,3
1752029,599,600,3
1752039,602,600,3
1752049,603,600,3
1752059,601,600,3
1752070,603,600,3
1752080,599,600,3
1752090,601,600,3
1752100,603,600,3
1752110,601,600,3
1752121,600,600,3
1752131,600,600,3
1752141,604,600,3
1752151,603,600,4
1752161,601,600,4
1752172,603,600,4
1752182,601,600,4
1752192,600,600,3
1752202,600,600,3
1752212,601,600,3
1752223,604,600,4
1752233,600,600,3
1752243,600,600,3
1752253,603,600,4
1752263,602,600,4
1752274,603,601,3
1752284,601,601,3
1752294,601,601,2
1752304,602,601,2
1752314,603,601,2
1752325,601,601,2
SIM
1752345,817,801,5
1752355,805,801,5
1752365,805,801,5
1752375,799,801,5
1752386,804,801,5
1752396,802,801,5
1752406,804,801,5
1752416,802,801,5
1752427,798,801,5
1752437,802,801,5
1752447,801,801,5
1752457,799,801,5
1752467,804,801,5
1752478,798,801,5
1752488,802,801,5
1752498,803,801,5
1752508,798,801,5
1752518,803,801,5
1752529,799,801,5
1752539,801,801,5
1752549,802,801,5
1752559,797,801,5
1752569,803,801,5
1752580,800,801,5
1752590,799,801,5
1752600,802,801,5
1752610,799,801,5
1752620,802,801,5
1752631,801,801,5
1752641,800,801,5
1752651,804,801,5
1752661,798,801,5
1752671,802,801,5
1752682,803,801,5
1752692,798,801,6
1752702,802,801,5
1752712,799,801,6
1752722,801,801,5
1752733,803,801,6
1752743,798,801,6
1752753,803,801,6
1752763,801,801,5
1752773,800,801,5
1752784,804,801,5
1752794,798,801,6
1752804,803,801,6
1752814,802,801,6
1752824,800,801,6
1752835,803,801,6
1752845,799,801,6
1752855,802,801,6
1752865,804,801,6
1752875,798,801,6
1752886,804,801,6
1752896,799,801,6
1752906,802,801,6
1752916,804,801,6
1752926,798,801,6
1752937,804,801,6
1752947,802,801,6
1752957,799,801,6
1752967,804,801,6
1752977,798,801,6
1752988,804,801,6
1752998,804,801,6
1753008,799,801,6
1753018,803,801,6
1753028,798,801,6
1753039,802,801,6
1753049,804,801,6
1753059,798,801,6
1753069,804,801,6
1753079,802,801,6
1753090,801,801,6
1753100,804,801,6
1753110,799,801,6
1753120,803,801,6
1753130,802,801,6
1753141,800,801,6
1753151,804,801,6
1753161,799,801,6
1753171,802,801,6
1753181,804,801,6
1753192,800,801,6
1753202,803,801,6
1753212,800,801,6
1753222,803,801,6
1753232,804,801,6
1753243,798,801,6
1753253,803,801,6
1753263,801,801,6
1753273,801,801,6
1753283,804,801,6
1753294,798,801,6
1753304,803,801,6
1753314,802,801,6
1753324,799,801,6
1753334,804,801,6
1753345,800,801,6
1753355,802,801,6
1753365,804,801,6
1753375,799,801,6
1753385,804,801,6
1753396,799,801,6
1753406,801,801,6
1753416,803,801,6
1753426,798,801,6
1753436,804,801,6
1753447,801,801,6
1753457,800,801,6
1753467,804,801,6
1753477,798,801,6
1753487,803,801,6
1753498,803,801,6
1753508,799,801,6
1753518,804,801,7
1753528,798,801,7
1753538,802,801,7
1753549,803,801,7
1753559,799,801,7
RIM
1753579,769,760,5
1753589,761,760,4
1753599,761,760,4
1753610,760,760,4
1753620,762,760,4
1753630,761,760,4
1753640,760,760,4
1753651,762,760,4
1753661,759,760,4
1753671,762,760,4
1753681,763,760,4
1753691,759,760,4
1753702,763,760,4
1753712,760,760,4
1753722,761,760,4
1753732,763,760,4
1753742,758,760,4
1753753,763,760,4
1753763,761,760,4
1753773,761,760,4
1753783,764,760,4
1753793,758,760,4
1753804,762,760,4
1753814,762,760,4
1753824,760,760,4
1753834,763,760,4
1753844,759,760,4
1753855,761,760,4
1753865,764,760,4
1753875,759,760,4
1753885,763,760,4
1753895,759,760,4
1753906,762,760,4
1753916,763,760,4
1753926,759,760,4
1753936,763,760,4
1753946,761,760,4
1753957,760,760,4
1753967,764,760,4
1753977,759,760,4
1753987,762,760,4
1753997,762,760,4
1754008,760,760,4
1754018,763,760,4
1754028,759,760,4
1754038,761,760,3
1754048,763,760,4
1754059,758,760,4
1754069,763,760,4
1754079,760,760,3
1754089,760,760,3
1754099,762,760,3
1754110,758,760,3
1754120,762,760,3
1754130,762,760,3
1754140,760,760,3
1754150,763,760,3
1754161,758,760,3
1754171,762,760,3
1754181,763,760,4
1754191,758,760,4
1754201,763,760,4
1754212,759,760,4
1754222,761,760,4
1754232,763,760,4
1754242,758,760,4
1754252,762,760,4
1754263,761,760,4
1754273,761,760,4
1754283,763,760,4
1754293,759,760,4
1754303,762,760,4
1754314,761,760,4
1754324,760,760,4
1754334,762,760,4
1754344,758,760,4
1754354,762,760,4
1754365,762,760,4
1754375,759,760,4
1754385,764,760,4
1754395,760,760,4
1754405,761,760,4
1754416,763,760,4
1754426,758,760,4
1754436,763,760,4
1754446,762,760,4
1754456,760,760,4
1754467,763,760,4
1754477,759,760,4
1754487,762,760,4
1754497,762,760,4
1754507,759,760,4
1754518,763,760,4
1754528,760,760,4
1754538,762,760,4
1754548,763,760,4
1754558,759,760,4
1754569,763,760,4
1754579,760,760,4
1754589,762,760,4
1754599,764,760,4
1754609,759,760,4
1754620,763,760,4
1754630,761,760,4
1754640,760,760,4
1754650,763,760,4
1754660,759,760,4
1754671,762,760,4
1754681,763,760,4
1754691,760,761,3
1754701,763,761,3
1754711,759,761,3
1754722,761,761,3
1754732,764,761,3
1754742,759,761,3
1754752,762,761,3
1754762,760,761,3
1754773,761,761,3
1754783,764,761,3
1754793,759,761,3
OSM
1754814,601,601,2
1754824,597,601,2
1754834,599,601,2
1754844,597,601,3
1754855,598,601,3
1754865,599,601,3
1754875,597,601,3
1754885,599,600,4
1754895,599,601,3
1754906,599,600,4
1754916,600,600,4
1754926,598,600,4
1754936,600,600,4
1754946,600,600,4
1754957,599,600,4
1754967,599,600,4
1754977,598,600,4
1754987,600,600,4
1754997,600,600,4
1755008,599,600,4
1755018,600,600,4
1755028,598,600,4
1755038,599,600,4
1755048,600,600,4
1755059,598,600,4
1755069,599,600,4
1755079,599,600,4
1755089,599,600,4
1755099,599,600,4
1755110,599,600,4
1755120,599,600,4
1755130,600,600,4
1755140,598,600,4
1755150,600,600,4
1755161,598,600,4
1755171,599,600,4
1755181,600,600,4
1755191,598,600,3
1755201,600,600,3
1755212,599,600,3
1755222,599,600,3
1755232,600,600,3
1755242,598,600,3
1755252,601,600,3
1755263,600,600,3
1755273,598,600,3
1755283,600,600,3
1755293,598,600,3
1755303,600,600,3
1755314,600,600,3
1755324,598,600,3
1755334,600,600,3
1755344,598,600,3
1755354,600,600,3
1755365,601,600,3
1755375,597,600,3
1755385,600,600,3
1755395,599,600,3
1755405,600,600,3
1755416,600,600,3
1755426,598,600,3
1755436,600,600,3
1755446,600,600,3
1755456,599,600,3
1755467,600,600,3
1755477,598,600,3
1755487,600,600,3
1755497,600,600,3
1755507,598,600,3
1755518,601,600,3
1755528,598,600,2
1755538,600,600,2
1755548,600,600,2
1755558,598,600,2
1755569,600,600,2
1755579,598,600,2
1755589,598,599,3
1755599,601,599,3
1755609,598,599,3
1755620,600,599,3
1755630,599,599,3
1755640,599,599,3
1755650,600,599,3
1755660,598,599,3
1755671,600,599,3
1755681,600,599,3
1755691,598,599,3
1755701,600,599,3
1755711,599,599,3
1755722,599,599,2
1755732,600,599,2
1755742,598,599,2
1755752,600,599,2
1755762,600,599,2
1755773,599,599,2
1755783,599,599,2
1755793,598,599,2
1755803,600,599,2
1755813,600,599,2
1755824,599,599,2
1755834,600,599,2
1755844,599,599,2
1755854,600,599,1
1755864,600,599,1
1755875,599,599,1
1755885,599,599,1
1755895,599,599,1
1755905,600,599,1
1755915,599,599,1
1755926,599,599,1
1755936,600,599,1
1755946,599,599,1
1755956,599,599,1
1755966,600,599,1
1755977,598,599,1
1755987,599,599,1
1755997,600,599,1
1756007,599,599,1
1756017,601,599,0
1756028,599,599,0
SIM
1756048,819,801,7
1756058,800,801,7
1756068,803,801,7
1756078,799,801,7
1756089,802,801,7
1756099,804,801,7
1756109,798,801,7
1756119,803,801,7
1756130,801,801,7
1756140,798,801,7
1756150,803,801,7
1756160,798,801,7
1756170,802,801,7
1756181,803,801,7
1756191,799,801,7
1756201,803,801,7
1756211,798,801,7
1756221,802,801,7
1756232,803,801,7
1756242,797,801,7
1756252,803,801,7
1756262,800,801,7
1756272,800,801,7
1756283,803,801,7
1756293,796,801,7
1756303,802,801,7
1756313,801,801,7
1756323,798,801,7
1756334,803,801,7
1756344,797,801,7
1756354,802,801,7
1756364,803,801,7
1756374,798,801,7
1756385,803,801,7
1756395,799,801,7
1756405,800,801,7
1756415,803,801,7
1756425,798,801,7
1756436,803,801,7
1756446,800,801,7
1756456,801,801,7
1756466,804,801,7
1756476,798,801,7
1756487,803,801,7
1756497,803,801,7
1756507,799,801,7
1756517,804,801,7
1756527,799,801,7
1756538,804,801,7
1756548,803,801,7
1756558,798,801,7
1756568,804,801,7
1756578,800,801,7
1756589,802,801,7
1756599,804,801,7
1756609,798,801,7
1756619,803,801,7
1756629,802,801,7
1756640,800,801,7
1756650,804,801,7
1756660,799,801,7
1756670,802,801,7
1756680,804,801,7
1756691,798,801,7
1756701,804,801,7
1756711,798,801,7
1756721,802,801,7
1756731,803,801,7
1756742,798,801,7
1756752,802,801,7
1756762,799,801,7
1756772,801,801,7
1756782,803,801,7
1756793,798,801,7
1756803,803,801,7
1756813,802,801,7
1756823,800,801,7
1756833,803,801,7
1756844,798,801,7
1756854,803,801,7
1756864,804,801,7
1756874,798,801,7
1756884,803,801,7
1756895,798,801,7
1756905,802,801,7
1756915,803,801,7
1756925,798,801,7
1756935,802,801,7
1756946,800,801,7
1756956,799,801,7
1756966,804,801,7
1756976,798,801,7
1756986,803,801,7
1756997,801,801,7
1757007,799,801,7
1757017,802,801,7
1757027,797,801,7
1757037,802,801,7
1757048,804,801,7
1757058,797,801,7
1757068,803,801,7
1757078,799,801,7
1757088,801,801,7
1757099,803,801,7
1757109,797,801,8
1757119,801,801,7
1757129,800,801,7
1757139,800,801,7
1757150,803,801,7
1757160,797,801,7
1757170,803,801,7
1757180,802,801,7
1757190,798,801,7
1757201,803,801,7
1757211,799,801,7
1757221,801,801,7
1757231,803,801,7
1757241,798,801,7
1757252,802,801,7
1757262,799,801,7
RIM
1757282,771,761,3
1757292,757,761,4
1757302,762,761,4
1757313,762,761,4
1757323,760,761,4
1757333,764,761,4
1757343,759,761,4
1757354,763,761,4
1757364,764,761,4
1757374,760,761,4
1757384,764,761,4
1757394,761,761,4
1757405,762,761,4
1757415,762,761,4
1757425,757,761,4
1757435,761,761,4
1757445,759,761,4
1757456,760,761,4
1757466,761,761,4
1757476,757,761,4
1757486,761,761,4
1757496,760,761,4
1757507,758,761,4
1757517,760,761,4
1757527,757,761,4
1757537,760,761,4
1757547,761,761,4
1757558,755,761,4
1757568,761,761,4
1757578,757,760,5
1757588,760,760,5
1757598,760,760,5
1757609,756,760,5
1757619,760,760,5
1757629,758,760,5
1757639,758,760,5
1757649,761,760,5
1757660,757,760,5
1757670,760,760,5
1757680,760,760,5
1757690,757,760,5
1757700,761,760,5
1757711,757,760,5
1757721,759,760,5
1757731,761,760,5
1757741,755,760,5
1757751,761,760,5
1757762,758,760,5
1757772,760,760,5
1757782,760,760,5
1757792,756,760,5
1757802,760,760,5
1757813,759,760,5
1757823,758,760,5
1757833,760,760,5
1757843,757,760,5
1757853,760,760,5
1757864,760,760,5
1757874,757,760,5
1757884,759,760,5
1757894,757,760,5
1757904,759,760,5
1757915,760,760,5
1757925,756,760,5
1757935,761,760,5
1757945,758,760,5
1757955,759,760,5
1757966,761,760,5
1757976,756,760,5
1757986,760,760,5
1757996,759,760,5
1758006,757,760,5
1758017,760,760,5
1758027,756,760,5
1758037,759,760,5
1758047,761,760,5
1758057,757,760,5
1758068,760,760,5
1758078,758,760,5
1758088,759,760,5
1758098,760,760,5
1758108,756,759,6
1758119,760,759,6
1758129,759,759,6
1758139,758,759,6
1758149,761,759,6
1758159,756,759,6
1758170,760,759,6
1758180,760,759,6
1758190,758,759,6
1758200,761,759,6
1758210,757,759,6
1758221,759,759,6
1758231,761,759,6
1758241,756,759,6
1758251,761,759,6
1758261,758,759,6
1758272,759,759,5
1758282,761,759,5
1758292,756,759,5
1758302,759,759,5
1758312,759,759,5
1758323,758,759,5
1758333,761,759,5
1758343,756,759,5
1758353,760,759,5
1758363,760,759,5
1758374,757,759,5
1758384,761,759,5
1758394,756,759,5
1758404,759,759,5
1758414,760,759,5
1758425,757,759,5
1758435,760,759,5
1758445,758,759,5
1758455,759,759,5
1758465,761,759,5
1758476,756,759,5
1758486,760,759,5
1758496,759,759,5
OSM
1758517,602,599,0
1758527,599,599,0
1758537,604,599,1
1758547,600,599,1
1758558,598,599,1
1758568,601,599,1
1758578,598,599,1
1758588,600,599,1
1758598,601,599,1
1758609,598,599,1
1758619,597,599,1
1758629,599,599,1
1758639,597,599,1
1758649,600,599,1
1758660,597,599,1
1758670,598,599,1
1758680,599,599,1
1758690,597,599,1
1758700,599,599,1
1758711,598,599,1
1758721,599,599,1
1758731,599,599,1
1758741,599,599,1
1758751,598,599,1
1758762,599,599,1
1758772,598,599,1
1758782,599,599,1
1758792,597,599,1
1758802,600,599,1
1758813,599,599,1
1758823,598,599,1
1758833,600,599,1
1758843,598,599,1
1758853,600,599,1
1758864,600,599,1
1758874,598,599,1
1758884,599,599,1
1758894,597,599,1
1758904,598,599,1
1758915,598,599,1
1758925,597,599,1
1758935,599,599,1
1758945,598,599,1
1758955,597,599,1
1758966,599,599,1
1758976,597,599,1
1758986,599,599,1
1758996,601,599,1
1759006,597,599,1
1759017,602,599,1
1759027,596,599,1
1759037,597,599,1
1759047,599,599,1
1759057,595,599,1
1759068,599,599,1
1759078,596,599,1
1759088,598,598,2
1759098,600,598,2
1759108,597,598,2
1759119,599,598,2
1759129,598,598,2
1759139,599,598,2
1759149,598,598,2
1759159,597,598,2
1759170,599,598,2
1759180,599,598,2
1759190,598,598,2
1759200,599,598,2
1759210,596,598,2
1759221,599,598,2
1759231,599,598,2
1759241,596,598,2
1759251,599,598,2
1759261,597,598,2
1759272,599,598,2
1759282,599,598,2
1759292,597,598,2
1759302,599,598,2
1759312,598,598,2
1759323,597,598,2
1759333,599,598,2
1759343,597,598,2
1759353,598,598,2
1759363,599,598,2
1759374,597,598,2
1759384,598,598,2
1759394,598,598,2
1759404,598,598,2
1759414,599,598,2
1759425,597,598,2
1759435,599,598,2
1759445,598,598,2
1759455,598,598,2
1759465,599,598,2
1759476,597,598,2
1759486,600,598,2
1759496,598,598,2
1759506,598,598,2
1759516,599,598,2
1759527,598,598,2
1759537,599,598,2
1759547,600,598,2
1759557,597,598,2
1759567,599,598,2
1759578,598,598,2
1759588,598,598,2
1759598,601,598,2
1759608,597,598,2
1759618,599,598,2
1759629,598,598,2
1759639,598,598,2
1759649,600,598,2
1759659,597,598,2
1759669,598,598,2
1759680,599,598,2
1759690,597,598,2
1759700,599,598,2
1759710,599,598,2
1759720,598,598,1
1759731,600,598,2
SIM
1759751,822,801,8
1759761,802,801,8
1759771,805,801,8
1759782,804,801,8
1759792,799,801,8
1759802,803,801,8
1759812,801,801,8
1759822,800,801,8
1759833,804,801,8
1759843,797,801,8
1759853,801,801,8
1759863,801,801,8
1759873,799,801,8
1759884,803,801,8
1759894,799,801,8
1759904,803,801,8
1759914,803,801,8
1759924,798,801,8
1759935,802,801,8
1759945,800,801,8
1759955,803,801,8
1759965,804,801,8
1759975,798,801,8
1759986,803,801,8
1759996,802,801,8
1760006,800,801,8
1760016,804,801,8
1760026,799,801,8
1760037,803,801,8
1760047,804,801,8
1760057,800,801,8
1760067,804,801,8
1760077,801,801,8
1760088,801,801,8
1760098,803,801,8
1760108,797,801,8
1760118,802,801,8
1760128,800,801,8
1760139,800,801,8
1760149,803,801,8
1760159,798,801,8
1760169,802,801,8
1760179,802,801,8
1760190,799,801,8
1760200,803,801,8
1760210,798,801,8
1760220,803,801,8
1760230,802,801,8
1760241,798,801,8
1760251,802,801,8
1760261,799,801,8
1760271,801,801,8
1760282,804,801,8
1760292,799,801,8
1760302,803,801,8
1760312,802,801,8
1760322,800,801,8
1760333,804,801,8
1760343,798,801,8
1760353,803,801,8
1760363,804,801,8
1760373,800,801,8
1760384,803,801,8
1760394,800,801,8
1760404,802,801,8
1760414,804,801,8
1760424,798,801,8
1760435,802,801,8
1760445,799,801,8
1760455,801,801,8
1760465,802,801,8
1760475,797,801,8
1760486,802,801,8
1760496,801,801,8
1760506,799,801,8
1760516,804,801,8
1760526,797,801,8
1760537,808,801,8
1760547,804,801,8
1760557,799,801,8
1760567,804,801,8
1760577,800,801,8
1760588,800,801,8
1760598,804,801,8
1760608,798,801,8
1760618,805,801,8
1760628,802,801,8
1760639,801,801,8
1760649,805,801,9
1760659,799,801,9
1760669,808,801,9
1760679,804,801,9
1760690,798,801,9
1760700,804,801,9
1760710,798,801,9
1760720,801,801,9
1760730,802,801,9
1760741,796,801,9
1760751,802,801,9
1760761,797,801,9
1760771,800,801,9
1760781,803,801,9
1760792,797,801,9
1760802,802,801,9
1760812,801,801,9
1760822,800,801,9
1760833,803,801,9
1760843,799,801,9
1760853,802,801,9
1760863,804,801,9
1760873,799,801,9
1760884,804,801,9
1760894,799,801,9
1760904,802,801,9
1760914,803,801,9
1760924,798,801,9
1760935,805,801,9
1760945,801,801,9
1760955,801,801,9
1760965,803,801,9
RIM
1760985,775,759,5
1760996,766,759,6
1761006,762,759,6
1761016,765,759,6
1761026,760,759,6
1761036,764,759,6
1761047,764,759,6
1761057,760,759,6
1761067,765,759,6
1761077,762,759,6
1761087,763,759,6
1761098,765,759,6
1761108,759,759,6
1761118,764,759,7
1761128,762,759,7
1761138,761,759,7
1761149,765,759,7
1761159,760,759,7
1761169,762,759,7
1761179,763,759,7
1761189,758,759,7
1761200,765,759,7
1761210,759,759,7
1761220,761,759,7
1761230,762,759,7
1761240,758,759,7
1761251,763,759,7
1761261,761,759,7
1761271,761,759,7
1761281,764,759,8
1761291,758,759,8
1761302,762,759,8
1761312,761,759,8
1761322,760,759,8
1761332,763,759,8
1761342,759,759,8
1761353,762,759,8
1761363,762,759,8
1761373,759,759,8
1761383,763,759,8
1761393,759,759,8
1761404,762,759,8
1761414,763,759,8
1761424,758,759,8
1761434,761,759,8
1761444,760,760,7
1761455,762,760,7
1761465,763,760,7
1761475,758,760,7
1761485,761,760,7
1761495,762,760,7
1761506,761,760,7
1761516,763,760,7
1761526,758,760,7
1761536,761,760,7
1761546,763,760,7
1761557,759,760,7
1761567,763,760,7
1761577,758,760,7
1761587,761,760,7
1761597,763,760,7
1761608,759,760,7
1761618,762,760,7
1761628,760,760,7
1761638,760,760,7
1761648,763,760,7
1761659,760,760,7
1761669,763,760,7
1761679,762,760,7
1761689,759,760,7
1761699,763,760,7
1761710,759,760,7
1761720,762,760,7
1761730,764,760,7
1761740,759,760,7
1761750,762,760,7
1761761,760,760,7
1761771,761,760,7
1761781,763,760,7
1761791,758,760,7
1761801,762,760,7
1761812,761,760,7
1761822,760,760,7
1761832,763,760,7
1761842,758,760,7
1761852,761,760,7
1761863,763,760,7
1761873,759,760,7
1761883,763,760,7
1761893,759,760,7
1761903,761,760,7
1761914,763,760,7
1761924,759,760,7
1761934,763,760,7
1761944,761,760,7
1761954,761,760,7
1761965,763,760,7
1761975,758,760,7
1761985,762,760,7
1761995,762,761,6
1762005,760,761,6
1762016,763,761,6
1762026,760,761,6
1762036,762,761,6
1762046,764,761,6
1762056,758,761,6
1762067,763,761,6
1762077,759,761,6
1762087,761,761,6
1762097,763,761,5
1762107,758,761,5
1762118,762,761,5
1762128,760,761,5
1762138,761,761,5
1762148,763,761,5
1762158,758,761,5
1762169,762,761,5
1762179,762,761,5
1762189,759,761,5
1762199,763,761,5
OSM
1762220,600,598,1
1762230,601,598,1
1762240,599,598,1
1762250,601,598,1
1762261,599,598,1
1762271,600,598,1
1762281,601,598,1
1762291,598,598,1
1762301,600,598,1
1762312,600,598,1
1762322,598,598,1
1762332,600,598,1
1762342,597,598,1
1762352,598,598,1
1762363,599,598,1
1762373,598,598,1
1762383,599,598,1
1762393,598,598,1
1762403,599,598,1
1762414,600,598,1
1762424,598,598,1
1762434,599,598,1
1762444,601,598,1
1762454,601,598,1
1762465,600,598,1
1762475,598,598,1
1762485,599,598,1
1762495,599,598,1
1762505,600,598,1
1762516,600,598,1
1762526,598,598,1
1762536,599,598,1
1762546,600,598,1
1762556,600,598,1
1762567,600,598,1
1762577,598,598,1
1762587,600,598,1
1762597,600,598,1
1762607,600,598,2
1762618,600,598,2
1762628,598,598,2
1762638,599,598,2
1762648,600,598,2
1762658,600,598,2
1762669,600,598,2
1762679,599,598,2
1762689,599,598,2
1762699,600,598,2
1762709,600,598,2
1762720,599,598,1
1762730,600,598,1
1762740,599,598,1
1762750,599,598,1
1762760,600,598,1
1762771,599,598,1
1762781,599,598,1
1762791,598,598,1
1762801,600,598,1
1762811,601,598,1
1762822,598,598,1
1762832,600,598,1
1762842,597,598,1
1762852,599,598,2
1762862,602,598,2
1762873,598,598,2
1762883,600,598,2
1762893,600,598,2
1762903,599,598,2
1762913,602,598,2
1762924,598,598,2
1762934,599,598,2
1762944,598,598,2
1762954,599,598,2
1762964,602,598,2
1762975,599,598,2
1762985,598,598,2
1762995,600,599,1
1763005,598,599,1
1763015,602,599,1
1763026,598,599,1
1763036,599,599,1
1763046,600,599,1
1763056,598,599,1
1763066,602,599,1
1763077,598,599,1
1763087,599,599,1
1763097,601,599,1
1763107,597,599,1
1763117,602,599,1
1763128,598,599,1
1763138,599,599,1
1763148,599,599,1
1763158,597,599,1
1763168,602,599,1
1763179,599,599,1
1763189,598,599,1
1763199,600,599,1
1763209,598,599,1
1763219,602,599,1
1763230,600,599,1
1763240,597,599,1
1763250,599,599,1
1763260,599,599,1
1763270,600,599,1
1763281,600,599,1
1763291,598,599,1
1763301,599,599,1
1763311,599,599,1
1763321,599,599,1
1763332,601,599,1
1763342,597,599,1
1763352,599,599,1
1763362,600,599,1
1763372,599,599,1
1763383,600,599,1
1763393,598,599,1
1763403,599,599,1
1763413,601,599,1
1763423,598,599,1
1763434,600,599,1
SIM
1763454,819,801,8
1763464,806,801,8
1763474,799,801,8
1763485,804,801,8
1763495,803,801,8
1763505,801,801,8
1763515,805,801,8
1763525,798,801,8
1763536,802,801,8
1763546,803,801,8
1763556,798,801,8
1763566,803,801,8
1763576,799,801,8
1763587,802,801,8
1763597,804,801,8
1763607,798,801,8
1763617,804,801,8
1763627,801,801,8
1763638,801,801,8
1763648,803,801,8
1763658,798,801,8
1763668,803,801,8
1763678,802,801,8
1763689,800,801,8
1763699,804,801,8
1763709,799,801,8
1763719,802,801,8
1763729,803,801,8
1763740,799,801,8
1763750,803,801,8
1763760,799,801,8
1763770,801,801,8
1763781,804,801,8
1763791,798,801,8
1763801,803,801,8
1763811,801,801,8
1763821,800,801,8
1763832,803,801,8
1763842,798,801,8
1763852,802,801,8
1763862,802,801,8
1763872,799,801,8
1763883,803,801,8
1763893,798,801,8
1763903,801,801,8
1763913,803,801,8
1763923,797,801,8
1763934,802,801,8
1763944,798,801,8
1763954,800,801,8
1763964,803,801,8
1763974,797,801,8
1763985,802,801,8
1763995,800,801,8
1764005,799,801,8
1764015,802,801,8
1764025,796,801,9
1764036,802,801,8
1764046,802,801,8
1764056,797,801,9
1764066,802,801,8
1764076,797,801,9
1764087,801,801,9
1764097,803,801,9
1764107,796,801,9
1764117,801,801,9
1764127,799,801,9
1764138,801,801,9
1764148,802,801,9
1764158,797,801,9
1764168,801,801,9
1764178,801,801,9
1764189,798,801,9
1764199,804,801,9
1764209,797,801,9
1764219,800,801,9
1764229,801,801,9
1764240,797,801,8
1764250,802,801,8
1764260,798,801,8
1764270,800,801,8
1764280,803,801,8
1764291,797,801,8
1764301,801,801,8
1764311,799,801,8
1764321,799,800,9
1764331,803,800,9
1764342,798,800,9
1764352,802,800,9
1764362,802,800,9
1764372,797,800,9
1764382,802,800,9
1764393,797,800,9
1764403,800,800,8
1764413,801,800,8
1764423,796,800,9
1764433,802,800,9
1764444,799,800,8
1764454,800,800,8
1764464,804,800,8
1764474,797,800,9
1764484,802,800,8
1764495,802,800,8
1764505,800,800,8
1764515,803,800,8
1764525,797,800,9
1764535,801,800,8
1764546,802,800,8
1764556,799,800,8
1764566,803,800,8
1764576,798,800,8
1764586,802,800,8
1764597,804,800,8
1764607,800,800,8
1764617,805,800,9
1764627,802,800,9
1764638,801,800,8
1764648,804,800,8
1764658,799,800,8
1764668,803,800,8
RIM
1764688,776,761,5
1764699,764,761,5
1764709,761,761,5
1764719,764,761,5
1764729,765,761,5
1764739,760,761,5
1764750,764,761,5
1764760,761,761,5
1764770,764,761,5
1764780,764,761,5
1764790,760,761,5
1764801,764,761,5
1764811,760,761,5
1764821,759,761,5
1764831,761,761,5
1764842,757,761,5
1764852,761,761,5
1764862,761,761,5
1764872,757,761,5
1764882,761,761,5
1764893,757,761,5
1764903,760,761,5
1764913,761,761,5
1764923,756,761,5
1764933,761,761,5
1764944,759,761,5
1764954,760,761,5
1764964,761,761,5
1764974,756,761,5
1764984,761,761,5
1764995,760,761,5
1765005,758,761,5
1765015,761,761,5
1765025,757,761,5
1765035,760,760,6
1765046,761,761,5
1765056,756,760,6
1765066,761,760,6
1765076,757,760,6
1765086,759,760,6
1765097,760,760,6
1765107,757,760,6
1765117,761,760,6
1765127,759,760,6
1765137,758,760,6
1765148,760,760,6
1765158,757,760,6
1765168,761,760,6
1765178,760,760,6
1765188,757,760,6
1765199,761,760,6
1765209,757,760,6
1765219,760,760,6
1765229,761,760,6
1765239,757,760,6
1765250,760,760,6
1765260,758,760,6
1765270,760,760,6
1765280,761,760,6
1765290,756,760,6
1765301,760,760,6
1765311,760,760,6
1765321,758,760,6
1765331,761,760,6
1765341,756,760,6
1765352,760,760,6
1765362,760,760,6
1765372,758,760,6
1765382,761,760,6
1765392,757,760,6
1765403,759,760,6
1765413,761,760,6
1765423,758,760,6
1765433,761,760,6
1765443,758,760,6
1765454,759,760,6
1765464,761,760,6
1765474,757,760,6
1765484,760,760,6
1765494,759,760,6
1765505,758,760,6
1765515,762,760,6
1765525,757,760,6
1765535,760,760,6
1765545,761,760,6
1765556,757,760,6
1765566,761,760,6
1765576,758,760,6
1765586,759,760,6
1765596,761,760,6
1765607,756,760,6
1765617,761,760,6
1765627,759,760,6
1765637,760,760,6
1765647,760,760,6
1765658,757,760,6
1765668,760,760,6
1765678,760,760,6
1765688,757,759,7
1765698,761,759,7
1765709,757,759,7
1765719,760,759,7
1765729,761,759,7
1765739,756,759,7
1765749,760,759,7
1765760,758,759,7
1765770,759,759,7
1765780,762,759,7
1765790,756,759,7
1765800,760,759,7
1765811,759,759,7
1765821,758,759,7
1765831,761,759,7
1765841,757,759,7
1765851,760,759,6
1765862,759,759,6
1765872,757,759,6
1765882,761,759,6
1765892,757,759,6
1765902,760,759,6
OSM
1765923,598,599,1
1765933,599,599,1
1765943,599,599,1
1765953,603,599,1
1765964,599,599,1
1765974,596,599,1
1765984,599,599,1
1765994,598,599,1
1766004,597,599,1
1766015,599,599,1
1766025,597,599,1
1766035,599,599,1
1766045,600,599,1
1766055,599,599,1
1766066,601,599,1
1766076,599,599,1
1766086,599,599,1
1766096,601,599,1
1766106,598,599,1
1766117,601,599,1
1766127,599,599,1
1766137,599,599,1
1766147,601,599,1
1766157,598,599,1
1766168,600,599,1
1766178,600,599,1
1766188,598,599,1
1766198,600,599,1
1766208,598,599,1
1766219,600,599,1
1766229,600,599,1
1766239,598,599,1
1766249,601,599,1
1766259,599,599,1
1766270,599,599,1
1766280,601,599,1
1766290,597,599,1
1766300,601,599,1
1766310,599,599,1
1766321,599,599,1
1766331,599,599,1
1766341,598,599,1
1766351,600,599,1
1766361,600,599,1
1766372,598,599,1
1766382,600,599,1
1766392,598,599,1
1766402,599,599,1
1766412,600,599,1
1766423,598,599,1
1766433,600,599,1
1766443,599,599,1
1766453,599,599,1
1766463,600,599,1
1766474,598,599,1
1766484,600,599,1
1766494,599,599,1
1766504,598,599,1
1766514,601,599,1
1766525,598,599,1
1766535,598,599,1
1766545,600,599,1
1766555,599,599,1
1766565,600,599,1
1766576,599,599,1
1766586,599,599,1
1766596,600,599,1
1766606,598,599,1
1766616,600,599,1
1766627,599,599,1
1766637,599,599,1
1766647,600,599,1
1766657,598,599,1
1766667,600,599,1
1766678,600,599,1
1766688,598,599,1
1766698,600,599,1
1766708,598,599,1
1766718,600,599,1
1766729,600,599,1
1766739,598,599,1
1766749,600,599,1
1766759,598,599,1
1766769,599,599,1
1766780,600,599,1
1766790,598,599,1
1766800,600,599,1
1766810,599,599,1
1766820,599,599,1
1766831,600,599,1
1766841,596,599,1
1766851,599,599,1
1766861,599,599,1
1766871,599,599,1
1766882,600,599,1
1766892,598,599,1
1766902,599,599,1
1766912,600,599,1
1766922,599,599,1
1766933,600,599,1
1766943,598,599,1
1766953,599,599,1
1766963,600,599,1
1766973,598,599,1
1766984,599,599,1
1766994,599,599,1
1767004,598,599,1
1767014,600,599,1
1767024,598,599,1
1767035,600,599,1
1767045,600,599,1
1767055,597,599,1
1767065,599,599,1
1767075,598,599,1
1767086,599,599,1
1767096,600,599,1
1767106,598,599,1
1767116,600,599,1
1767126,598,599,1
1767137,599,599,1
SIM
1767157,816,800,8
1767167,806,800,8
1767177,803,800,8
1767187,802,800,8
1767198,805,800,8
1767208,798,800,8
1767218,802,800,8
1767228,802,800,8
1767239,797,800,8
1767249,802,800,8
1767259,798,800,8
1767269,801,800,7
1767279,803,800,8
1767290,796,800,8
1767300,803,800,8
1767310,800,800,8
1767320,801,800,7
1767330,803,800,8
1767341,799,800,8
1767351,803,800,8
1767361,802,800,8
1767371,799,800,7
1767381,804,800,8
1767392,798,800,8
1767402,804,800,8
1767412,804,800,8
1767422,798,800,8
1767432,804,800,8
1767443,800,800,8
1767453,802,800,8
1767463,804,800,8
1767473,800,800,8
1767483,804,800,8
1767494,801,800,8
1767504,801,800,8
1767514,804,800,8
1767524,800,800,8
1767534,804,800,8
1767545,804,800,8
1767555,800,800,8
1767565,805,800,8
1767575,798,800,8
1767585,804,800,8
1767596,803,800,8
1767606,799,800,8
1767616,804,800,8
1767626,801,800,8
1767636,801,800,8
1767647,805,801,7
1767657,799,801,7
1767667,803,801,7
1767677,802,801,7
1767687,800,801,7
1767698,805,801,7
1767708,798,801,7
1767718,802,801,7
1767728,804,801,7
1767738,799,801,7
1767749,804,801,7
1767759,799,801,7
1767769,802,801,7
1767779,804,801,7
1767789,797,801,7
1767800,803,801,7
1767810,801,801,7
1767820,800,801,7
1767830,804,801,7
1767840,798,801,7
1767851,803,801,7
1767861,802,801,7
1767871,800,801,7
1767881,804,801,7
1767891,798,801,7
1767902,802,801,7
1767912,804,801,7
1767922,798,801,7
1767932,804,801,7
1767942,799,801,7
1767953,802,801,7
1767963,805,801,7
1767973,798,801,7
1767983,803,801,7
1767993,801,801,7
1768004,800,801,7
1768014,805,801,7
1768024,799,801,7
1768034,803,801,7
1768044,803,801,7
1768055,799,801,7
1768065,804,801,7
1768075,800,801,7
1768085,803,801,7
1768095,804,801,7
1768106,797,801,7
1768116,804,801,7
1768126,800,801,7
1768136,801,801,7
1768146,803,801,7
1768157,798,801,7
1768167,803,801,7
1768177,803,801,7
1768187,800,801,7
1768197,805,801,7
1768208,799,801,7
1768218,803,801,7
1768228,805,801,7
1768238,799,801,7
1768248,805,801,7
1768259,800,801,7
1768269,802,801,7
1768279,804,801,7
1768289,798,801,7
1768299,804,801,7
1768310,800,801,7
1768320,801,801,7
1768330,806,801,8
1768340,800,801,8
1768350,804,801,8
1768361,803,801,8
1768371,801,801,8
RIM
1768391,771,759,5
1768401,765,759,5
1768411,765,759,5
1768422,760,759,5
1768432,762,759,5
1768442,759,759,5
1768452,760,759,5
1768463,761,759,5
1768473,755,759,5
1768483,764,759,5
1768493,761,759,5
1768503,760,759,5
1768514,764,759,5
1768524,759,759,5
1768534,762,759,5
1768544,762,759,5
1768554,759,759,5
1768565,762,759,5
1768575,759,759,5
1768585,761,759,5
1768595,763,759,5
1768605,758,759,5
1768616,763,759,5
1768626,760,759,5
1768636,761,759,5
1768646,762,759,5
1768656,757,759,5
1768667,762,759,5
1768677,761,759,5
1768687,760,759,5
1768697,763,759,5
1768707,758,759,5
1768718,762,759,5
1768728,762,759,5
1768738,759,759,5
1768748,762,759,5
1768758,759,759,5
1768769,761,759,5
1768779,763,759,5
1768789,758,759,5
1768799,763,759,5
1768809,760,759,5
1768820,759,759,5
1768830,763,759,5
1768840,759,759,5
1768850,762,759,6
1768860,761,759,6
1768871,759,759,5
1768881,762,759,6
1768891,759,759,6
1768901,761,759,6
1768911,764,759,6
1768922,758,759,6
1768932,762,759,6
1768942,760,759,6
1768952,761,760,5
1768962,762,760,5
1768973,757,760,5
1768983,762,760,5
1768993,761,760,5
1769003,760,760,5
1769013,762,760,5
1769024,758,760,5
1769034,762,760,5
1769044,763,760,5
1769054,758,760,5
1769064,763,760,5
1769075,758,760,5
1769085,762,760,5
1769095,764,760,5
1769105,758,760,5
1769115,762,760,5
1769126,759,760,5
1769136,760,760,5
1769146,764,760,5
1769156,758,760,5
1769166,762,760,5
1769177,761,760,5
1769187,760,760,5
1769197,764,760,5
1769207,758,760,5
1769217,763,760,5
1769228,762,760,5
1769238,758,760,5
1769248,763,760,5
1769258,758,760,5
1769268,761,760,5
1769279,762,760,5
1769289,758,760,5
1769299,762,760,5
1769309,761,760,5
1769319,760,760,5
1769330,763,760,5
1769340,758,760,5
1769350,762,760,5
1769360,761,760,5
1769370,759,760,5
1769381,763,760,5
1769391,758,760,5
1769401,761,760,5
1769411,763,760,5
1769421,758,760,5
1769432,762,760,5
1769442,759,760,5
1769452,762,760,5
1769462,762,760,5
1769472,758,760,5
1769483,762,760,5
1769493,760,760,5
1769503,761,760,5
1769513,763,760,5
1769523,758,760,5
1769534,761,760,5
1769544,762,760,5
1769554,759,760,5
1769564,763,760,5
1769574,758,760,5
1769585,761,760,5
1769595,763,760,5
1769605,758,760,5
OSM
1769626,600,599,1
1769636,600,599,1
1769646,601,599,1
1769656,598,599,1
1769667,602,599,1
1769677,599,599,1
1769687,601,599,1
1769697,600,599,1
1769707,597,599,1
1769718,598,599,1
1769728,600,599,1
1769738,596,599,1
1769748,599,599,1
1769758,597,599,1
1769769,598,599,1
1769779,599,599,1
1769789,597,599,1
1769799,598,599,1
1769809,598,599,1
1769820,597,599,1
1769830,600,599,1
1769840,597,599,1
1769850,598,599,1
1769860,599,599,1
1769871,597,599,1
1769881,599,598,2
1769891,597,598,2
1769901,598,598,2
1769911,599,598,2
1769922,597,598,2
1769932,599,598,2
1769942,597,598,2
1769952,598,598,2
1769962,599,598,2
1769973,596,598,2
1769983,599,598,2
1769993,599,598,2
1770003,597,598,2
1770013,599,598,2
1770024,597,598,2
1770034,599,598,2
1770044,599,598,2
1770054,597,598,2
1770064,599,598,1
1770075,598,598,1
1770085,599,598,1
1770095,599,598,1
1770105,597,598,1
1770115,599,598,1
1770126,598,598,1
1770136,598,598,1
1770146,599,598,1
1770156,598,598,1
1770166,600,598,1
1770177,600,598,1
1770187,599,598,1
1770197,599,598,1
1770207,597,598,1
1770217,598,598,1
1770228,600,598,1
1770238,597,598,1
1770248,598,598,1
1770258,598,598,1
1770268,600,598,1
1770279,599,598,1
1770289,598,598,1
1770299,599,598,1
1770309,598,598,1
1770319,599,598,1
1770330,600,598,1
1770340,597,598,1
1770350,598,598,1
1770360,599,598,1
1770370,598,598,1
1770381,601,598,1
1770391,598,598,1
1770401,599,598,1
1770411,601,598,1
1770421,597,598,1
1770432,599,598,1
1770442,598,598,1
1770452,597,598,1
1770462,600,598,1
1770472,596,598,1
1770483,599,598,1
1770493,598,598,1
1770503,598,598,1
1770513,600,598,1
1770523,598,598,1
1770534,599,598,1
1770544,599,598,1
1770554,597,598,1
1770564,598,598,1
1770574,597,598,1
1770585,598,598,1
1770595,600,598,1
1770605,597,598,1
1770615,599,598,1
1770625,597,598,1
1770636,598,598,1
1770646,599,598,1
1770656,597,598,1
1770666,600,598,1
1770676,600,598,1
1770687,597,598,1
1770697,600,598,1
1770707,597,598,1
1770717,598,598,1
1770727,600,598,1
1770738,597,598,1
1770748,600,598,1
1770758,598,598,1
1770768,598,598,1
1770778,599,598,1
1770789,596,598,1
1770799,599,598,1
1770809,598,598,1
1770819,597,598,1
1770829,600,598,1
1770840,597,598,1
SIM
1770860,818,801,8
1770870,801,801,8
1770880,803,801,8
1770891,798,801,8
1770901,803,801,8
1770911,805,801,8
1770921,800,801,8
1770931,803,801,8
1770942,799,801,8
1770952,801,801,8
1770962,803,801,8
1770972,796,801,8
1770982,802,801,8
1770993,800,801,8
1771003,800,801,8
1771013,803,801,8
1771023,797,801,8
1771033,801,801,8
1771044,801,801,8
1771054,797,801,8
1771064,804,801,8
1771074,798,801,8
1771084,800,801,8
1771095,802,801,8
1771105,797,801,8
1771115,802,801,8
1771125,798,801,8
1771135,799,801,8
1771146,803,801,8
1771156,797,801,8
1771166,802,801,8
1771176,801,801,8
1771186,799,801,8
1771197,805,801,8
1771207,798,801,8
1771217,803,801,8
1771227,803,801,8
1771237,798,801,8
1771248,804,801,8
1771258,799,801,8
1771268,802,801,8
1771278,805,801,8
1771288,798,801,8
1771299,804,801,8
1771309,800,801,8
1771319,800,801,8
1771329,804,801,8
1771339,797,801,8
1771350,803,801,8
1771360,802,801,8
1771370,800,801,8
1771380,804,801,8
1771390,798,801,8
1771401,802,801,8
1771411,804,801,8
1771421,798,801,8
1771431,803,801,8
1771441,798,801,8
1771452,800,801,8
1771462,804,801,8
1771472,797,801,8
1771482,802,801,8
1771493,801,801,8
1771503,800,801,8
1771513,803,801,8
1771523,798,801,8
1771533,802,801,8
1771544,803,801,8
1771554,797,801,8
1771564,803,801,8
1771574,798,801,8
1771584,801,801,8
1771595,802,801,8
1771605,796,801,8
1771615,802,801,8
1771625,800,801,8
1771635,801,801,8
1771646,803,801,8
1771656,798,801,8
1771666,804,801,8
1771676,802,801,8
1771686,799,801,8
1771697,804,801,8
1771707,798,801,8
1771717,803,801,8
1771727,804,801,8
1771737,798,801,8
1771748,804,801,8
1771758,799,801,8
1771768,801,801,8
1771778,803,801,8
1771788,797,801,8
1771799,803,801,8
1771809,800,801,8
1771819,800,801,8
1771829,804,801,8
1771839,798,801,8
1771850,803,801,8
1771860,803,801,8
1771870,799,801,8
1771880,804,801,8
1771890,800,801,8
1771901,802,801,8
1771911,804,801,8
1771921,799,801,8
1771931,805,801,8
1771941,799,801,8
1771952,802,801,8
1771962,804,801,8
1771972,798,801,8
1771982,803,801,8
1771992,803,801,8
1772003,801,801,8
1772013,806,801,8
1772023,799,801,8
1772033,801,801,8
1772043,802,801,8
1772054,798,801,8
1772064,803,801,8
1772074,797,801,8
RIM
1772094,770,760,5
1772105,758,760,5
1772115,762,760,5
1772125,759,760,5
1772135,759,760,5
1772145,762,760,5
1772156,757,760,5
1772166,760,760,5
1772176,760,760,4
1772186,758,760,4
1772196,761,760,4
1772207,755,760,5
1772217,760,760,4
1772227,762,760,4
1772237,758,760,4
1772247,762,760,4
1772258,760,760,4
1772268,761,760,4
1772278,763,760,5
1772288,758,760,5
1772298,762,760,5
1772309,761,760,4
1772319,760,760,4
1772329,762,760,4
1772339,758,760,4
1772349,761,760,4
1772360,762,760,4
1772370,760,760,4
1772380,762,760,4
1772390,759,760,4
1772400,760,760,4
1772411,763,760,4
1772421,758,760,4
1772431,763,760,4
1772441,759,760,4
1772451,760,760,4
1772462,762,760,4
1772472,758,760,4
1772482,761,760,4
1772492,761,760,4
1772502,761,760,4
1772513,763,760,4
1772523,759,760,4
1772533,761,760,4
1772543,762,760,4
1772553,757,760,4
1772564,763,760,4
1772574,759,760,4
1772584,761,760,4
1772594,762,760,4
1772604,758,760,4
1772615,762,760,4
1772625,761,760,4
1772635,761,760,4
1772645,763,760,4
1772655,757,760,4
1772666,763,760,4
1772676,762,760,4
1772686,759,760,4
1772696,763,760,4
1772706,759,760,4
1772717,762,760,4
1772727,763,760,5
1772737,759,760,4
1772747,763,760,4
1772757,759,760,4
1772768,761,760,4
1772778,762,760,4
1772788,758,760,4
1772798,762,760,4
1772808,761,760,4
1772819,760,760,4
1772829,762,760,4
1772839,759,760,4
1772849,762,760,4
1772859,762,760,4
1772870,760,760,4
1772880,763,760,4
1772890,759,760,4
1772900,762,760,4
1772910,763,760,4
1772921,759,760,4
1772931,764,760,4
1772941,760,760,4
1772951,760,760,4
1772961,763,760,4
1772972,758,760,4
1772982,762,760,4
1772992,761,760,4
1773002,760,760,4
1773012,763,760,4
1773023,759,760,4
1773033,762,760,4
1773043,763,760,4
1773053,759,760,4
1773063,763,760,4
1773074,760,760,4
1773084,762,760,4
1773094,764,760,4
1773104,760,760,4
1773114,763,760,4
1773125,760,760,4
1773135,761,760,4
1773145,764,760,4
1773155,758,760,4
1773165,762,760,4
1773176,761,760,4
1773186,760,760,4
1773196,763,760,4
1773206,759,760,4
1773216,762,760,4
1773227,763,760,4
1773237,759,760,4
1773247,763,760,4
1773257,760,760,4
1773267,761,760,4
1773278,763,760,4
1773288,759,760,4
1773298,763,760,4
1773308,761,760,4
OSM
1773329,603,598,1
1773339,598,598,1
1773349,599,598,1
1773359,598,598,1
1773370,599,598,1
1773380,599,598,1
1773390,597,598,1
1773400,599,598,1
1773410,599,598,1
1773421,598,598,1
1773431,601,598,1
1773441,599,598,1
1773451,599,598,1
1773461,600,598,1
1773472,599,598,1
1773482,599,598,1
1773492,600,598,1
1773502,599,598,1
1773512,601,598,1
1773523,598,598,1
1773533,599,598,1
1773543,600,598,1
1773553,599,598,1
1773563,601,598,1
1773574,599,598,1
1773584,599,598,1
1773594,600,598,1
1773604,598,598,1
1773614,600,598,1
1773625,599,598,1
1773635,598,598,1
1773645,600,598,1
1773655,599,598,1
1773665,600,598,1
1773676,600,598,1
1773686,598,598,1
1773696,600,598,1
1773706,599,598,1
1773716,599,598,1
1773727,601,598,1
1773737,597,598,1
1773747,600,598,2
1773757,599,598,2
1773767,600,598,2
1773778,601,598,2
1773788,598,598,2
1773798,600,598,2
1773808,599,598,2
1773818,598,598,2
1773829,600,598,2
1773839,598,598,2
1773849,599,598,2
1773859,600,598,2
1773869,599,598,2
1773880,601,598,2
1773890,598,598,2
1773900,600,598,2
1773910,601,598,2
1773920,598,598,2
1773931,600,598,2
1773941,600,598,2
1773951,600,598,2
1773961,601,598,2
1773971,598,598,2
1773982,599,598,2
1773992,600,598,2
1774002,599,598,2
1774012,600,598,2
1774022,599,598,2
1774033,600,598,2
1774043,600,598,2
1774053,599,598,2
1774063,601,598,2
1774073,598,598,2
1774084,599,598,2
1774094,601,598,2
1774104,597,598,2
1774114,601,598,2
1774124,599,598,2
1774135,599,598,2
1774145,600,599,1
1774155,598,599,1
1774165,599,599,1
1774175,599,599,1
1774186,599,599,1
1774196,600,599,1
1774206,599,599,1
1774216,600,599,1
1774226,601,599,1
1774237,598,599,1
1774247,600,599,1
1774257,599,599,1
1774267,600,599,1
1774277,600,599,1
1774288,599,599,1
1774298,600,599,1
1774308,600,599,1
1774318,599,599,1
1774328,600,599,1
1774339,598,599,1
1774349,599,599,1
1774359,600,599,1
1774369,599,599,1
1774379,601,599,1
1774390,599,599,1
1774400,599,599,1
1774410,601,599,1
1774420,598,599,1
1774430,601,599,1
1774441,599,599,1
1774451,600,599,1
1774461,600,599,1
1774471,599,599,1
1774481,601,599,1
1774492,599,599,1
1774502,598,599,1
1774512,601,599,1
1774522,598,599,1
1774532,600,599,1
1774543,601,599,1
SIM
1774563,822,801,9
1774573,803,801,9
1774583,803,801,9
1774594,803,801,9
1774604,798,801,9
1774614,803,801,9
1774624,800,801,9
1774634,800,801,9
1774645,803,801,9
1774655,797,801,9
1774665,804,801,9
1774675,803,801,9
1774685,802,801,9
1774696,803,801,9
1774706,800,801,9
1774716,802,801,9
1774726,804,801,9
1774736,800,801,9
1774747,806,801,9
1774757,800,801,9
1774767,803,801,9
1774777,803,801,9
1774788,797,801,9
1774798,804,801,9
1774808,801,801,9
1774818,801,801,9
1774828,804,801,9
1774839,797,801,9
1774849,803,801,9
1774859,803,801,9
1774869,799,801,9
1774879,804,801,9
1774890,800,801,9
1774900,801,801,9
1774910,802,801,9
1774920,797,801,9
1774930,802,801,9
1774941,798,801,9
1774951,801,801,9
1774961,804,801,9
1774971,797,801,9
1774981,803,801,9
1774992,800,801,9
1775002,800,801,9
1775012,804,801,9
1775022,798,801,9
1775032,801,801,9
1775043,801,801,9
1775053,798,801,9
1775063,804,801,9
1775073,798,801,9
1775083,801,801,9
1775094,803,801,9
1775104,797,801,9
1775114,802,801,9
1775124,800,801,9
1775134,799,801,9
1775145,804,801,9
1775155,798,801,9
1775165,802,801,9
1775175,801,801,9
1775185,799,801,9
1775196,803,801,9
1775206,797,801,9
1775216,802,801,9
1775226,804,801,9
1775236,797,801,9
1775247,803,801,9
1775257,799,801,9
1775267,801,801,9
1775277,803,801,9
1775287,797,801,9
1775298,803,801,9
1775308,800,801,9
1775318,800,801,9
1775328,803,801,9
1775338,797,801,9
1775349,801,801,9
1775359,802,801,9
1775369,798,801,9
1775379,803,801,9
1775389,797,801,9
1775400,801,801,9
1775410,803,801,9
1775420,798,801,9
1775430,803,801,9
1775440,800,801,9
1775451,800,801,9
1775461,803,801,9
1775471,797,801,9
1775481,803,801,9
1775491,799,801,9
1775502,798,801,9
1775512,803,801,9
1775522,798,801,9
1775532,803,801,9
1775542,802,801,9
1775553,799,801,9
1775563,803,801,9
1775573,798,801,9
1775583,801,801,9
1775593,803,801,9
1775604,799,801,9
1775614,802,801,9
1775624,798,801,9
1775634,801,801,9
1775644,803,801,9
1775655,798,801,9
1775665,802,801,9
1775675,801,801,9
1775685,799,801,9
1775695,802,801,9
1775706,797,801,9
1775716,801,800,10
1775726,803,801,9
1775736,797,800,10
1775746,803,800,10
1775757,798,800,10
1775767,801,800,10
1775777,804,801,9
RIM
1775797,773,760,5
1775807,762,760,5
1775818,762,760,5
1775828,763,760,5
1775838,759,760,5
1775848,764,760,5
1775858,762,761,4
1775869,761,761,4
1775879,763,761,4
1775889,760,761,4
1775899,763,761,4
1775909,763,761,4
1775920,759,761,4
1775930,763,761,4
1775940,760,761,4
1775950,761,761,4
1775960,764,761,4
1775971,759,761,4
1775981,763,761,4
1775991,759,761,4
1776001,758,761,4
1776012,762,761,4
1776022,756,761,4
1776032,760,761,4
1776042,761,761,4
1776052,757,761,4
1776063,761,761,4
1776073,757,761,4
1776083,760,761,4
1776093,761,761,4
1776103,757,761,4
1776114,760,761,4
1776124,758,761,4
1776134,759,760,5
1776144,761,760,5
1776154,756,760,5
1776165,760,760,5
1776175,761,760,5
1776185,760,760,5
1776195,763,760,5
1776205,759,760,5
1776216,762,760,5
1776226,764,760,5
1776236,758,760,5
1776246,762,760,5
1776256,760,760,5
1776267,761,760,5
1776277,763,761,4
1776287,757,760,5
1776297,762,760,5
1776307,761,760,5
1776318,761,760,5
1776328,762,760,5
1776338,758,760,5
1776348,762,760,5
1776358,762,761,4
1776369,760,760,5
1776379,763,760,5
1776389,759,760,5
1776399,761,760,5
1776409,762,760,5
1776420,758,760,5
1776430,762,760,5
1776440,760,760,5
1776450,761,760,5
1776460,762,760,5
1776471,758,760,5
1776481,761,760,5
1776491,760,760,5
1776501,760,760,5
1776511,762,760,5
1776522,758,760,5
1776532,761,760,5
1776542,762,760,5
1776552,759,760,5
1776562,762,760,5
1776573,759,760,5
1776583,761,760,5
1776593,762,760,5
1776603,758,760,5
1776613,762,760,5
1776624,761,760,5
1776634,760,760,5
1776644,763,760,5
1776654,758,760,5
1776664,763,760,5
1776675,761,760,5
1776685,759,760,5
1776695,763,760,5
1776705,759,760,5
1776715,761,760,5
1776726,762,760,5
1776736,759,760,5
1776746,762,760,5
1776756,760,760,5
1776766,761,760,5
1776777,763,760,5
1776787,757,760,5
1776797,762,760,5
1776807,760,760,5
1776817,760,760,5
1776828,763,760,5
1776838,758,760,5
1776848,762,760,5
1776858,762,760,5
1776868,759,760,5
1776879,762,760,5
1776889,758,760,5
1776899,763,760,5
1776909,763,760,5
1776919,758,760,5
1776930,762,760,5
1776940,759,760,5
1776950,761,760,5
1776960,763,760,5
1776970,757,760,5
1776981,762,760,5
1776991,760,760,5
1777001,760,760,5
1777011,763,760,5
OSM
1777032,599,599,1
1777042,599,599,1
1777052,598,599,1
1777063,600,599,1
1777073,597,599,1
1777083,599,599,1
1777093,598,599,1
1777103,596,599,1
1777114,598,599,1
1777124,597,599,1
1777134,598,599,1
1777144,599,599,1
1777154,597,599,1
1777165,599,599,1
1777175,600,599,1
1777185,598,599,1
1777195,599,599,1
1777205,598,599,1
1777216,599,599,1
1777226,600,599,1
1777236,597,599,1
1777246,599,599,1
1777256,599,599,1
1777267,599,599,1
1777277,601,599,1
1777287,599,599,1
1777297,600,599,1
1777307,600,599,1
1777318,598,599,1
1777328,600,599,1
1777338,596,599,1
1777348,598,599,1
1777359,600,599,1
1777369,597,599,1
1777379,599,599,1
1777389,598,599,1
1777399,598,599,1
1777410,600,599,1
1777420,596,599,1
1777430,599,599,1
1777440,598,599,1
1777450,598,599,1
1777461,600,599,1
1777471,597,599,1
1777481,598,599,1
1777491,599,599,1
1777501,597,599,1
1777512,600,599,1
1777522,596,599,1
1777532,599,599,1
1777542,599,599,1
1777552,597,599,1
1777563,600,599,1
1777573,598,599,1
1777583,598,599,1
1777593,599,599,1
1777603,597,599,1
1777614,600,599,1
1777624,597,598,2
1777634,598,598,2
1777644,598,598,2
1777654,597,598,2
1777665,600,598,2
1777675,597,598,2
1777685,596,598,2
1777695,598,598,2
1777705,597,598,2
1777716,599,598,2
1777726,600,598,2
1777736,597,598,2
1777746,598,598,2
1777756,596,598,2
1777767,598,598,2
1777777,598,598,2
1777787,596,598,2
1777797,599,598,2
1777807,598,598,2
1777818,598,598,2
1777828,599,598,2
1777838,597,598,2
1777848,598,598,2
1777858,599,598,2
1777869,598,598,2
1777879,600,598,2
1777889,597,598,2
1777899,598,598,2
1777909,599,598,2
1777920,598,598,2
1777930,598,598,1
1777940,598,598,1
1777950,597,598,1
1777960,599,598,1
1777971,598,598,1
1777981,599,598,1
1777991,598,598,1
1778001,597,598,1
1778011,599,598,1
1778022,598,598,1
1778032,598,598,1
1778042,599,598,1
1778052,596,598,1
1778062,599,598,1
1778073,598,598,1
1778083,599,598,1
1778093,600,598,1
1778103,596,598,1
1778113,598,598,1
1778124,599,598,1
1778134,597,598,1
1778144,599,598,1
1778154,597,598,1
1778164,599,598,1
1778175,600,598,1
1778185,597,598,1
1778195,599,598,1
1778205,597,598,1
1778215,599,598,1
1778226,600,598,1
1778236,596,598,1
1778246,599,598,1
SIM
1778266,819,801,8
1778276,805,801,8
1778287,797,800,9
1778297,803,800,9
1778307,801,801,8
1778317,799,800,9
1778327,803,800,9
1778338,799,800,9
1778348,803,800,9
1778358,802,801,8
1778368,799,800,9
1778379,804,800,9
1778389,799,800,9
1778399,801,800,9
1778409,802,800,9
1778419,798,800,9
1778430,802,800,9
1778440,799,800,9
1778450,801,800,8
1778460,804,800,8
1778470,798,800,8
1778481,802,800,8
1778491,801,800,8
1778501,799,800,8
1778511,803,800,8
1778521,798,800,8
1778532,803,800,8
1778542,802,800,8
1778552,798,800,8
1778562,802,800,8
1778572,797,800,8
1778583,801,800,8
1778593,802,800,8
1778603,797,800,8
1778613,802,800,8
1778623,798,800,8
1778634,800,800,8
1778644,804,800,8
1778654,798,800,8
1778664,801,800,8
1778674,802,800,8
1778685,798,800,8
1778695,802,800,8
1778705,798,800,8
1778715,800,800,8
1778725,802,800,8
1778736,797,800,8
1778746,802,800,8
1778756,799,800,8
1778766,801,800,8
1778776,803,800,8
1778787,797,800,8
1778797,801,800,8
1778807,802,800,8
1778817,800,800,8
1778827,803,800,8
1778838,800,800,8
1778848,803,800,8
1778858,803,800,8
1778868,799,800,8
1778878,804,800,8
1778889,799,800,8
1778899,802,800,8
1778909,804,800,8
1778919,798,800,8
1778929,803,800,8
1778940,801,800,8
1778950,801,800,8
1778960,804,800,8
1778970,798,800,8
1778980,804,800,8
1778991,801,800,8
1779001,799,800,8
1779011,804,800,8
1779021,799,800,8
1779031,803,800,8
1779042,802,800,8
1779052,799,800,8
1779062,804,800,8
1779072,799,800,8
1779082,803,800,8
1779093,805,800,8
1779103,797,800,8
1779113,805,800,8
1779123,800,800,8
1779133,802,800,8
1779144,804,801,7
1779154,799,801,7
1779164,803,801,7
1779174,802,801,7
1779184,800,801,7
1779195,803,801,7
1779205,799,801,7
1779215,803,801,7
1779225,803,801,7
1779235,798,801,7
1779246,803,801,7
1779256,799,801,7
1779266,803,801,7
1779276,803,801,7
1779286,797,801,7
1779297,803,801,7
1779307,801,801,7
1779317,801,801,7
1779327,803,801,7
1779337,798,801,7
1779348,803,801,7
1779358,804,801,7
1779368,799,801,7
1779378,805,801,7
1779388,799,801,7
1779399,803,801,7
1779409,803,801,7
1779419,799,801,7
1779429,804,801,7
1779439,801,801,7
1779450,801,801,7
1779460,804,801,7
1779470,799,801,7
1779480,804,801,7
RIM
1779501,770,760,4
1779511,762,760,4
1779521,757,760,4
1779531,764,760,4
1779541,762,760,4
1779552,759,760,4
1779562,762,760,4
1779572,759,760,4
1779582,760,760,4
1779592,761,760,4
1779603,755,760,4
1779613,760,760,4
1779623,759,760,4
1779633,759,760,4
1779643,761,760,4
1779654,756,760,4
1779664,760,760,4
1779674,760,760,4
1779684,758,760,4
1779694,761,760,4
1779705,756,760,4
1779715,759,760,4
1779725,761,760,4
1779735,757,760,4
1779745,762,760,4
1779756,757,760,4
1779766,759,760,4
1779776,761,760,4
1779786,756,760,4
1779796,760,760,4
1779807,759,760,4
1779817,758,760,4
1779827,761,760,4
1779837,757,760,4
1779847,760,760,4
1779858,760,760,4
1779868,757,760,4
1779878,761,760,4
1779888,757,760,4
1779898,760,760,4
1779909,762,760,4
1779919,757,760,4
1779929,762,760,4
1779939,758,760,4
1779949,759,760,4
1779960,760,760,4
1779970,757,760,4
1779980,760,760,4
1779990,759,760,4
1780000,758,760,4
1780011,761,760,4
1780021,757,760,4
1780031,760,760,4
1780041,761,760,4
1780051,757,760,4
1780062,761,760,4
1780072,757,760,4
1780082,759,760,4
1780092,761,760,4
1780102,756,760,4
1780113,760,760,4
1780123,759,760,4
1780133,760,760,4
1780143,761,760,4
1780153,756,759,5
1780164,760,759,5
1780174,760,759,5
1780184,758,759,5
1780194,762,759,5
1780204,756,759,5
1780215,759,759,5
1780225,762,759,5
1780235,757,759,5
1780245,761,759,5
1780255,757,759,5
1780266,758,759,5
1780276,761,759,5
1780286,756,759,5
1780296,760,759,5
1780306,759,759,5
1780317,759,759,5
1780327,760,759,5
1780337,756,759,5
1780347,760,759,5
1780357,761,759,5
1780368,757,759,5
1780378,761,759,5
1780388,757,759,5
1780398,759,759,5
1780408,761,759,5
1780419,756,759,5
1780429,761,759,5
1780439,758,759,5
1780449,760,759,5
1780459,760,759,5
1780470,757,759,5
1780480,761,759,5
1780490,760,759,5
1780500,758,759,5
1780510,760,759,5
1780521,757,759,5
1780531,759,759,5
1780541,762,759,5
1780551,758,759,5
1780561,760,759,5
1780572,757,759,5
1780582,760,759,4
1780592,760,759,4
1780602,756,759,4
1780612,760,759,4
1780623,758,759,4
1780633,758,759,4
1780643,761,759,4
1780653,757,759,4
1780663,760,759,4
1780674,759,759,4
1780684,758,759,4
1780694,761,759,4
1780704,757,759,4
1780714,759,759,4
OSM
1780735,600,598,1
1780745,600,598,1
1780755,600,598,1
1780765,600,598,1
1780776,605,598,1
1780786,597,598,1
1780796,600,598,1
1780806,598,598,1
1780816,598,598,1
1780827,600,598,1
1780837,599,598,1
1780847,600,598,2
1780857,600,598,2
1780867,598,598,2
1780878,600,598,2
1780888,598,598,2
1780898,600,598,2
1780908,600,598,2
1780918,598,598,2
1780929,600,598,2
1780939,599,598,2
1780949,600,598,2
1780959,601,598,2
1780969,597,598,2
1780980,599,598,2
1780990,599,598,2
1781000,598,598,2
1781010,601,598,2
1781020,598,598,2
1781031,599,598,2
1781041,599,598,2
1781051,597,598,2
1781061,598,598,2
1781071,599,598,2
1781082,599,598,2
1781092,600,598,2
1781102,598,598,2
1781112,599,598,2
1781122,599,598,2
1781133,598,598,2
1781143,600,598,2
1781153,597,598,2
1781163,599,598,2
1781173,598,598,2
1781184,597,598,2
1781194,600,598,2
1781204,597,598,2
1781214,599,598,2
1781224,599,598,2
1781235,597,598,2
1781245,600,598,2
1781255,598,598,2
1781265,598,598,1
1781275,599,598,2
1781286,598,598,2
1781296,600,598,2
1781306,597,598,2
1781316,598,598,1
1781326,599,598,1
1781337,597,598,2
1781347,600,598,2
1781357,599,598,2
1781367,598,598,2
1781377,599,598,2
1781388,597,598,1
1781398,599,598,1
1781408,599,598,1
1781418,597,598,1
1781428,598,598,1
1781439,598,598,1
1781449,599,598,1
1781459,599,598,1
1781469,598,598,1
1781479,599,598,1
1781490,599,598,1
1781500,598,598,1
1781510,599,598,1
1781520,596,598,1
1781530,599,598,1
1781541,600,598,1
1781551,598,598,1
1781561,600,598,1
1781571,597,598,2
1781581,598,598,1
1781592,600,598,1
1781602,598,598,1
1781612,600,598,2
1781622,597,598,2
1781632,598,598,2
1781643,600,598,2
1781653,598,598,2
1781663,600,598,2
1781673,598,598,2
1781683,597,598,2
1781694,601,598,2
1781704,598,598,2
1781714,600,598,2
1781724,599,598,2
1781734,597,598,2
1781745,599,598,2
1781755,599,598,2
1781765,600,598,2
1781775,600,598,2
1781785,596,598,2
1781796,600,598,2
1781806,599,598,2
1781816,598,598,2
1781826,598,598,2
1781836,597,598,2
1781847,599,598,2
1781857,599,598,2
1781867,599,598,2
1781877,599,598,2
1781887,597,598,2
1781898,600,598,2
1781908,600,598,2
1781918,597,598,2
1781928,599,598,2
1781938,599,598,2
1781949,599,598,2
SIM
1781969,814,801,6
1781979,806,801,6
1781989,801,801,6
1782000,801,801,6
1782010,805,801,6
1782020,799,801,6
1782030,803,801,6
1782040,803,801,6
1782051,799,801,6
1782061,802,801,6
1782071,798,801,6
1782081,801,801,6
1782091,804,801,6
1782102,798,801,6
1782112,803,801,6
1782122,799,801,6
1782132,800,801,6
1782142,804,801,6
1782153,797,801,6
1782163,802,801,6
1782173,801,801,6
1782183,799,801,6
1782193,803,801,6
1782204,796,801,6
1782214,802,801,6
1782224,803,801,6
1782234,798,801,6
1782244,803,801,6
1782255,797,801,6
1782265,802,801,6
1782275,802,801,6
1782285,797,801,6
1782295,802,801,6
1782306,800,801,6
1782316,800,801,6
1782326,804,801,6
1782336,797,801,6
1782346,802,801,6
1782357,803,801,6
1782367,800,801,6
1782377,803,801,6
1782387,799,801,6
1782397,802,801,6
1782408,804,801,6
1782418,798,801,6
1782428,805,801,7
1782438,800,801,6
1782448,801,801,6
1782459,804,801,6
1782469,800,801,6
1782479,804,801,6
1782489,801,801,6
1782499,800,801,6
1782510,803,801,6
1782520,798,801,6
1782530,803,801,6
1782540,802,801,6
1782550,800,801,6
1782561,803,801,6
1782571,798,801,6
1782581,801,801,6
1782591,803,801,6
1782602,798,801,6
1782612,803,801,6
1782622,799,801,6
1782632,800,801,6
1782642,803,801,6
1782653,797,801,6
1782663,802,801,6
1782673,801,801,6
1782683,802,801,6
1782693,805,801,6
1782704,798,801,6
1782714,802,801,6
1782724,804,801,6
1782734,799,801,6
1782744,804,801,7
1782755,799,801,7
1782765,802,801,6
1782775,803,801,6
1782785,797,801,7
1782795,804,801,6
1782806,801,801,6
1782816,800,801,6
1782826,802,801,6
1782836,798,801,6
1782846,802,801,6
1782857,800,801,6
1782867,798,801,6
1782877,803,801,6
1782887,798,801,6
1782897,801,801,6
1782908,803,801,6
1782918,797,801,6
1782928,802,801,6
1782938,799,801,6
1782948,801,801,6
1782959,803,801,6
1782969,798,801,6
1782979,802,801,6
1782989,800,801,6
1782999,800,801,6
1783010,804,801,6
1783020,798,801,6
1783030,803,801,6
1783040,804,801,6
1783050,798,801,6
1783061,804,801,6
1783071,799,801,6
1783081,805,801,6
1783091,805,801,6
1783101,799,801,6
1783112,805,801,7
1783122,801,801,7
1783132,801,801,6
1783142,803,801,6
1783152,798,801,7
1783163,803,801,7
1783173,802,801,6
1783183,799,801,6
RIM
1783203,769,759,4
1783214,762,759,4
1783224,762,759,4
1783234,757,759,4
1783244,761,759,4
1783254,757,759,4
1783265,760,759,4
1783275,761,759,4
1783285,756,759,4
1783295,763,759,4
1783305,761,759,4
1783316,761,759,4
1783326,764,759,4
1783336,758,759,4
1783346,762,759,4
1783356,762,759,4
1783367,760,759,4
1783377,763,759,4
1783387,759,759,4
1783397,762,759,4
1783407,762,759,4
1783418,758,759,4
1783428,763,759,4
1783438,760,759,4
1783448,762,759,4
1783458,762,759,4
1783469,758,759,4
1783479,763,759,4
1783489,761,759,4
1783499,760,759,4
1783509,763,759,4
1783520,759,759,4
1783530,762,759,4
1783540,762,759,5
1783550,760,759,5
1783560,763,759,5
1783571,758,759,5
1783581,762,759,5
1783591,763,759,5
1783601,759,759,5
1783611,762,759,5
1783622,760,759,5
1783632,761,759,5
1783642,763,759,5
1783652,759,759,5
1783662,762,759,5
1783673,761,759,5
1783683,759,759,5
1783693,763,759,5
1783703,759,759,5
1783713,762,759,5
1783724,763,759,5
1783734,759,759,5
1783744,763,759,5
1783754,760,759,5
1783764,762,759,5
1783775,764,759,5
1783785,758,759,5
1783795,762,759,5
1783805,761,760,4
1783815,760,760,4
1783826,763,760,4
1783836,758,760,4
1783846,762,760,4
1783856,762,760,4
1783866,759,760,4
1783877,763,760,4
1783887,759,760,4
1783897,762,760,4
1783907,764,760,4
1783917,758,760,4
1783928,763,760,5
1783938,759,760,4
1783948,761,760,4
1783958,763,760,4
1783968,758,760,4
1783979,763,760,5
1783989,760,760,4
1783999,760,760,4
1784009,763,760,4
1784019,759,760,4
1784030,763,760,5
1784040,762,760,4
1784050,758,760,4
1784060,763,760,5
1784070,759,760,4
1784081,762,760,4
1784091,762,760,4
1784101,758,760,4
1784111,762,760,4
1784121,760,760,4
1784132,761,760,4
1784142,763,760,4
1784152,758,760,4
1784162,762,760,4
1784172,761,760,4
1784183,759,760,4
1784193,763,760,4
1784203,758,760,4
1784213,762,760,5
1784223,762,760,4
1784234,759,760,4
1784244,763,760,5
1784254,759,760,4
1784264,761,760,4
1784274,764,760,5
1784285,758,760,5
1784295,762,760,5
1784305,760,760,4
1784315,760,760,4
1784325,763,760,5
1784336,758,760,5
1784346,762,760,5
1784356,761,760,4
1784366,760,760,4
1784376,763,760,5
1784387,759,760,5
1784397,761,760,5
1784407,763,760,5
1784417,758,760,5
OSM
1784438,600,598,2
1784448,600,598,2
1784458,602,598,2
1784468,598,598,2
1784479,599,598,1
1784489,599,598,1
1784499,599,598,1
1784509,599,598,1
1784519,597,598,1
1784530,599,598,1
1784540,599,598,1
1784550,598,598,1
1784560,598,598,1
1784570,597,598,1
1784581,598,598,1
1784591,599,598,1
1784601,595,598,1
1784611,600,598,1
1784621,599,598,1
1784632,599,598,1
1784642,600,598,1
1784652,597,598,1
1784662,600,598,1
1784672,599,598,1
1784683,599,598,1
1784693,602,598,1
1784703,598,598,1
1784713,600,598,1
1784723,600,598,1
1784734,598,598,1
1784744,600,598,1
1784754,599,598,1
1784764,600,598,1
1784774,600,598,1
1784785,598,598,1
1784795,600,598,1
1784805,599,598,1
1784815,599,598,1
1784825,600,598,1
1784836,597,598,1
1784846,599,598,1
1784856,600,598,1
1784866,598,598,1
1784876,600,598,1
1784887,599,598,1
1784897,599,598,1
1784907,600,598,1
1784917,598,598,1
1784927,599,598,1
1784938,600,598,1
1784948,599,598,1
1784958,600,598,1
1784968,598,598,1
1784978,600,598,2
1784989,598,598,2
1784999,599,598,1
1785009,600,598,2
1785019,598,598,2
1785029,599,598,2
1785040,600,598,2
1785050,598,598,2
1785060,600,598,2
1785070,598,598,2
1785080,599,598,2
1785091,599,598,2
1785101,598,598,2
1785111,600,598,2
1785121,599,598,2
1785131,598,598,2
1785142,600,598,2
1785152,597,598,2
1785162,601,598,2
1785172,599,598,2
1785182,598,598,2
1785193,600,598,2
1785203,598,598,2
1785213,600,598,2
1785223,600,598,2
1785233,598,598,2
1785244,600,598,2
1785254,598,598,2
1785264,600,598,2
1785274,600,598,2
1785284,597,598,2
1785295,600,598,2
1785305,599,598,2
1785315,599,598,2
1785325,600,598,2
1785335,597,598,2
1785346,600,598,2
1785356,600,598,2
1785366,598,598,2
1785376,600,598,2
1785386,598,598,2
1785397,599,598,2
1785407,601,598,2
1785417,598,598,2
1785427,600,598,2
1785437,598,598,2
1785448,599,598,2
1785458,600,598,2
1785468,598,598,2
1785478,599,598,2
1785488,599,598,2
1785499,598,598,2
1785509,600,598,2
1785519,598,598,2
1785529,600,598,2
1785539,599,599,1
1785550,598,599,1
1785560,600,599,1
1785570,599,599,1
1785580,599,599,1
1785590,599,599,1
1785601,598,599,1
1785611,600,599,1
1785621,599,599,1
1785631,599,599,1
1785641,601,599,1
1785652,597,599,1
SIM
1785672,820,801,8
1785682,803,801,8
1785692,806,801,8
1785703,799,801,8
1785713,803,801,8
1785723,803,801,8
1785733,799,801,8
1785743,803,801,8
1785754,798,801,8
1785764,802,801,8
1785774,804,801,8
1785784,797,801,8
1785794,804,801,8
1785805,801,801,8
1785815,801,801,8
1785825,804,801,8
1785835,799,801,8
1785845,805,801,8
1785856,802,801,8
1785866,800,801,8
1785876,804,801,8
1785886,799,801,8
1785896,804,801,8
1785907,804,801,8
1785917,800,801,8
1785927,804,801,8
1785937,799,801,8
1785948,802,801,8
1785958,803,801,8
1785968,797,801,8
1785978,803,801,8
1785989,801,801,8
1785999,799,801,8
1786009,804,801,8
1786019,798,801,8
1786029,803,801,8
1786040,804,801,8
1786050,799,801,8
1786060,804,801,8
1786070,799,801,8
1786080,801,801,8
1786091,803,801,8
1786101,798,801,8
1786111,803,801,8
1786121,800,801,8
1786131,800,801,8
1786142,803,801,8
1786152,799,801,8
1786162,803,801,8
1786172,803,801,8
1786182,799,801,8
1786193,803,801,8
1786203,799,801,8
1786213,803,801,8
1786223,803,801,8
1786233,798,801,8
1786244,804,801,8
1786254,800,801,8
1786264,801,801,8
1786274,803,801,8
1786284,798,801,8
1786295,803,801,8
1786305,801,801,8
1786315,801,801,8
1786325,804,801,8
1786335,799,801,8
1786346,803,801,8
1786356,803,801,8
1786366,798,801,8
1786376,804,801,8
1786386,799,801,8
1786397,802,801,8
1786407,805,801,8
1786417,798,801,8
1786427,805,801,8
1786437,801,801,8
1786448,801,801,8
1786458,804,801,8
1786468,797,801,8
1786478,802,801,8
1786488,801,801,8
1786499,799,801,8
1786509,804,801,8
1786519,798,801,8
1786529,803,801,8
1786539,804,801,8
1786550,799,801,8
1786560,804,801,8
1786570,799,801,8
1786580,802,801,8
1786590,804,801,8
1786601,798,801,8
1786611,805,801,8
1786621,800,801,8
1786631,801,801,8
1786641,806,801,8
1786652,799,801,8
1786662,804,801,8
1786672,802,801,8
1786682,801,801,8
1786692,804,801,8
1786703,798,801,9
1786713,802,801,8
1786723,804,801,8
1786733,800,801,8
1786743,804,801,8
1786754,799,801,8
1786764,802,801,8
1786774,804,801,8
1786784,798,801,8
1786794,803,801,8
1786805,803,801,8
1786815,800,801,8
1786825,804,801,8
1786835,798,801,8
1786845,804,801,8
1786856,803,801,8
1786866,799,801,8
1786876,804,801,8
1786886,799,801,8
RIM
1786906,769,760,5
1786917,757,760,5
1786927,761,760,5
1786937,757,760,5
1786947,759,760,5
1786957,762,760,5
1786968,757,760,5
1786978,761,760,5
1786988,759,760,4
1786998,758,760,4
1787008,761,760,4
1787019,756,760,5
1787029,760,760,4
1787039,760,760,4
1787049,756,760,4
1787059,761,760,4
1787070,757,760,5
1787080,759,760,4
1787090,762,760,5
1787100,761,760,4
1787111,763,760,5
1787121,761,760,4
1787131,763,760,4
1787141,764,760,5
1787151,759,760,5
1787162,762,760,5
1787172,762,760,5
1787182,760,760,5
1787192,763,760,5
1787202,759,760,5
1787213,760,760,5
1787223,763,760,5
1787233,759,760,5
1787243,762,760,5
1787253,760,760,5
1787264,761,760,5
1787274,762,760,5
1787284,758,760,5
1787294,762,760,4
1787304,761,760,4
1787315,760,760,4
1787325,763,760,5
1787335,759,760,5
1787345,762,760,4
1787355,762,760,4
1787366,759,760,4
1787376,763,760,5
1787386,759,760,5
1787396,761,760,4
1787406,763,760,5
1787417,758,760,5
1787427,763,760,5
1787437,759,760,5
1787447,761,760,4
1787457,763,760,5
1787468,758,760,5
1787478,763,760,4
1787488,761,760,4
1787498,760,760,4
1787508,763,760,4
1787519,759,760,4
1787529,762,760,4
1787539,763,760,4
1787549,759,760,4
1787559,763,760,5
1787570,759,760,5
1787580,762,760,4
1787590,763,760,5
1787600,758,760,5
1787610,762,760,4
1787621,760,760,4
1787631,761,760,4
1787641,763,760,4
1787651,758,760,4
1787661,762,760,4
1787672,761,760,4
1787682,759,760,4
1787692,763,760,4
1787702,758,760,4
1787712,762,760,4
1787723,762,760,4
1787733,759,760,4
1787743,763,760,4
1787753,759,760,4
1787763,761,760,4
1787774,762,760,4
1787784,758,760,4
1787794,762,760,4
1787804,761,760,4
1787814,761,760,4
1787825,763,760,4
1787835,758,760,4
1787845,762,760,4
1787855,762,760,4
1787865,759,760,4
1787876,763,760,4
1787886,759,760,4
1787896,762,760,4
1787906,763,760,4
1787916,758,760,4
1787927,762,760,4
1787937,760,760,4
1787947,761,760,4
1787957,763,760,4
1787967,758,760,4
1787978,762,760,4
1787988,761,760,4
1787998,760,760,4
1788008,763,760,4
1788018,759,760,4
1788029,762,760,4
1788039,763,760,4
1788049,760,760,4
1788059,762,760,4
1788069,759,760,4
1788080,761,760,4
1788090,763,760,4
1788100,758,760,4
1788110,762,760,4
1788120,760,760,4
OSM
1788141,600,599,1
1788151,597,599,1
1788161,597,598,2
1788171,599,598,2
1788182,600,598,2
1788192,598,598,2
1788202,597,598,2
1788212,599,598,2
1788222,598,598,2
1788233,597,598,2
1788243,599,598,2
1788253,597,598,2
1788263,599,598,2
1788273,600,598,2
1788284,598,598,2
1788294,601,598,2
1788304,598,599,1
1788314,598,598,2
1788324,600,599,1
1788335,598,598,2
1788345,599,598,2
1788355,599,599,1
1788365,598,598,2
1788375,600,598,2
1788386,598,598,2
1788396,599,598,1
1788406,599,598,2
1788416,598,598,1
1788426,600,598,1
1788437,598,598,1
1788447,599,598,1
1788457,599,598,1
1788467,598,598,1
1788477,600,598,1
1788488,599,598,1
1788498,598,598,1
1788508,599,598,1
1788518,598,598,1
1788528,600,598,1
1788539,600,598,1
1788549,598,598,1
1788559,599,598,1
1788569,598,598,1
1788579,599,598,1
1788590,600,598,1
1788600,598,598,1
1788610,599,598,1
1788620,600,598,1
1788630,599,598,1
1788641,599,598,1
1788651,598,598,1
1788661,598,598,1
1788671,600,598,1
1788681,598,598,1
1788692,599,598,1
1788702,598,598,1
1788712,598,598,1
1788722,599,598,1
1788732,598,598,1
1788743,599,598,1
1788753,598,598,1
1788763,598,598,1
1788773,600,598,1
1788783,598,598,1
1788794,599,598,1
1788804,599,598,1
1788814,599,598,1
1788824,599,598,1
1788834,597,598,1
1788845,600,598,1
1788855,599,598,1
1788865,597,598,1
1788875,599,598,1
1788885,598,598,1
1788896,598,598,1
1788906,600,598,1
1788916,596,598,1
1788926,601,598,1
1788936,598,598,1
1788947,598,598,1
1788957,600,598,1
1788967,597,598,1
1788977,599,598,1
1788987,599,598,1
1788998,598,598,1
1789008,601,598,1
1789018,597,598,1
1789028,599,598,1
1789038,599,598,1
1789049,598,598,1
1789059,599,598,1
1789069,597,598,1
1789079,599,598,1
1789089,599,598,1
1789100,597,598,1
1789110,599,598,1
1789120,598,598,1
1789130,598,598,1
1789140,599,598,1
1789151,597,598,1
1789161,600,598,1
1789171,598,598,1
1789181,599,598,1
1789191,599,598,1
1789202,598,598,1
1789212,600,598,1
1789222,599,598,1
1789232,597,598,1
1789242,599,598,1
1789253,597,598,1
1789263,600,598,1
1789273,600,598,1
1789283,597,598,1
1789293,599,598,1
1789304,599,598,1
1789314,599,598,1
1789324,599,598,1
1789334,597,598,1
1789344,599,598,1
1789355,599,598,1
SIM
1789375,820,801,8
1789385,800,801,8
1789395,803,801,8
1789405,803,801,8
1789416,799,801,8
1789426,804,801,8
1789436,799,801,8
1789446,802,801,8
1789457,804,801,8
1789467,798,801,8
1789477,804,801,8
1789487,802,801,8
1789497,802,801,8
1789508,805,801,8
1789518,799,801,8
1789528,802,801,8
1789538,803,801,8
1789548,799,801,8
1789559,803,801,8
1789569,799,801,8
1789579,801,801,8
1789589,803,801,8
1789599,799,801,8
1789610,803,801,8
1789620,800,801,8
1789630,800,801,8
1789640,803,801,8
1789650,797,801,8
1789661,803,801,8
1789671,801,801,8
1789681,799,801,8
1789691,803,801,8
1789701,798,801,8
1789712,802,801,8
1789722,803,801,8
1789732,798,801,8
1789742,803,801,8
1789752,798,801,8
1789763,802,801,8
1789773,803,801,8
1789783,797,801,8
1789793,803,801,8
1789803,800,801,8
1789814,800,801,8
1789824,804,801,8
1789834,797,801,8
1789844,802,801,8
1789854,802,801,8
1789865,799,801,8
1789875,803,801,8
1789885,798,801,8
1789895,801,801,8
1789905,804,801,8
1789916,796,801,8
1789926,803,801,8
1789936,799,801,8
1789946,801,801,8
1789956,803,801,8
1789967,798,801,8
1789977,802,801,8
1789987,800,801,8
1789997,798,801,8
1790007,804,801,8
1790018,797,801,8
1790028,803,801,8
1790038,801,801,8
1790048,798,801,8
1790058,804,801,8
1790069,799,801,8
1790079,802,801,8
1790089,802,801,8
1790099,798,801,8
1790109,804,801,8
1790120,800,801,8
1790130,801,801,8
1790140,803,801,8
1790150,799,801,8
1790160,804,801,8
1790171,800,801,8
1790181,798,801,8
1790191,803,801,8
1790201,797,801,8
1790211,802,801,8
1790222,803,801,8
1790232,799,801,8
1790242,803,801,8
1790252,798,801,8
1790262,801,801,8
1790273,803,801,8
1790283,797,801,8
1790293,803,801,8
1790303,800,801,8
1790313,805,801,8
1790324,810,801,9
1790334,798,801,9
1790344,802,801,8
1790354,801,801,8
1790364,798,801,8
1790375,803,801,8
1790385,798,801,9
1790395,801,801,8
1790405,802,801,8
1790415,797,801,9
1790426,802,801,8
1790436,798,801,9
1790446,802,801,8
1790456,803,801,8
1790466,797,801,9
1790477,803,801,9
1790487,800,801,8
1790497,799,801,8
1790507,803,801,8
1790517,797,801,9
1790528,800,801,9
1790538,801,801,8
1790548,798,801,8
1790558,803,801,8
1790568,797,801,9
1790579,801,801,8
1790589,802,801,8
RIM
1790609,770,760,4
1790619,759,760,4
1790629,759,760,4
1790640,762,760,4
1790650,758,760,4
1790660,762,760,4
1790670,760,760,4
1790680,759,760,4
1790691,760,760,4
1790701,756,760,4
1790711,760,760,4
1790721,761,760,4
1790731,757,760,4
1790742,761,760,4
1790752,757,760,4
1790762,760,760,4
1790772,761,760,4
1790782,756,760,4
1790793,761,760,4
1790803,758,760,4
1790813,759,760,4
1790823,764,760,4
1790834,760,760,4
1790844,761,760,4
1790854,762,760,4
1790864,759,760,4
1790874,763,760,4
1790885,760,760,4
1790895,763,760,4
1790905,765,760,4
1790915,760,760,4
1790925,762,760,4
1790936,759,760,4
1790946,759,760,4
1790956,761,760,4
1790966,756,760,4
1790976,761,760,4
1790987,759,760,4
1790997,758,760,4
1791007,761,760,4
1791017,756,760,5
1791027,760,760,4
1791038,760,760,4
1791048,757,760,4
1791058,761,760,4
1791068,757,760,5
1791078,760,760,4
1791089,760,760,4
1791099,757,760,5
1791109,761,760,4
1791119,758,760,4
1791129,760,760,4
1791140,760,760,4
1791150,756,760,4
1791160,760,760,4
1791170,759,760,4
1791180,758,760,4
1791191,761,760,4
1791201,757,760,4
1791211,760,760,4
1791221,761,760,4
1791231,757,760,4
1791242,761,760,4
1791252,757,760,4
1791262,759,760,4
1791272,760,760,4
1791282,756,760,4
1791293,761,760,4
1791303,759,760,4
1791313,758,760,4
1791323,760,760,4
1791333,756,760,4
1791344,760,760,4
1791354,760,760,4
1791364,757,760,4
1791374,761,760,4
1791384,757,760,4
1791395,759,760,4
1791405,760,760,4
1791415,757,759,5
1791425,760,759,5
1791435,758,759,5
1791446,759,759,5
1791456,761,759,5
1791466,756,759,5
1791476,760,759,5
1791486,760,759,5
1791497,758,759,5
1791507,761,759,5
1791517,757,759,5
1791527,760,759,5
1791537,760,759,5
1791548,757,759,5
1791558,762,759,5
1791568,757,759,5
1791578,759,759,5
1791588,762,759,5
1791599,756,759,5
1791609,760,759,5
1791619,758,759,5
1791629,759,759,5
1791639,761,759,5
1791650,756,759,5
1791660,761,759,5
1791670,759,759,5
1791680,757,759,5
1791690,761,759,5
1791701,756,759,5
1791711,760,759,5
1791721,760,759,5
1791731,756,759,5
1791741,761,759,4
1791752,757,759,5
1791762,760,759,4
1791772,760,759,4
1791782,756,759,4
1791792,760,759,4
1791803,758,759,4
1791813,758,759,4
1791823,760,759,4
OSM
1791844,602,598,1
1791854,601,598,1
1791864,599,598,1
1791874,601,598,1
1791885,599,598,1
1791895,605,598,2
1791905,602,598,2
1791915,597,598,2
1791925,599,598,2
1791936,598,598,2
1791946,599,598,2
1791956,600,598,2
1791966,597,598,2
1791976,600,598,2
1791987,599,598,2
1791997,598,598,2
1792007,600,598,2
1792017,598,598,2
1792027,600,598,2
1792038,599,598,2
1792048,597,598,2
1792058,600,598,2
1792068,598,598,2
1792078,600,598,2
1792089,600,598,2
1792099,597,598,2
1792109,600,598,2
1792119,599,598,2
1792129,599,598,2
1792140,600,598,2
1792150,598,598,2
1792160,599,598,2
1792170,600,598,2
1792180,598,598,2
1792191,600,598,2
1792201,598,598,2
1792211,599,598,2
1792221,600,598,2
1792231,596,598,2
1792242,600,598,2
1792252,598,598,2
1792262,598,598,2
1792272,599,598,2
1792282,598,598,2
1792293,599,598,2
1792303,599,598,2
1792313,598,598,2
1792323,599,598,2
1792333,598,598,2
1792344,599,598,2
1792354,600,598,2
1792364,597,598,2
1792374,599,598,2
1792384,599,598,2
1792395,597,598,2
1792405,600,598,2
1792415,598,598,2
1792425,601,598,2
1792435,597,598,2
1792446,597,598,2
1792456,599,598,2
1792466,598,598,2
1792476,599,598,2
1792486,599,598,2
1792497,597,598,2
1792507,599,598,2
1792517,598,598,2
1792527,599,598,2
1792537,599,598,2
1792548,597,598,2
1792558,599,598,2
1792568,598,598,2
1792578,599,598,2
1792588,599,598,2
1792599,597,598,2
1792609,599,598,2
1792619,599,598,2
1792629,599,598,2
1792639,598,598,2
1792650,596,598,2
1792660,599,598,2
1792670,599,598,2
1792680,597,598,2
1792690,598,598,2
1792701,598,598,2
1792711,598,598,2
1792721,600,598,2
1792731,597,598,2
1792741,599,598,2
1792752,598,598,2
1792762,599,598,2
1792772,599,598,2
1792782,597,598,2
1792792,600,598,2
1792803,599,598,2
1792813,598,598,2
1792823,599,598,2
1792833,596,598,2
1792843,599,598,2
1792854,600,598,2
1792864,598,598,2
1792874,599,598,2
1792884,597,598,2
1792894,598,598,2
1792905,600,598,2
1792915,596,598,2
1792925,600,598,2
1792935,598,598,2
1792945,598,598,2
1792956,600,598,2
1792966,598,598,2
1792976,599,598,2
1792986,598,598,2
1792996,598,598,2
1793007,600,598,2
1793017,598,598,2
1793027,599,598,2
1793037,599,598,2
1793047,597,598,2
1793058,600,598,2
SIM
1793078,820,801,8
1793088,807,801,9
1793098,799,801,9
1793109,804,801,9
1793119,800,801,9
1793129,800,801,9
1793139,805,801,9
1793149,797,801,9
1793160,802,801,9
1793170,800,801,9
1793180,800,801,9
1793190,803,801,9
1793200,798,801,9
1793211,802,800,10
1793221,804,801,9
1793231,798,800,10
1793241,804,801,9
1793251,800,801,9
1793262,802,801,9
1793272,804,801,9
1793282,797,801,9
1793292,804,801,9
1793302,801,801,9
1793313,801,801,9
1793323,804,801,9
1793333,800,801,9
1793343,804,801,9
1793353,805,801,9
1793364,801,801,9
1793374,805,801,9
1793384,799,801,9
1793394,802,801,9
1793404,803,801,9
1793415,797,801,9
1793425,803,801,9
1793435,798,801,9
1793445,802,801,9
1793455,802,801,9
1793466,798,801,9
1793476,802,801,9
1793486,800,801,9
1793496,798,801,9
1793506,803,801,9
1793517,796,801,9
1793527,801,801,9
1793537,802,801,9
1793547,797,801,9
1793557,804,801,9
1793568,798,801,9
1793578,802,801,9
1793588,803,801,9
1793598,797,801,9
1793608,803,801,9
1793619,799,801,9
1793629,801,801,9
1793639,803,801,9
1793649,797,801,9
1793659,802,801,9
1793670,802,801,9
1793680,799,801,9
1793690,804,801,9
1793700,798,801,9
1793711,803,801,9
1793721,803,801,9
1793731,798,801,9
1793741,803,801,9
1793751,800,801,9
1793762,803,801,9
1793772,804,801,9
1793782,798,801,9
1793792,804,801,9
1793802,802,801,9
1793813,801,801,9
1793823,803,801,9
1793833,798,801,9
1793843,802,801,9
1793853,803,801,9
1793864,808,801,10
1793874,803,801,10
1793884,798,801,10
1793894,802,801,10
1793904,804,801,10
1793915,798,801,10
1793925,805,801,10
1793935,801,801,10
1793945,802,801,10
1793956,803,801,10
1793966,798,801,10
1793976,803,801,10
1793986,803,801,10
1793996,799,801,10
1794007,805,801,10
1794017,799,801,10
1794027,802,801,9
1794037,804,801,9
1794047,798,801,9
1794058,804,801,9
1794068,798,801,9
1794078,800,801,9
1794088,804,801,9
1794098,797,801,9
1794109,804,801,9
1794119,800,801,9
1794129,800,801,9
1794139,803,801,9
1794149,798,801,9
1794160,802,801,9
1794170,802,801,9
1794180,799,801,9
1794190,803,801,9
1794200,797,801,9
1794211,800,801,9
1794221,803,801,9
1794231,797,801,9
1794241,802,801,9
1794251,801,801,9
1794262,801,801,9
1794272,803,801,9
1794282,797,801,9
1794292,802,801,9
RIM
1794313,772,759,5
1794323,765,759,5
1794333,761,759,5
1794343,762,759,5
1794353,763,759,5
1794364,760,759,5
1794374,763,759,5
1794384,760,759,5
1794394,762,759,5
1794404,763,759,5
1794415,757,759,5
1794425,760,759,5
1794435,759,759,5
1794445,759,759,5
1794455,761,759,5
1794466,757,759,5
1794476,760,759,5
1794486,759,759,5
1794496,757,759,5
1794506,760,759,5
1794517,757,759,5
1794527,760,759,5
1794537,761,759,5
1794547,757,759,5
1794557,760,759,5
1794568,758,759,5
1794578,759,759,5
1794588,760,759,5
1794598,757,759,5
1794608,760,759,4
1794619,759,759,4
1794629,759,759,4
1794639,761,759,4
1794649,756,759,5
1794659,759,759,4
1794670,760,759,4
1794680,757,759,4
1794690,760,759,4
1794700,757,759,4
1794710,759,759,4
1794721,762,759,4
1794731,757,759,4
1794741,760,759,4
1794751,759,759,4
1794761,759,759,4
1794772,761,759,4
1794782,757,759,4
1794792,760,759,4
1794802,760,759,4
1794812,758,759,4
1794823,761,759,4
1794833,757,759,4
1794843,760,759,4
1794853,761,759,4
1794863,757,759,4
1794874,760,759,4
1794884,757,759,4
1794894,760,759,4
1794904,761,759,4
1794914,756,759,4
1794925,759,759,4
1794935,759,759,4
1794945,758,759,4
1794955,761,759,4
1794965,756,759,4
1794976,760,759,4
1794986,759,759,4
1794996,757,759,4
1795006,760,759,4
1795016,756,759,4
1795027,759,759,4
1795037,760,759,4
1795047,755,759,4
1795057,760,759,4
1795067,758,759,4
1795078,758,759,4
1795088,760,759,4
1795098,756,759,4
1795108,760,759,4
1795118,759,759,4
1795129,757,759,4
1795139,761,759,5
1795149,757,759,5
1795159,760,759,5
1795169,761,759,4
1795180,757,759,4
1795190,761,759,5
1795200,757,759,5
1795210,759,759,5
1795220,761,759,5
1795231,756,759,5
1795241,760,759,5
1795251,758,759,5
1795261,758,759,4
1795271,761,759,4
1795282,756,759,5
1795292,760,759,4
1795302,759,759,4
1795312,757,759,4
1795322,761,759,4
1795333,756,759,5
1795343,759,759,5
1795353,760,759,4
1795363,757,759,4
1795373,761,759,4
1795384,757,759,4
1795394,759,759,4
1795404,760,759,4
1795414,756,759,4
1795424,760,759,4
1795435,758,759,4
1795445,758,759,4
1795455,761,759,4
1795465,757,759,4
1795475,760,759,4
1795486,760,759,4
1795496,757,759,4
1795506,761,759,4
1795516,756,759,4
1795526,760,759,4
OSM
1795548,600,598,2
1795558,601,598,2
1795568,606,598,2
1795578,599,598,2
1795589,601,598,2
1795599,599,598,2
1795609,600,598,2
1795619,600,598,2
1795629,598,598,2
1795640,601,598,2
1795650,599,598,2
1795660,601,598,2
1795670,601,598,2
1795680,597,598,2
1795691,599,598,2
1795701,598,598,2
1795711,598,598,2
1795721,599,598,2
1795731,598,598,2
1795742,599,598,2
1795752,597,598,2
1795762,598,598,2
1795772,599,598,2
1795782,611,598,3
1795793,599,598,3
1795803,601,598,3
1795813,598,598,3
1795823,604,598,3
1795833,600,598,3
1795844,600,598,3
1795854,600,598,4
1795864,598,598,4
1795874,600,598,4
1795884,599,598,4
1795895,599,598,4
1795905,600,598,4
1795915,598,598,4
1795925,601,598,4
1795935,600,598,4
1795946,598,598,4
1795956,600,598,4
1795966,599,598,4
1795976,600,598,4
1795986,600,598,4
1795997,597,598,4
1796007,600,598,4
1796017,599,598,4
1796027,600,598,4
1796037,601,599,3
1796048,597,598,4
1796058,599,598,4
1796068,600,599,3
1796078,599,599,3
1796088,601,599,3
1796099,598,599,3
1796109,599,599,3
1796119,600,599,3
1796129,598,599,3
1796139,601,599,3
1796150,598,599,3
1796160,599,599,3
1796170,601,599,3
1796180,598,599,3
1796190,599,599,3
1796201,599,599,3
1796211,599,599,3
1796221,601,599,3
1796231,599,599,3
1796241,600,599,3
1796252,599,599,3
1796262,598,599,3
1796272,600,599,3
1796282,599,599,3
1796292,600,599,3
1796303,600,599,3
1796313,597,599,3
1796323,601,599,3
1796333,598,599,3
1796343,600,599,3
1796354,601,599,3
1796364,598,599,3
1796374,601,599,3
1796384,600,599,3
1796394,598,599,3
1796405,600,599,3
1796415,598,599,3
1796425,600,599,3
1796435,600,599,3
1796445,599,599,3
1796456,599,599,3
1796466,598,599,3
1796476,600,599,3
1796486,600,599,3
1796496,597,599,3
1796507,600,599,3
1796517,598,599,3
1796527,600,599,3
1796537,601,599,3
1796547,599,599,3
1796558,600,599,3
1796568,599,599,3
1796578,600,599,3
1796588,601,599,3
1796598,598,599,3
1796609,601,599,3
1796619,599,599,3
1796629,599,599,3
1796639,601,599,3
1796649,598,599,3
1796660,599,599,3
1796670,600,599,3
1796680,597,599,3
1796690,601,599,3
1796700,599,599,3
1796711,600,599,3
1796721,601,599,3
1796731,598,599,3
1796741,600,599,3
1796751,599,599,3
1796762,598,599,3
SIM
1796782,814,801,7
1796792,805,801,7
1796802,803,801,7
1796813,799,801,7
1796823,804,801,7
1796833,799,801,7
1796843,801,801,7
1796853,805,801,7
1796864,799,801,7
1796874,804,801,7
1796884,800,801,7
1796894,799,801,7
1796904,803,801,7
1796915,796,801,7
1796925,801,801,7
1796935,800,801,7
1796945,797,801,7
1796955,801,801,7
1796966,796,801,8
1796976,798,801,8
1796986,798,801,7
1796996,792,801,8
1797006,798,801,8
1797017,794,800,10
1797027,797,800,9
1797037,798,800,9
1797047,792,800,10
1797058,800,800,10
1797068,797,800,10
1797078,797,800,10
1797088,801,800,10
1797098,795,800,10
1797109,802,800,10
1797119,801,800,10
1797129,798,800,10
1797139,801,800,10
1797149,798,800,10
1797160,802,800,10
1797170,803,800,10
1797180,798,800,10
1797190,803,800,10
1797200,801,800,10
1797211,801,800,10
1797221,804,800,10
1797231,799,800,10
1797241,804,800,10
1797251,802,800,10
1797262,800,800,10
1797272,803,800,10
1797282,799,800,10
1797292,802,800,10
1797302,803,800,10
1797313,798,800,9
1797323,804,800,10
1797333,800,800,10
1797343,804,800,10
1797354,805,800,10
1797364,799,800,10
1797374,805,800,10
1797384,802,800,10
1797394,802,800,10
1797405,804,800,10
1797415,801,800,10
1797425,804,800,10
1797435,802,800,10
1797445,799,800,10
1797456,804,800,10
1797466,799,800,10
1797476,801,800,10
1797486,804,800,10
1797496,796,800,10
1797507,803,800,10
1797517,800,800,10
1797527,801,800,10
1797537,804,800,10
1797547,799,800,10
1797558,805,800,10
1797568,803,800,10
1797578,800,800,10
1797588,804,800,10
1797598,800,800,10
1797609,802,800,10
1797619,803,800,10
1797629,799,800,9
1797639,805,800,10
1797650,800,800,10
1797660,801,800,9
1797670,804,800,10
1797680,798,800,10
1797690,804,800,10
1797701,802,800,10
1797711,802,800,9
1797721,804,800,10
1797731,798,800,10
1797741,803,800,10
1797752,802,800,10
1797762,800,800,9
1797772,803,800,9
1797782,798,800,9
1797792,802,800,9
1797803,804,800,9
1797813,800,800,9
1797823,802,800,9
1797833,800,800,9
1797843,801,800,9
1797854,804,800,9
1797864,797,800,9
1797874,801,800,9
1797884,799,800,9
1797894,796,800,9
1797905,799,800,9
1797915,795,800,10
1797925,799,800,10
1797935,800,800,9
1797945,797,800,9
1797956,801,800,9
1797966,797,800,10
1797976,801,800,9
1797986,803,800,9
1797996,797,800,10
RIM
1798017,773,759,5
1798027,762,759,4
1798037,763,759,5
1798047,757,759,4
1798057,762,759,4
1798068,760,759,4
1798078,759,759,4
1798088,761,759,4
1798098,757,759,4
1798108,760,759,4
1798119,761,759,4
1798129,757,759,4
1798139,761,759,4
1798149,758,759,4
1798159,760,759,4
1798170,761,759,4
1798180,757,759,4
1798190,760,759,4
1798200,759,759,4
1798210,758,759,4
1798221,762,759,4
1798231,756,759,4
1798241,760,759,4
1798251,760,759,4
1798261,758,759,4
1798272,761,759,4
1798282,758,759,4
1798292,760,759,4
1798302,762,759,4
1798312,757,759,4
1798323,761,759,4
1798333,758,759,4
1798343,760,759,4
1798353,761,759,4
1798363,757,759,4
1798374,761,759,4
1798384,760,759,4
1798394,759,759,4
1798404,762,759,4
1798414,758,759,4
1798425,763,759,4
1798435,763,759,5
1798445,761,759,5
1798455,763,759,5
1798466,760,759,5
1798476,762,759,5
1798486,763,759,5
1798496,760,759,5
1798506,762,759,5
1798517,760,759,5
1798527,761,759,5
1798537,763,759,5
1798547,759,759,5
1798557,763,759,5
1798568,762,759,5
1798578,760,759,5
1798588,763,759,5
1798598,759,759,5
1798608,762,759,5
1798619,763,759,5
1798629,759,759,5
1798639,763,759,5
1798649,760,759,5
1798659,763,759,6
1798670,762,759,6
1798680,758,759,6
1798690,762,759,6
1798700,761,759,6
1798710,761,759,6
1798721,763,759,6
1798731,760,759,6
1798741,762,759,6
1798751,762,759,6
1798761,760,759,6
1798772,763,759,6
1798782,759,759,6
1798792,761,759,6
1798802,763,760,5
1798812,759,759,6
1798823,763,760,5
1798833,760,760,5
1798843,761,760,5
1798853,763,760,5
1798863,759,760,5
1798874,762,760,5
1798884,761,760,5
1798894,760,760,5
1798904,763,760,5
1798914,759,760,5
1798925,762,760,5
1798935,763,760,5
1798945,759,760,5
1798955,763,760,5
1798965,759,760,5
1798976,761,760,5
1798986,763,760,5
1798996,758,760,5
1799006,762,760,5
1799016,760,760,5
1799027,761,760,5
1799037,764,760,5
1799047,759,760,5
1799057,762,760,5
1799067,762,760,5
1799078,759,760,5
1799088,763,760,5
1799098,759,760,5
1799108,762,760,5
1799118,763,760,5
1799129,759,760,5
1799139,763,760,5
1799149,759,760,5
1799159,761,760,5
1799169,763,760,5
1799180,758,760,5
1799190,763,760,5
1799200,760,760,5
1799210,760,760,5
1799220,763,760,5
1799231,759,760,5
OSM
1799252,600,599,3
1799262,598,599,3
1799272,599,599,2
1799282,597,599,2
1799293,598,599,2
1799303,600,599,2
1799313,597,599,2
1799323,599,599,2
1799333,600,599,2
1799344,599,599,2
1799354,601,599,2
1799364,598,599,2
1799374,600,599,2
1799384,600,599,2
