Polling for available serial device...
Opening serial monitor for com port: "/dev/ttyACM0"
Serial monitor opened successfully:
2131924,729,727,7
2131934,724,727,7
2131944,728,727,7
2131955,725,727,7
2131965,726,727,7
2131975,728,727,7
2131985,722,727,7
2131995,728,727,7
2132006,726,727,7
2132016,726,727,7
2132026,728,727,7
2132036,723,727,7
2132046,727,727,7
2132057,727,727,7
2132067,725,727,7
2132077,728,727,7
2132087,724,727,7
2132097,726,727,7
2132108,727,727,6
2132118,723,727,7
2132128,728,727,7
2132138,724,727,7
2132148,727,727,7
2132159,728,727,7
2132169,722,727,7
2132179,727,727,7
2132189,726,727,7
2132199,726,727,7
2132210,728,727,7
2132220,723,727,7
2132230,728,727,7
2132240,727,727,7
2132250,724,727,7
2132261,728,727,7
2132271,724,727,7
2132281,727,727,7
2132291,728,727,7
2132301,723,727,7
2132312,728,727,7
2132322,725,727,7
2132332,726,727,7
2132342,729,727,7
2132352,723,727,7
2132363,728,727,7
2132373,726,727,7
2132383,725,727,7
2132393,728,727,7
OSM
2132414,795,793,2
2132424,794,793,2
2132434,795,793,2
2132444,801,793,2
2132455,793,793,2
2132465,794,793,2
2132475,796,793,2
2132485,792,793,2
2132495,794,793,2
2132506,794,793,2
2132516,793,793,2
2132526,795,793,2
2132536,793,793,2
2132546,795,793,2
2132557,796,793,2
2132567,793,793,2
2132577,796,793,2
2132587,794,793,2
2132597,795,793,2
2132608,797,793,2
2132618,793,793,2
2132628,795,793,2
2132638,794,793,2
2132648,794,793,3
2132659,798,793,3
2132669,794,793,3
2132679,795,793,3
2132689,794,793,3
2132699,795,793,3
2132710,797,793,3
2132720,792,793,3
2132730,795,793,3
2132740,795,793,3
2132750,796,793,3
2132761,797,793,3
2132771,792,793,3
2132781,795,793,3
2132791,795,793,3
2132801,793,793,3
2132812,797,794,2
2132822,792,793,3
2132832,794,793,3
2132842,795,793,3
2132852,794,794,2
2132863,797,794,2
2132873,794,794,2
2132883,795,794,2
2132893,796,794,2
2132903,794,794,2
2132914,797,794,2
2132924,795,794,2
2132934,793,794,2
2132944,801,794,3
2132954,794,794,3
2132965,796,794,3
2132975,799,794,3
2132985,793,794,3
2132995,795,794,3
2133005,793,794,3
2133016,794,794,3
2133026,795,794,3
2133036,793,794,3
2133046,795,794,3
2133056,795,794,3
2133067,796,794,3
2133077,795,794,3
2133087,794,794,3
2133097,795,794,3
2133107,795,794,3
2133118,794,794,3
2133128,795,794,3
2133138,794,794,3
2133148,794,794,3
2133158,797,794,3
2133169,793,794,3
2133179,795,794,3
2133189,794,794,3
2133199,795,794,3
2133209,796,794,3
2133220,794,794,3
2133230,798,794,3
2133240,795,794,3
2133250,793,794,3
2133260,796,794,3
2133271,795,794,3
2133281,798,794,3
2133291,795,794,3
2133301,793,794,3
2133311,796,794,3
2133322,794,794,3
2133332,798,794,3
2133342,797,794,3
2133352,793,794,3
2133362,796,794,3
2133373,794,794,3
2133383,798,794,3
2133393,795,794,3
2133403,793,794,3
2133413,795,794,3
2133424,795,794,3
2133434,794,794,3
2133444,801,794,3
2133454,794,794,3
2133464,794,794,3
2133475,795,794,3
2133485,796,794,3
2133495,795,794,3
2133505,794,794,3
2133515,795,794,3
2133526,795,794,3
2133536,792,794,3
2133546,795,794,3
2133556,795,794,3
2133566,794,794,3
2133577,794,794,3
2133587,793,794,3
2133597,795,794,3
2133607,795,794,3
2133617,794,794,3
2133628,795,794,3
SIM
2133648,805,785,11
2133658,790,785,11
2133668,783,785,11
2133678,788,785,11
2133689,782,785,11
2133699,785,785,11
2133709,786,785,10
2133719,780,785,11
2133730,787,785,11
2133740,783,785,11
2133750,783,785,11
2133760,788,785,11
2133770,781,785,11
2133781,787,785,11
2133791,787,785,11
2133801,783,785,11
2133811,788,785,11
2133821,782,785,11
2133832,786,785,11
2133842,788,785,11
2133852,781,785,11
2133862,787,785,10
2133872,783,785,10
2133883,784,785,10
2133893,786,785,10
2133903,780,785,10
2133913,786,785,10
2133923,786,785,10
2133934,784,785,10
2133944,788,785,10
2133954,780,785,10
2133964,786,785,10
2133975,787,785,10
2133985,780,785,10
2133995,786,785,10
2134005,782,785,10
2134015,784,785,10
2134026,787,785,10
2134036,781,785,10
2134046,787,785,10
2134056,784,785,10
2134066,785,785,10
2134077,787,785,10
2134087,781,785,10
2134097,788,785,10
2134107,788,785,10
2134117,784,785,10
2134128,788,785,10
2134138,782,785,10
2134148,786,785,10
2134158,787,785,10
2134168,780,785,10
2134179,787,785,10
2134189,783,785,10
2134199,785,785,10
2134209,787,785,10
2134219,780,785,10
2134230,787,785,10
2134240,784,785,10
2134250,782,785,10
2134260,787,785,10
2134271,780,785,10
2134281,786,785,10
2134291,786,785,10
2134301,784,785,10
2134311,788,785,10
2134322,782,785,10
2134332,787,785,10
2134342,787,785,10
2134352,781,785,10
2134362,788,785,10
2134373,784,785,10
2134383,786,785,10
2134393,787,785,10
2134403,780,785,10
2134413,786,785,10
2134424,784,785,10
2134434,781,785,10
2134444,786,785,10
2134454,781,785,10
2134464,786,784,11
2134475,788,785,10
2134485,782,785,10
2134495,788,785,10
2134505,783,785,10
2134516,784,785,10
2134526,786,784,11
2134536,780,784,11
2134546,787,784,11
2134556,785,784,11
2134567,784,784,11
2134577,787,784,11
2134587,781,784,11
2134597,787,784,11
2134607,786,784,11
2134618,782,784,11
2134628,789,784,11
2134638,782,784,11
2134648,786,784,11
2134658,788,784,11
2134669,781,784,11
2134679,787,784,11
2134689,783,784,11
2134699,784,784,11
2134709,787,784,11
2134720,781,784,11
2134730,786,784,11
2134740,784,784,11
2134750,783,784,11
2134760,788,784,11
2134771,781,784,11
2134781,786,784,11
2134791,786,784,11
2134801,783,784,11
2134812,787,784,11
2134822,781,784,11
2134832,785,784,10
2134842,789,784,11
2134852,780,784,11
2134863,788,784,11
RIM
2134883,741,727,6
2134893,733,727,6
2134903,726,727,6
2134913,729,727,7
2134924,729,727,7
2134934,726,727,6
2134944,727,727,6
2134954,724,727,6
2134965,729,727,6
2134975,730,727,6
2134985,725,727,6
2134995,729,727,6
2135005,726,727,6
2135016,728,727,6
2135026,730,727,6
2135036,724,727,7
2135046,729,726,7
2135056,728,727,6
2135067,727,727,6
2135077,730,727,6
2135087,725,727,6
2135097,729,727,6
2135107,729,727,6
2135118,726,726,7
2135128,729,726,7
2135138,725,726,7
2135148,728,726,7
2135158,730,727,6
2135169,725,726,7
2135179,729,726,7
2135189,726,727,6
2135199,728,726,7
2135209,729,726,7
2135220,725,726,7
2135230,729,726,7
2135240,728,727,6
2135250,727,727,6
2135260,730,727,6
2135271,724,727,6
2135281,729,726,7
2135291,729,727,6
2135301,726,727,6
2135311,729,727,6
2135322,727,727,6
2135332,728,727,6
2135342,730,727,6
2135352,725,727,6
2135362,730,727,6
2135373,728,727,6
2135383,728,727,6
2135393,731,727,6
2135403,725,727,6
2135413,729,727,6
2135424,728,727,6
2135434,727,727,6
2135444,730,727,6
2135454,725,727,6
2135464,728,727,6
2135475,730,727,6
2135485,725,727,6
2135495,729,727,6
2135505,725,727,6
2135515,728,727,6
2135526,730,727,6
2135536,725,727,6
2135546,729,727,6
2135556,726,727,6
2135566,727,727,6
2135577,731,727,6
2135587,725,727,6
2135597,728,727,6
2135607,728,727,6
2135617,726,727,6
2135628,731,727,6
2135638,725,727,6
2135648,729,727,6
2135658,729,727,6
2135668,725,727,6
2135679,729,727,6
2135689,726,727,6
2135699,728,727,6
2135709,729,727,6
2135719,724,727,6
2135730,729,727,6
2135740,728,727,6
2135750,727,727,6
2135760,729,727,6
2135770,725,727,6
2135781,729,727,6
2135791,729,727,6
2135801,726,727,6
2135811,730,727,6
2135821,725,727,6
2135832,729,727,6
2135842,730,727,6
2135852,724,727,6
2135862,729,727,6
2135872,726,727,6
2135883,728,727,6
2135893,729,727,6
2135903,724,727,6
2135913,729,727,6
2135923,727,727,5
2135934,728,727,5
2135944,731,727,6
2135954,725,727,6
2135964,730,727,6
2135974,730,727,6
2135985,727,727,6
2135995,730,727,6
2136005,725,727,6
2136015,728,727,6
2136025,730,727,6
2136036,726,727,6
2136046,729,727,6
2136056,727,727,6
2136066,728,727,6
2136076,730,727,6
2136087,725,727,6
2136097,729,727,6
OSM
2136118,791,794,3
2136128,793,794,3
2136138,792,794,3
2136148,797,794,3
2136159,793,794,3
2136169,791,794,3
2136179,794,794,3
2136189,792,794,3
2136199,794,794,3
2136210,794,794,3
2136220,793,794,3
2136230,795,794,3
2136240,795,794,3
2136250,794,794,3
2136261,794,794,3
2136271,792,794,3
2136281,794,794,3
2136291,795,794,3
2136301,794,794,3
2136312,795,794,3
2136322,792,794,3
2136332,793,794,3
2136342,796,794,3
2136352,793,794,3
2136363,794,794,3
2136373,793,794,3
2136383,793,794,3
2136393,795,794,3
2136403,794,794,3
2136414,794,794,3
2136424,794,794,3
2136434,793,794,3
2136444,797,794,3
2136454,793,794,3
2136465,794,794,3
2136475,795,794,3
2136485,794,794,3
2136495,796,794,3
2136505,794,794,3
2136516,793,794,3
2136526,795,794,3
2136536,793,794,3
2136546,795,794,3
2136556,794,794,3
2136567,792,794,3
2136577,795,794,3
2136587,793,794,3
2136597,795,794,3
2136607,795,794,3
2136618,793,794,3
2136628,795,794,3
2136638,793,794,3
2136648,795,794,2
2136658,795,794,2
2136669,792,794,2
2136679,795,794,2
2136689,793,794,2
2136699,793,794,2
2136709,795,794,2
2136720,792,794,2
2136730,795,794,2
2136740,793,794,2
2136750,794,794,2
2136760,795,794,2
2136771,793,794,2
2136781,794,794,2
2136791,794,794,2
2136801,794,794,2
2136811,795,794,2
2136822,792,794,2
2136832,793,794,2
2136842,794,794,2
2136852,793,794,2
2136862,795,794,2
2136873,793,794,2
2136883,794,794,2
2136893,795,794,2
2136903,793,794,2
2136913,795,794,2
2136924,793,794,2
2136934,793,794,2
2136944,795,794,2
2136954,794,794,2
2136964,795,794,2
2136975,794,794,2
2136985,793,794,2
2136995,794,794,2
2137005,794,794,2
2137015,795,794,2
2137026,795,794,2
2137036,793,794,1
2137046,794,794,1
2137056,794,794,1
2137066,794,794,1
2137077,794,794,1
2137087,792,794,1
2137097,794,794,1
2137107,795,794,1
2137117,794,794,1
2137128,794,794,1
2137138,793,794,1
2137148,793,793,2
2137158,795,793,2
2137168,792,793,2
2137179,794,793,2
2137189,794,793,2
2137199,795,793,2
2137209,795,793,2
2137219,793,793,2
2137230,794,793,2
2137240,794,793,2
2137250,793,793,2
2137260,795,793,2
2137270,793,793,2
2137281,794,793,2
2137291,794,793,2
2137301,795,793,2
2137311,794,793,2
2137321,793,793,1
2137332,793,793,1
SIM
2137352,799,784,9
2137362,789,784,9
2137372,783,784,9
2137382,784,784,9
2137393,786,784,9
2137403,781,784,9
2137413,787,784,9
2137423,783,784,9
2137434,785,784,9
2137444,788,784,9
2137454,781,784,9
2137464,787,784,9
2137474,785,784,9
2137485,783,784,9
2137495,787,784,9
2137505,781,784,9
2137515,786,784,9
2137525,787,784,9
2137536,780,784,9
2137546,787,784,9
2137556,782,784,9
2137566,786,784,9
2137576,787,784,9
2137587,780,784,9
2137597,786,784,9
2137607,783,784,9
2137617,783,784,9
2137627,787,784,9
2137638,780,784,9
2137648,785,784,9
2137658,785,784,9
2137668,781,784,9
2137678,786,784,9
2137689,781,784,9
2137699,786,784,9
2137709,786,784,9
2137719,781,784,9
2137729,786,784,9
2137740,783,784,9
2137750,784,784,9
2137760,786,784,9
2137770,780,784,9
2137780,786,784,9
2137791,784,784,9
2137801,783,784,8
2137811,788,784,8
2137821,781,784,9
2137831,785,784,8
2137842,786,784,8
2137852,782,784,8
2137862,787,784,8
2137872,782,784,8
2137882,785,784,8
2137893,787,784,8
2137903,781,784,8
2137913,786,784,8
2137923,785,784,8
2137933,786,784,8
2137944,787,784,8
2137954,781,784,8
2137964,787,784,8
2137974,785,784,8
2137984,784,784,8
2137995,788,784,8
2138005,783,784,8
2138015,787,784,8
2138025,790,784,8
2138035,784,784,8
2138046,788,784,8
2138056,782,784,8
2138066,787,784,8
2138076,788,784,8
2138086,782,784,8
2138097,787,784,8
2138107,785,784,8
2138117,785,784,8
2138127,788,784,8
2138137,783,784,8
2138148,787,784,8
2138158,787,784,8
2138168,783,784,8
2138178,787,784,8
2138188,782,784,8
2138199,785,784,8
2138209,787,784,8
2138219,781,784,8
2138229,787,784,8
2138239,782,784,8
2138250,785,784,8
2138260,787,784,8
2138270,781,784,8
2138280,788,784,8
2138290,781,784,8
2138301,784,784,8
2138311,787,784,8
2138321,780,784,8
2138331,786,784,8
2138341,786,784,8
2138352,782,784,8
2138362,785,784,8
2138372,781,784,8
2138382,785,784,8
2138392,785,784,8
2138403,780,784,8
2138413,786,784,8
2138423,782,784,8
2138433,783,784,8
2138443,788,784,8
2138454,780,784,8
2138464,786,784,8
2138474,784,784,8
2138484,783,784,8
2138495,788,784,8
2138505,782,784,8
2138515,787,784,8
2138525,789,784,8
2138535,783,784,8
2138546,787,784,8
2138556,784,784,8
2138566,787,784,8
RIM
2138586,738,727,5
2138596,731,727,5
2138607,729,727,5
2138617,728,727,5
2138627,730,727,5
2138637,725,727,5
2138647,730,727,5
2138658,730,727,5
2138668,727,727,5
2138678,731,727,5
2138688,726,727,5
2138698,730,727,5
2138709,731,727,5
2138719,726,727,5
2138729,730,727,5
2138739,727,727,5
2138749,728,727,5
2138760,731,727,5
2138770,725,727,5
2138780,730,727,5
2138790,728,727,5
2138800,729,727,5
2138811,730,727,5
2138821,725,727,5
2138831,729,727,5
2138841,728,727,5
2138851,726,727,5
2138862,730,727,5
2138872,726,727,5
2138882,728,727,5
2138892,730,728,4
2138902,726,727,5
2138913,730,728,4
2138923,727,728,4
2138933,728,728,4
2138943,730,728,4
2138953,725,728,4
2138964,730,728,4
2138974,727,728,4
2138984,727,728,4
2138994,729,728,4
2139004,725,728,4
2139015,729,728,4
2139025,729,728,4
2139035,725,728,4
2139045,729,727,5
2139055,725,727,5
2139066,729,727,5
2139076,730,728,4
2139086,725,727,5
2139096,729,727,5
2139106,725,727,5
2139117,729,727,5
2139127,730,727,5
2139137,724,727,5
2139147,729,727,5
2139157,728,727,5
2139168,728,727,5
2139178,730,727,5
2139188,726,727,5
2139198,729,727,5
2139208,732,728,4
2139219,727,728,4
2139229,730,728,4
2139239,728,728,4
2139249,729,728,4
2139259,732,728,4
2139270,726,728,4
2139280,731,728,4
2139290,728,728,4
2139300,728,728,4
2139310,730,728,4
2139321,726,728,4
2139331,729,728,4
2139341,728,728,4
2139351,727,728,4
2139361,729,728,4
2139372,726,728,4
2139382,729,728,4
2139392,729,728,4
2139402,725,728,4
2139412,729,728,4
2139423,726,728,4
2139433,728,728,4
2139443,730,728,4
2139453,725,728,4
2139463,729,728,4
2139474,728,728,4
2139484,727,728,4
2139494,729,728,4
2139504,725,728,4
2139514,729,728,4
2139525,729,728,4
2139535,726,728,4
2139545,729,728,4
2139555,725,728,4
2139565,728,728,4
2139576,731,728,4
2139586,725,728,4
2139596,729,728,4
2139606,725,728,4
2139616,728,728,4
2139627,730,728,4
2139637,725,728,4
2139647,730,728,4
2139657,727,728,4
2139667,727,728,4
2139678,729,728,4
2139688,725,728,4
2139698,728,728,4
2139708,729,728,4
2139718,732,728,4
2139729,728,728,4
2139739,723,728,4
2139749,726,728,4
2139759,729,728,4
2139769,724,728,4
2139780,728,728,4
2139790,724,728,4
2139800,725,728,5
OSM
2139821,794,793,1
2139831,796,793,2
2139841,796,793,2
2139851,797,793,2
2139862,796,793,2
2139872,793,793,2
2139882,794,793,2
2139892,793,793,2
2139902,794,793,2
2139913,794,793,2
2139923,793,793,2
2139933,795,793,2
2139943,795,793,2
2139953,793,793,2
2139964,795,793,2
2139974,793,794,1
2139984,793,793,2
2139994,794,793,2
2140004,792,793,2
2140015,795,793,2
2140025,794,793,2
2140035,793,793,2
2140045,795,793,2
2140055,793,793,2
2140066,795,793,2
2140076,794,793,2
2140086,794,794,1
2140096,794,793,2
2140106,793,793,2
2140117,794,793,2
2140127,794,793,2
2140137,793,793,2
2140147,795,793,1
2140157,794,793,1
2140168,794,793,1
2140178,797,793,2
2140188,796,794,1
2140198,798,794,1
2140208,799,794,1
2140219,795,794,1
2140229,796,794,1
2140239,794,794,1
2140249,799,794,1
2140259,799,794,1
2140270,794,794,1
2140280,796,794,1
2140290,794,794,1
2140300,794,794,1
2140310,796,794,1
2140321,793,794,1
2140331,795,794,1
2140341,795,794,1
2140351,799,794,2
2140361,800,794,2
2140372,793,794,2
2140382,795,794,2
2140392,796,794,2
2140402,794,794,2
2140412,796,794,2
2140423,794,794,2
2140433,795,794,2
2140443,796,794,2
2140453,797,794,2
2140463,800,794,2
2140474,794,794,2
2140484,795,794,2
2140494,794,794,2
2140504,796,794,2
2140514,796,794,2
2140525,795,794,2
2140535,794,794,2
2140545,796,794,2
2140555,798,794,2
2140565,799,794,3
2140576,795,794,3
2140586,793,794,3
2140596,794,794,3
2140606,796,794,3
2140616,796,794,3
2140627,796,794,3
2140637,794,794,3
2140647,796,794,3
2140657,799,794,3
2140667,799,794,3
2140678,796,794,3
2140688,793,794,3
2140698,794,794,3
2140708,794,794,3
2140718,792,794,3
2140729,795,794,3
2140739,793,794,3
2140749,793,794,3
2140759,794,794,3
2140769,793,794,3
2140780,795,794,3
2140790,792,794,3
2140800,794,794,3
2140810,795,794,3
2140820,793,794,3
2140831,794,794,3
2140841,793,794,3
2140851,794,794,3
2140861,795,794,3
2140871,793,794,3
2140882,794,794,3
2140892,794,794,3
2140902,793,794,3
2140912,795,794,3
2140922,793,794,3
2140933,794,794,3
2140943,795,794,3
2140953,793,794,3
2140963,793,794,3
2140973,794,794,3
2140984,793,794,3
2140994,795,794,3
2141004,793,794,3
2141014,795,794,3
2141024,795,794,3
2141035,792,794,3
SIM
2141055,798,784,8
2141065,788,784,8
2141075,786,784,8
2141086,783,784,8
2141096,787,784,8
2141106,781,784,8
2141116,785,784,8
2141126,788,784,8
2141137,782,784,8
2141147,787,784,8
2141157,784,784,8
2141167,787,784,8
2141177,788,784,8
2141188,782,784,8
2141198,787,784,8
2141208,786,784,8
2141218,783,784,8
2141228,788,784,8
2141239,782,784,8
2141249,786,784,8
2141259,786,784,8
2141269,782,784,8
2141279,788,784,8
2141290,783,784,8
2141300,786,784,8
2141310,788,784,8
2141320,782,784,8
2141330,788,784,8
2141341,784,784,8
2141351,786,784,8
2141361,787,784,8
2141371,780,784,8
2141381,786,784,8
2141392,785,784,8
2141402,782,784,8
2141412,787,784,8
2141422,781,784,8
2141433,786,784,8
2141443,787,784,8
2141453,782,784,8
2141463,787,784,8
2141473,782,784,8
2141484,785,784,8
2141494,788,785,7
2141504,780,784,8
2141514,786,784,8
2141524,785,785,7
2141535,782,784,8
2141545,786,784,8
2141555,780,784,8
2141565,786,784,8
2141575,784,784,8
2141586,781,784,8
2141596,786,784,8
2141606,781,784,8
2141616,785,784,8
2141626,787,784,8
2141637,780,784,8
2141647,787,784,8
2141657,783,784,8
2141667,784,784,8
2141677,787,784,8
2141688,781,784,8
2141698,787,784,8
2141708,785,784,8
2141718,784,784,8
2141728,789,784,8
2141739,782,784,8
2141749,786,784,8
2141759,788,784,8
2141769,783,784,8
2141779,789,784,8
2141790,781,784,8
2141800,785,784,8
2141810,786,784,8
2141820,780,784,8
2141830,788,784,8
2141841,782,784,8
2141851,784,784,8
2141861,787,784,8
2141871,781,784,8
2141881,788,784,8
2141892,787,784,8
2141902,784,784,8
2141912,788,784,8
2141922,782,784,8
2141932,787,784,8
2141943,787,784,8
2141953,783,784,8
2141963,788,784,8
2141973,783,784,8
2141983,786,784,8
2141994,788,784,8
2142004,782,784,8
2142014,787,784,8
2142024,785,784,8
2142034,785,784,8
2142045,788,784,8
2142055,781,784,8
2142065,787,784,8
2142075,785,784,8
2142085,783,784,8
2142096,787,784,8
2142106,782,784,8
2142116,785,784,8
2142126,787,785,7
2142137,781,784,8
2142147,786,784,8
2142157,783,784,8
2142167,784,784,8
2142177,787,785,7
2142188,780,784,8
2142198,786,784,8
2142208,784,784,8
2142218,783,784,8
2142228,787,784,8
2142239,779,784,8
2142249,785,784,8
2142259,785,784,8
2142269,782,784,8
RIM
2142289,739,728,5
2142300,733,728,5
2142310,731,728,5
2142320,727,728,5
2142330,732,728,5
2142340,728,728,5
2142351,725,728,5
2142361,729,728,5
2142371,724,728,5
2142381,728,727,6
2142391,728,728,5
2142402,725,727,6
2142412,729,727,6
2142422,723,727,6
2142432,728,727,6
2142442,728,727,6
2142453,724,727,6
2142463,728,727,6
2142473,724,727,6
2142483,726,727,6
2142493,728,727,6
2142504,723,727,6
2142514,728,727,6
2142524,726,727,6
2142534,726,727,6
2142544,728,727,6
2142555,723,727,6
2142565,727,727,6
2142575,727,727,6
2142585,724,727,6
2142595,728,727,6
2142606,723,727,6
2142616,727,727,6
2142626,728,727,6
2142636,723,727,6
2142646,728,727,6
2142657,724,727,6
2142667,726,727,6
2142677,729,727,6
2142687,722,727,6
2142697,727,727,6
2142708,726,727,6
2142718,725,727,6
2142728,728,727,6
2142738,724,727,6
2142748,728,727,6
2142759,727,727,6
2142769,724,727,6
2142779,728,727,6
2142789,723,727,6
2142799,726,727,6
2142810,728,727,6
2142820,723,727,6
2142830,728,727,6
2142840,724,727,6
2142850,725,727,6
2142861,728,727,6
2142871,722,727,6
2142881,727,727,6
2142891,726,727,6
2142901,725,727,6
2142912,728,727,6
2142922,723,727,6
2142932,727,727,6
2142942,727,727,6
2142952,724,727,6
2142963,727,726,7
2142973,723,726,7
2142983,726,726,7
2142993,728,726,7
2143003,723,726,7
2143014,727,726,7
2143024,724,726,7
2143034,726,726,7
2143044,728,726,7
2143054,722,726,7
2143065,727,726,7
2143075,726,726,7
2143085,724,726,7
2143095,727,726,7
2143105,724,726,7
2143116,727,726,7
2143126,727,726,7
2143136,724,726,7
2143146,728,726,6
2143156,724,726,6
2143167,727,726,6
2143177,728,726,6
2143187,723,726,6
2143197,727,726,6
2143207,725,726,6
2143218,726,726,6
2143228,727,726,6
2143238,723,726,6
2143248,727,726,6
2143258,726,726,6
2143269,725,726,6
2143279,726,726,6
2143289,723,726,6
2143299,726,726,6
2143309,728,726,6
2143320,723,726,6
2143330,727,726,6
2143340,724,726,6
2143350,726,726,6
2143360,728,726,6
2143371,722,726,6
2143381,727,726,6
2143391,725,726,6
2143401,725,726,6
2143411,728,726,6
2143422,722,726,6
2143432,726,726,6
2143442,727,726,6
2143452,723,726,6
2143462,727,726,6
2143473,723,726,6
2143483,726,726,6
2143493,728,726,6
2143503,723,726,6
OSM
2143524,794,794,3
2143534,794,794,3
2143544,798,794,3
2143555,796,794,3
2143565,794,794,3
2143575,794,794,3
2143585,794,794,3
2143595,796,794,3
2143606,793,794,3
2143616,795,794,3
2143626,798,794,3
2143636,798,794,3
2143646,799,794,4
2143657,798,794,4
2143667,795,794,4
2143677,798,794,4
2143687,796,794,4
2143697,798,795,3
2143708,798,795,3
2143718,795,795,3
2143728,796,795,3
2143738,798,795,3
2143748,800,795,3
2143759,799,795,3
2143769,794,795,3
2143779,798,795,4
2143789,796,795,4
2143799,798,795,4
2143810,799,795,4
2143820,794,795,4
2143830,796,795,4
2143840,798,795,4
2143850,797,795,4
2143861,799,795,4
2143871,793,795,4
2143881,795,795,4
2143891,795,795,4
2143901,795,795,4
2143912,796,795,4
2143922,794,795,4
2143932,799,795,4
2143942,799,795,4
2143952,796,795,4
2143963,799,795,4
2143973,794,795,4
2143983,795,795,4
2143993,796,795,4
2144003,794,795,4
2144014,799,795,4
2144024,794,795,4
2144034,794,795,4
2144044,802,795,4
2144054,797,795,4
2144065,799,795,4
2144075,795,795,4
2144085,796,795,4
2144095,799,795,4
2144105,796,795,4
2144116,800,795,4
2144126,796,795,4
2144136,798,795,5
2144146,800,795,5
2144156,798,795,5
2144167,799,795,5
2144177,796,795,5
2144187,796,795,5
2144197,798,795,5
2144207,798,795,5
2144218,798,795,5
2144228,796,795,5
2144238,797,795,5
2144248,800,795,5
2144258,797,795,5
2144269,798,795,5
2144279,796,795,5
2144289,794,795,5
2144299,795,795,5
2144309,796,795,5
2144320,794,795,5
2144330,796,795,5
2144340,797,795,5
2144350,798,795,5
2144360,799,795,5
2144371,796,795,5
2144381,796,795,5
2144391,795,795,5
2144401,795,795,5
2144411,799,795,5
2144422,797,795,5
2144432,795,795,5
2144442,799,795,5
2144452,799,796,4
2144462,799,796,4
2144473,797,796,4
2144483,795,796,4
2144493,796,796,4
2144503,794,796,4
2144513,796,796,4
2144524,797,796,4
2144534,795,796,4
2144544,798,796,4
2144554,798,796,4
2144564,798,796,4
2144575,798,796,4
2144585,794,796,4
2144595,798,796,4
2144605,796,796,4
2144615,798,796,4
2144626,797,796,4
2144636,795,796,4
2144646,799,796,4
2144656,796,796,4
2144666,799,796,4
2144677,799,796,4
2144687,794,796,4
2144697,796,796,4
2144707,795,796,4
2144717,799,796,4
2144728,800,796,4
2144738,794,796,4
SIM
2144758,802,784,9
2144768,788,784,9
2144778,788,784,9
2144789,780,784,9
2144799,785,784,9
2144809,784,784,9
2144819,783,784,9
2144829,787,784,9
2144840,781,784,9
2144850,784,784,9
2144860,787,784,9
2144870,781,784,9
2144881,787,784,9
2144891,782,784,9
2144901,785,784,9
2144911,787,784,9
2144921,780,784,9
2144932,787,784,9
2144942,785,784,9
2144952,784,784,9
2144962,787,784,9
2144972,781,784,9
2144983,787,784,9
2144993,788,784,9
2145003,783,784,9
2145013,788,784,9
2145023,781,784,9
2145034,786,784,9
2145044,787,784,9
2145054,782,784,9
2145064,788,784,9
2145074,785,784,9
2145085,785,784,9
2145095,788,784,9
2145105,783,784,9
2145115,788,784,9
2145125,786,784,9
2145136,785,784,9
2145146,788,784,9
2145156,783,784,9
2145166,787,784,9
2145176,788,784,9
2145187,783,784,9
2145197,788,784,9
2145207,784,784,9
2145217,787,784,9
2145227,789,784,10
2145238,781,784,10
2145248,787,784,10
2145258,783,784,10
2145268,784,784,10
2145278,788,785,9
2145289,780,785,9
2145299,786,785,9
2145309,786,785,9
2145319,783,785,9
2145329,787,785,9
2145340,782,785,8
2145350,786,785,8
2145360,787,785,8
2145370,781,785,9
2145380,788,785,9
2145391,781,785,9
2145401,784,785,9
2145411,787,785,9
2145421,780,785,9
2145431,786,784,10
2145442,783,784,10
2145452,784,784,10
2145462,787,784,10
2145472,781,784,10
2145482,786,784,9
2145493,784,784,9
2145503,781,784,9
2145513,786,784,9
2145523,781,784,9
2145533,784,784,9
2145544,785,784,9
2145554,781,784,9
2145564,787,784,9
2145574,783,784,9
2145584,785,784,9
2145595,786,784,9
2145605,780,784,9
2145615,787,784,9
2145625,785,784,9
2145635,784,784,9
2145646,789,784,9
2145656,781,784,9
2145666,787,784,9
2145676,787,784,9
2145686,782,784,9
2145697,788,784,9
2145707,782,784,9
2145717,786,784,9
2145727,788,784,9
2145737,782,784,9
2145748,787,784,9
2145758,783,784,9
2145768,784,784,9
2145778,787,784,9
2145788,781,784,9
2145799,786,784,9
2145809,785,784,9
2145819,782,784,9
2145829,787,784,9
2145840,781,784,9
2145850,787,784,9
2145860,788,784,9
2145870,782,784,9
2145880,787,784,9
2145891,782,784,9
2145901,785,784,9
2145911,788,784,9
2145921,780,784,10
2145931,788,784,10
2145942,784,784,9
2145952,785,784,9
2145962,788,784,10
2145972,783,784,10
RIM
2145992,739,726,6
2146003,726,726,5
2146013,728,725,6
2146023,724,725,6
2146033,726,725,6
2146043,729,725,6
2146054,725,725,6
2146064,729,725,6
2146074,726,725,6
2146084,727,725,6
2146095,731,725,6
2146105,725,725,6
2146115,729,725,6
2146125,728,725,6
2146135,727,725,6
2146146,729,725,6
2146156,725,725,6
2146166,728,725,6
2146176,728,726,5
2146186,725,726,5
2146197,730,726,5
2146207,725,726,5
2146217,728,726,5
2146227,731,726,5
2146237,724,726,5
2146248,730,726,5
2146258,727,726,5
2146268,728,726,5
2146278,730,726,5
2146288,724,726,5
2146299,729,726,5
2146309,728,726,5
2146319,727,726,5
2146329,730,726,5
2146339,725,726,5
2146350,730,726,6
2146360,730,726,6
2146370,725,726,6
2146380,730,726,6
2146390,725,726,6
2146401,729,726,6
2146411,730,726,6
2146421,724,726,6
2146431,729,726,6
2146441,728,726,6
2146452,728,726,6
2146462,730,726,6
2146472,724,726,6
2146482,730,726,6
2146492,729,726,6
2146503,726,726,6
2146513,729,726,6
2146523,725,726,6
2146533,728,726,6
2146543,730,726,6
2146554,725,726,6
2146564,729,726,6
2146574,726,726,6
2146584,728,726,6
2146594,730,726,6
2146605,726,726,6
2146615,728,726,6
2146625,727,726,6
2146635,726,726,6
2146645,729,726,6
2146656,725,726,6
2146666,728,726,6
2146676,729,726,6
2146686,727,726,6
2146696,730,726,6
2146707,726,726,6
2146717,729,726,6
2146727,730,726,6
2146737,725,726,6
2146747,729,726,6
2146758,726,726,6
2146768,727,726,6
2146778,730,726,6
2146788,725,726,6
2146798,729,726,6
2146809,728,727,5
2146819,727,727,5
2146829,729,727,5
2146839,725,727,5
2146849,728,727,5
2146860,730,727,5
2146870,726,727,5
2146880,730,727,5
2146890,726,727,5
2146900,728,727,5
2146911,730,727,5
2146921,725,727,5
2146931,729,727,5
2146941,727,727,5
2146951,727,727,5
2146962,731,727,5
2146972,725,727,5
2146982,729,727,5
2146992,728,727,5
2147002,726,727,5
2147013,729,727,5
2147023,725,727,5
2147033,728,727,5
2147043,730,727,5
2147053,726,727,5
2147064,730,727,5
2147074,726,727,5
2147084,728,727,5
2147094,729,727,5
2147104,725,727,5
2147115,729,727,5
2147125,727,727,5
2147135,728,727,5
2147145,730,727,5
2147155,725,727,5
2147166,729,727,5
2147176,729,727,5
2147186,726,727,5
2147196,729,727,5
2147206,725,727,5
OSM
2147227,794,796,4
2147237,791,796,4
2147247,795,796,4
2147257,796,796,4
2147268,792,796,4
2147278,794,796,4
2147288,792,796,4
2147298,794,796,4
2147308,794,796,4
2147319,795,796,4
2147329,795,796,4
2147339,793,796,4
2147349,795,796,4
2147359,795,796,4
2147370,794,796,4
2147380,795,796,4
2147390,793,796,4
2147400,795,796,4
2147410,796,796,4
2147421,794,796,4
2147431,795,796,4
2147441,794,796,4
2147451,795,796,4
2147461,795,796,4
2147472,794,796,4
2147482,795,796,4
2147492,794,796,4
2147502,794,796,4
2147512,795,796,4
2147523,794,796,4
2147533,795,796,4
2147543,795,796,4
2147553,794,796,4
2147563,795,796,4
2147574,794,796,4
2147584,795,796,4
2147594,796,796,4
2147604,794,796,4
2147614,795,796,4
2147625,796,796,4
2147635,793,796,4
2147645,795,796,4
2147655,793,795,5
2147665,795,795,5
2147676,795,795,5
2147686,793,795,5
2147696,795,795,5
2147706,794,795,5
2147716,795,795,4
2147727,796,795,4
2147737,792,795,4
2147747,795,795,4
2147757,794,795,4
2147767,795,795,4
2147778,796,795,4
2147788,793,795,4
2147798,794,795,4
2147808,794,795,4
2147818,795,795,4
2147829,796,795,4
2147839,792,795,4
2147849,794,795,3
2147859,795,795,3
2147869,794,795,3
2147880,795,795,3
2147890,793,795,3
2147900,795,795,3
2147910,796,795,3
2147920,793,795,3
2147931,795,795,3
2147941,793,795,3
2147951,793,795,3
2147961,796,795,3
2147971,793,795,3
2147982,795,795,3
2147992,794,795,3
2148002,793,795,3
2148012,795,795,3
2148022,793,795,3
2148033,796,795,3
2148043,794,795,3
2148053,793,795,3
2148063,796,795,3
2148073,794,795,3
2148084,796,795,3
2148094,795,795,3
2148104,792,795,3
2148114,795,795,3
2148124,795,795,3
2148135,794,794,4
2148145,795,794,3
2148155,792,794,3
2148165,796,794,3
2148175,795,794,3
2148186,794,794,3
2148196,795,794,3
2148206,793,794,3
2148216,795,794,3
2148226,796,794,3
2148237,794,794,3
2148247,795,794,3
2148257,793,794,3
2148267,795,794,2
2148277,796,794,2
2148288,794,794,2
2148298,794,794,2
2148308,793,794,2
2148318,794,794,2
2148328,796,794,2
2148339,794,794,2
2148349,794,794,2
2148359,794,794,2
2148369,795,794,2
2148379,796,794,1
2148390,794,794,1
2148400,794,794,1
2148410,794,794,1
2148420,794,794,1
2148430,796,794,1
2148441,794,794,1
SIM
2148461,805,784,11
2148471,783,784,10
2148481,787,784,10
2148492,785,784,10
2148502,785,784,10
2148512,787,784,10
2148522,781,784,10
2148532,787,784,10
2148543,786,784,10
2148553,783,784,10
2148563,787,784,10
2148573,781,784,10
2148583,785,784,10
2148594,787,785,9
2148604,783,784,10
2148614,788,785,9
2148624,782,785,9
2148634,786,785,9
2148645,790,785,9
2148655,781,785,10
2148665,788,785,10
2148675,786,785,9
2148685,787,785,9
2148696,787,785,9
2148706,783,785,9
2148716,787,785,9
2148726,788,785,9
2148736,785,785,9
2148747,788,785,9
2148757,783,785,9
2148767,786,785,9
2148777,789,785,9
2148787,783,785,9
2148798,788,785,9
2148808,783,785,9
2148818,786,785,9
2148828,787,785,9
2148838,781,785,9
2148849,787,785,9
2148859,785,785,9
2148869,784,785,9
2148879,788,785,9
2148889,782,785,9
2148900,785,785,9
2148910,785,785,9
2148920,781,784,10
2148930,787,784,10
2148941,783,784,10
2148951,787,784,10
2148961,788,785,9
2148971,781,785,9
2148981,789,785,9
2148992,785,785,9
2149002,784,785,9
2149012,787,785,9
2149022,781,785,9
2149032,786,785,9
2149043,786,785,9
2149053,783,785,9
2149063,787,785,9
2149073,781,785,9
2149083,786,785,9
2149094,788,785,9
2149104,781,785,9
2149114,787,785,9
2149124,781,785,9
2149134,784,785,9
2149145,789,785,9
2149155,781,785,9
2149165,787,785,9
2149175,784,785,9
2149185,783,785,9
2149196,787,785,9
2149206,780,785,9
2149216,787,785,9
2149226,787,785,9
2149236,783,785,9
2149247,787,785,9
2149257,781,785,9
2149267,785,785,9
2149277,788,785,9
2149287,781,785,10
2149298,788,785,10
2149308,782,785,10
2149318,786,785,9
2149328,788,785,10
2149338,782,785,10
2149349,788,785,10
2149359,786,785,9
2149369,785,785,9
2149379,788,785,9
2149389,783,785,9
2149400,788,785,9
2149410,788,785,9
2149420,784,785,9
2149430,790,785,10
2149440,783,785,10
2149451,787,785,10
2149461,788,785,10
2149471,782,785,10
2149481,787,785,10
2149491,784,785,9
2149502,785,785,9
2149512,788,785,10
2149522,781,785,10
2149532,788,785,10
2149543,785,785,10
2149553,784,785,9
2149563,788,785,9
2149573,784,785,9
2149583,788,785,9
2149594,789,785,10
2149604,781,785,10
2149614,787,785,10
2149624,784,785,9
2149634,785,785,9
2149645,787,785,9
2149655,780,785,10
2149665,787,785,10
2149675,784,785,10
RIM
2149696,737,727,4
2149706,726,727,4
2149716,730,727,5
2149726,730,727,5
2149736,726,727,5
2149747,732,727,5
2149757,726,727,5
2149767,729,727,5
2149777,732,727,5
2149787,727,727,5
2149798,731,727,5
2149808,726,727,5
2149818,728,727,5
2149828,728,727,5
2149838,722,727,5
2149849,727,727,5
2149859,726,727,5
2149869,725,727,5
2149879,727,727,5
2149889,722,727,5
2149900,728,727,5
2149910,728,727,5
2149920,724,727,5
2149930,728,727,5
2149940,724,727,5
2149951,727,727,5
2149961,729,727,5
2149971,723,727,5
2149981,728,727,5
2149991,724,727,5
2150002,726,727,5
2150012,728,727,5
2150022,723,727,5
2150032,727,727,5
2150042,726,727,5
2150053,724,727,5
2150063,728,727,5
2150073,723,727,5
2150083,726,727,5
2150093,728,727,5
2150104,723,727,5
2150114,728,727,5
2150124,725,727,5
2150134,726,727,5
2150144,728,727,5
2150155,722,727,5
2150165,727,727,5
2150175,725,727,5
2150185,725,727,5
2150195,728,727,5
2150206,723,727,5
2150216,727,727,5
2150226,726,727,5
2150236,724,727,5
2150246,728,727,5
2150257,723,727,5
2150267,728,727,5
2150277,729,727,5
2150287,723,727,5
2150297,727,727,5
2150308,724,727,5
2150318,726,727,5
2150328,728,727,5
2150338,721,727,6
2150348,727,727,6
2150359,726,727,5
2150369,725,727,6
2150379,728,726,6
2150389,723,726,7
2150399,726,726,6
2150410,728,726,6
2150420,725,726,6
2150430,728,726,6
2150440,723,726,6
2150450,726,726,6
2150461,728,726,6
2150471,723,726,6
2150481,727,726,6
2150491,724,726,6
2150501,726,726,6
2150512,728,726,6
2150522,723,726,6
2150532,727,726,6
2150542,726,726,6
2150552,724,726,6
2150563,728,726,6
2150573,724,726,6
2150583,727,726,6
2150593,728,726,6
2150603,723,726,6
2150614,728,726,6
2150624,724,726,6
2150634,726,726,6
2150644,728,726,6
2150654,722,726,6
2150665,728,726,6
2150675,725,726,6
2150685,726,726,6
2150695,727,726,6
2150705,723,726,6
2150716,727,726,6
2150726,726,726,6
2150736,725,726,6
2150746,727,726,6
2150756,723,726,6
2150767,727,726,6
2150777,728,726,6
2150787,724,726,6
2150797,728,726,6
2150807,724,726,6
2150818,726,726,6
2150828,729,726,6
2150838,723,726,6
2150848,727,726,6
2150858,725,726,6
2150869,725,726,5
2150879,727,726,5
2150889,723,726,5
2150899,727,726,5
2150909,726,726,5
OSM
2150930,795,794,1
2150940,794,794,1
2150950,796,794,1
2150960,802,794,1
2150971,794,794,1
2150981,793,794,1
2150991,793,794,1
2151001,794,794,1
2151011,794,794,1
2151022,792,794,1
2151032,794,794,1
2151042,794,794,1
2151052,796,794,1
2151062,793,794,1
2151073,794,794,1
2151083,797,794,1
2151093,794,794,1
2151103,792,794,1
2151113,795,794,1
2151124,793,794,1
2151134,793,794,1
2151144,795,794,1
2151154,792,794,1
2151164,795,794,1
2151175,794,794,1
2151185,794,794,1
2151195,795,794,1
2151205,792,794,1
2151215,795,794,1
2151226,794,794,1
2151236,793,794,1
2151246,796,794,1
2151256,793,794,1
2151266,795,794,1
2151277,794,794,1
2151287,792,794,1
2151297,795,794,1
2151307,793,794,1
2151317,794,794,1
2151328,794,794,1
2151338,793,794,1
2151348,795,794,1
2151358,794,794,1
2151368,795,794,1
2151379,795,794,1
2151389,792,794,1
2151399,795,794,1
2151409,794,794,1
2151419,793,794,1
2151430,793,794,1
2151440,792,794,1
2151450,795,794,1
2151460,794,794,1
2151470,794,794,1
2151481,795,794,1
2151491,793,794,1
2151501,795,794,1
2151511,794,794,1
2151521,793,794,1
2151532,793,794,1
2151542,793,794,1
2151552,794,794,1
2151562,794,794,1
2151572,793,794,1
2151583,795,794,1
2151593,795,794,1
2151603,793,794,1
2151613,794,794,1
2151623,793,794,1
2151634,793,794,1
2151644,794,794,1
2151654,791,794,1
2151664,795,794,1
2151674,794,794,1
2151685,794,794,1
2151695,795,794,1
2151705,793,794,1
2151715,795,794,1
2151725,795,794,1
2151736,794,794,1
2151746,794,794,1
2151756,796,794,1
2151766,794,794,1
2151776,795,794,1
2151787,793,794,1
2151797,795,794,1
2151807,792,794,1
2151817,794,794,1
2151827,795,794,1
2151838,792,794,1
2151848,794,794,1
2151858,793,794,1
2151868,793,794,1
2151878,795,794,1
2151889,793,794,1
2151899,794,794,1
2151909,795,794,1
2151919,794,794,1
2151929,795,794,1
2151940,793,794,1
2151950,795,794,1
2151960,795,794,1
2151970,793,794,1
2151980,795,794,1
2151991,792,794,1
2152001,793,794,1
2152011,796,794,1
2152021,793,794,1
2152031,795,794,1
2152042,794,794,1
2152052,794,794,1
2152062,795,794,1
2152072,793,794,1
2152082,796,794,1
2152093,794,794,1
2152103,793,794,1
2152113,795,794,1
2152123,793,794,1
2152133,794,794,1
2152144,795,794,1
SIM
2152164,805,785,10
2152174,785,785,9
2152184,788,785,10
2152195,788,785,10
2152205,784,785,10
2152215,790,785,10
2152225,786,785,10
2152235,785,785,10
2152246,790,785,10
2152256,782,785,10
2152266,788,785,10
2152276,786,785,10
2152286,782,785,10
2152297,788,785,10
2152307,781,785,10
2152317,786,785,10
2152327,788,785,10
2152338,782,785,10
2152348,789,785,10
2152358,784,785,10
2152368,786,785,10
2152378,790,785,10
2152389,782,785,10
2152399,789,785,10
2152409,784,785,10
2152419,784,785,10
2152429,788,785,10
2152440,782,785,10
2152450,787,785,10
2152460,788,785,10
2152470,784,785,10
2152480,789,785,10
2152491,783,785,10
2152501,787,785,10
2152511,789,785,10
2152521,784,785,10
2152531,789,785,10
2152542,786,785,10
2152552,786,785,10
2152562,788,785,10
2152572,782,785,10
2152582,787,785,10
2152593,786,785,10
2152603,784,785,10
2152613,788,785,10
2152623,782,785,10
2152634,788,785,10
2152644,789,785,10
2152654,783,785,10
2152664,788,785,10
2152674,783,785,10
2152685,785,785,10
2152695,789,785,10
2152705,782,785,10
2152715,788,785,10
2152725,784,785,10
2152736,787,785,10
2152746,789,785,10
2152756,783,785,10
2152766,787,785,10
2152776,787,785,10
2152787,781,785,10
2152797,788,785,10
2152807,781,785,10
2152817,786,785,10
2152827,787,785,10
2152838,781,785,10
2152848,788,785,10
2152858,784,785,10
2152868,787,785,10
2152879,788,785,10
2152889,782,785,10
2152899,788,785,10
2152909,786,785,10
2152919,784,785,10
2152930,788,785,10
2152940,781,785,10
2152950,786,785,10
2152960,786,785,10
2152970,783,785,10
2152981,788,785,10
2152991,782,785,10
2153001,786,785,10
2153011,788,785,10
2153021,782,785,10
2153032,789,785,10
2153042,784,785,10
2153052,785,785,10
2153062,789,785,10
2153072,782,785,10
2153083,788,785,10
2153093,786,785,10
2153103,784,785,10
2153113,787,785,10
2153123,782,785,10
2153134,786,785,10
2153144,788,785,10
2153154,782,785,10
2153164,789,785,10
2153175,784,785,10
2153185,786,785,10
2153195,790,785,10
2153205,784,785,10
2153215,790,785,10
2153226,786,785,10
2153236,784,785,10
2153246,789,785,10
2153256,782,785,10
2153266,787,785,10
2153277,785,785,10
2153287,782,785,10
2153297,788,785,10
2153307,783,785,10
2153317,786,785,10
2153328,788,785,10
2153338,782,785,10
2153348,788,785,10
2153358,783,785,10
2153368,785,785,10
2153379,786,785,10
RIM
2153399,737,726,5
2153409,727,726,5
2153419,725,726,5
2153430,728,726,5
2153440,726,726,5
2153450,730,726,5
2153460,731,726,5
2153470,726,726,5
2153481,730,726,5
2153491,728,726,5
2153501,729,726,5
2153511,730,726,5
2153521,725,726,5
2153532,730,726,5
2153542,728,726,5
2153552,729,726,5
2153562,731,726,5
2153572,726,726,5
2153583,730,726,5
2153593,729,726,5
2153603,727,726,5
2153613,730,726,5
2153623,726,726,5
2153634,729,726,5
2153644,731,726,6
2153654,726,726,6
2153664,730,726,6
2153674,727,726,6
2153685,729,726,6
2153695,730,726,6
2153705,725,726,6
2153715,730,726,6
2153725,728,726,6
2153736,728,726,6
2153746,731,726,6
2153756,725,726,6
2153766,729,726,6
2153776,729,726,6
2153787,726,726,6
2153797,730,726,6
2153807,726,726,6
2153817,729,726,6
2153827,730,726,6
2153838,725,726,6
2153848,730,726,6
2153858,727,726,6
2153868,729,726,6
2153878,729,726,6
2153889,724,726,6
2153899,729,726,6
2153909,728,726,6
2153919,727,726,6
2153929,730,726,6
2153940,725,726,6
2153950,729,726,6
2153960,730,726,7
2153970,726,726,6
2153980,730,726,7
2153991,726,727,5
2154001,730,727,6
2154011,730,727,6
2154021,725,727,6
2154031,729,727,6
2154042,726,727,5
2154052,728,727,5
2154062,730,727,5
2154072,725,727,5
2154082,729,727,5
2154093,728,727,5
2154103,727,727,5
2154113,730,727,5
2154123,726,727,5
2154133,729,727,5
2154144,728,727,5
2154154,725,727,5
2154164,728,727,5
2154174,724,727,5
2154184,726,727,5
2154195,729,727,5
2154205,723,727,5
2154215,728,727,5
2154225,726,727,5
2154235,725,727,5
2154246,728,727,5
2154256,724,727,5
2154266,727,727,5
2154276,727,727,5
2154286,724,727,5
2154297,728,727,5
2154307,724,727,5
2154317,727,727,5
2154327,729,727,5
2154337,723,727,5
2154348,728,727,5
2154358,724,727,5
2154368,726,727,5
2154378,728,727,5
2154388,723,727,5
2154399,728,727,5
2154409,726,727,5
2154419,725,727,5
2154429,727,727,5
2154439,723,727,5
2154450,727,727,5
2154460,727,727,5
2154470,724,727,5
2154480,728,727,5
2154490,723,727,5
2154501,727,727,5
2154511,728,727,5
2154521,722,727,5
2154531,728,727,5
2154541,724,727,5
2154552,726,727,5
2154562,728,727,5
2154572,722,727,5
2154582,728,727,5
2154592,726,727,5
2154603,726,727,5
2154613,728,727,5
OSM
2154634,792,794,1
2154644,795,794,1
2154654,793,793,2
2154664,794,793,2
2154675,793,793,2
2154685,792,793,2
2154695,793,793,2
2154705,793,793,2
2154715,795,793,2
2154726,794,793,2
2154736,794,793,2
2154746,794,793,2
2154756,792,793,2
2154766,795,793,2
2154777,795,793,2
2154787,794,793,1
2154797,796,793,2
2154807,793,793,2
2154817,795,793,2
2154828,796,793,2
2154838,793,793,2
2154848,796,793,2
2154858,794,793,2
2154868,795,793,2
2154879,797,793,2
2154889,793,793,2
2154899,796,793,2
2154909,796,794,1
2154919,796,794,1
2154930,796,794,1
2154940,793,794,1
2154950,795,794,1
2154960,796,794,1
2154970,794,794,1
2154981,796,794,1
2154991,794,794,1
2155001,795,794,1
2155011,795,794,1
2155021,793,794,1
2155032,796,794,1
2155042,794,794,1
2155052,795,794,1
2155062,796,794,1
2155072,794,794,1
2155083,795,794,1
2155093,795,794,1
2155103,794,794,1
2155113,797,794,1
2155123,794,794,1
2155134,796,794,1
2155144,795,794,1
2155154,793,794,1
2155164,797,794,1
2155174,792,794,1
2155185,794,794,1
2155195,794,794,1
2155205,792,794,1
2155215,795,794,1
2155225,795,794,1
2155236,795,794,1
2155246,796,794,1
2155256,794,794,1
2155266,795,794,1
2155276,796,794,1
2155287,795,794,1
2155297,795,794,1
2155307,794,794,1
2155317,795,794,1
2155327,796,794,1
2155338,794,794,1
2155348,795,794,1
2155358,795,794,1
2155368,795,794,1
2155378,797,794,1
2155389,794,794,1
2155399,796,794,1
2155409,795,794,1
2155419,795,794,1
2155429,796,794,1
2155440,794,794,1
2155450,796,794,1
2155460,796,794,1
2155470,795,794,1
2155480,796,794,1
2155491,794,794,1
2155501,796,794,1
2155511,796,794,1
2155521,795,794,1
2155531,796,794,1
2155542,795,794,1
2155552,796,794,1
2155562,796,794,1
2155572,793,794,1
2155582,796,794,1
2155593,795,794,1
2155603,794,794,1
2155613,796,794,1
2155623,794,794,1
2155633,795,794,1
2155644,795,794,1
2155654,794,794,1
2155664,796,794,1
2155674,794,794,1
2155684,796,794,1
2155695,796,794,1
2155705,794,794,1
2155715,795,794,1
2155725,795,794,1
2155735,795,794,1
2155746,797,794,2
2155756,793,794,2
2155766,796,794,2
2155776,795,794,2
2155786,795,794,2
2155797,796,794,2
2155807,794,794,2
2155817,796,794,2
2155827,796,794,2
2155837,795,794,2
2155848,796,794,2
SIM
2155868,804,785,10
2155878,790,785,10
2155888,782,785,10
2155898,789,785,10
2155909,784,785,10
2155919,787,785,10
2155929,790,785,10
2155939,783,785,10
2155950,789,785,10
2155960,787,785,10
2155970,785,785,10
2155980,790,785,10
2155990,783,785,10
2156001,788,785,10
2156011,788,785,10
2156021,783,785,10
2156031,788,785,10
2156041,783,785,10
2156052,785,785,10
2156062,788,785,10
2156072,781,785,10
2156082,787,785,10
2156092,785,785,10
2156103,786,785,10
2156113,790,785,10
2156123,782,785,10
2156133,788,785,10
2156143,787,785,10
2156154,783,785,10
2156164,788,785,10
2156174,781,785,10
2156184,787,785,10
2156195,787,785,10
2156205,782,785,10
2156215,789,785,10
2156225,786,785,10
2156235,787,785,10
2156246,789,785,10
2156256,782,785,10
2156266,789,785,10
2156276,787,785,10
2156286,784,785,10
2156297,788,785,10
2156307,783,785,10
2156317,787,785,10
2156327,789,785,10
2156337,782,785,10
2156348,787,785,10
2156358,781,785,10
2156368,786,785,10
2156378,787,785,10
2156388,781,785,10
2156399,788,785,10
2156409,786,785,10
2156419,786,785,10
2156429,788,785,10
2156439,783,785,10
2156450,789,785,10
2156460,786,785,10
2156470,827,786,23
2156480,825,786,36
2156490,803,786,38
2156501,790,786,38
2156511,788,786,38
2156521,782,786,38
2156531,790,786,38
2156542,783,786,38
2156552,787,786,38
2156562,790,786,38
2156572,783,786,38
2156582,789,786,38
2156593,785,786,38
2156603,785,786,38
2156613,789,786,38
2156623,781,786,39
2156633,787,786,38
2156644,786,786,38
2156654,782,786,38
2156664,787,786,38
2156674,783,786,38
2156684,786,786,38
2156695,789,786,38
2156705,782,786,38
2156715,788,786,38
2156725,784,786,38
2156735,786,786,38
2156746,788,786,38
2156756,782,786,38
2156766,787,786,38
2156776,786,786,38
2156786,783,786,38
2156797,788,786,38
2156807,783,786,38
2156817,787,786,38
2156827,789,786,38
2156838,783,786,38
2156848,789,786,38
2156858,786,786,38
2156868,787,786,38
2156878,789,786,38
2156889,781,786,38
2156899,788,786,38
2156909,785,786,38
2156919,785,786,38
2156929,788,786,38
2156940,781,786,38
2156950,786,786,38
2156960,785,786,38
2156970,784,786,38
2156980,788,786,38
2156991,782,786,38
2157001,787,786,38
2157011,789,786,38
2157021,782,786,38
2157031,789,786,38
2157042,785,786,38
2157052,785,786,38
2157062,788,786,38
2157072,780,786,38
2157082,787,786,38
RIM
2157103,737,727,5
2157113,729,727,5
2157123,724,727,5
2157133,727,727,5
2157144,730,727,5
2157154,724,727,5
2157164,727,727,5
2157174,724,727,5
2157184,727,727,5
2157195,728,727,5
2157205,723,727,5
2157215,728,727,5
2157225,725,727,5
2157235,726,727,5
2157246,728,727,5
2157256,723,727,5
2157266,727,727,5
2157276,726,727,5
2157286,724,727,5
2157297,728,727,5
2157307,723,727,5
2157317,728,726,6
2157327,728,727,5
2157337,723,726,6
2157348,728,726,6
2157358,728,726,6
2157368,730,726,6
2157378,730,726,6
2157389,726,726,6
2157399,730,726,6
2157409,728,726,6
2157419,727,726,6
2157429,729,726,6
2157440,725,726,6
2157450,729,726,6
2157460,728,726,6
2157470,725,726,6
2157480,729,726,6
2157491,725,726,6
2157501,728,726,6
2157511,729,726,6
2157521,725,726,6
2157531,729,726,6
2157542,726,726,6
2157552,727,726,6
2157562,729,726,6
2157572,725,726,6
2157582,729,726,6
2157593,728,726,6
2157603,726,726,6
2157613,729,726,6
2157623,724,726,6
2157633,728,726,5
2157644,729,726,6
2157654,725,726,5
2157664,729,726,5
2157674,725,726,5
2157684,728,726,5
2157695,730,726,5
2157705,725,726,5
2157715,729,726,5
2157725,726,726,5
2157735,727,726,5
2157746,729,726,5
2157756,724,726,5
2157766,728,726,5
2157776,728,726,5
2157786,727,726,5
2157797,730,726,5
2157807,725,726,5
2157817,728,726,5
2157827,729,726,5
2157837,726,726,5
2157848,729,726,5
2157858,725,726,5
2157868,728,726,5
2157878,730,726,5
2157888,724,726,5
2157899,729,726,5
2157909,726,726,5
2157919,728,726,5
2157929,730,726,5
2157939,725,726,5
2157950,729,726,5
2157960,729,726,5
2157970,726,726,5
2157980,730,726,6
2157990,725,726,6
2158001,728,726,6
2158011,730,726,6
2158021,726,726,6
2158031,729,726,6
2158041,726,726,6
2158052,728,726,6
2158062,730,727,5
2158072,724,726,6
2158082,729,727,5
2158092,727,727,5
2158103,727,727,5
2158113,730,727,5
2158123,725,727,5
2158133,728,727,5
2158143,729,727,5
2158154,725,727,5
2158164,730,727,5
2158174,726,727,5
2158184,728,727,5
2158194,730,727,5
2158205,725,727,5
2158215,729,727,5
2158225,727,727,4
2158235,728,727,4
2158245,729,727,4
2158256,724,727,4
2158266,729,727,4
2158276,729,727,4
2158286,727,727,4
2158296,730,727,4
2158307,725,727,4
2158317,728,727,4
OSM
2158338,795,794,2
2158348,797,794,2
2158358,796,794,2
2158368,797,794,2
2158379,796,794,2
2158389,794,794,2
2158399,796,794,2
2158409,796,795,1
2158419,796,795,1
2158430,796,795,1
2158440,794,795,1
2158450,796,795,1
2158460,795,795,1
2158470,796,795,1
2158481,799,795,1
2158491,794,795,1
2158501,796,795,1
2158511,796,795,1
2158521,796,795,1
2158532,797,795,1
2158542,795,795,1
2158552,796,795,1
2158562,795,795,1
2158572,794,795,1
2158583,796,795,1
2158593,795,795,1
2158603,796,795,1
2158613,796,795,1
2158623,794,795,1
2158634,796,795,1
2158644,796,795,1
2158654,795,795,1
2158664,796,795,1
2158674,793,795,1
2158685,796,795,1
2158695,796,795,1
2158705,794,795,1
2158715,796,795,1
2158725,795,795,1
2158736,796,795,1
2158746,796,795,1
2158756,795,795,1
2158766,796,795,1
2158776,795,795,1
2158787,798,795,1
2158797,796,795,1
2158807,794,795,1
2158817,795,795,1
2158827,796,795,1
2158838,795,795,1
2158848,796,795,1
2158858,795,795,1
2158868,795,795,1
2158878,796,795,1
2158889,794,795,1
2158899,796,795,1
2158909,795,795,1
2158919,795,795,1
2158929,796,795,1
2158940,794,795,1
2158950,796,795,1
2158960,796,795,1
2158970,794,795,1
2158980,796,795,1
2158991,795,795,1
2159001,796,795,1
2159011,796,795,1
2159021,793,795,1
2159031,797,795,1
2159042,795,795,1
2159052,795,795,1
2159062,797,795,1
2159072,794,795,1
2159082,796,795,1
2159093,795,795,1
2159103,795,795,1
2159113,797,795,1
2159123,794,795,1
2159133,796,795,1
2159144,796,795,1
2159154,794,795,1
2159164,797,795,1
2159174,794,795,1
2159184,796,795,1
2159195,797,795,1
2159205,794,795,1
2159215,797,795,1
2159225,794,795,1
2159235,797,795,1
2159246,797,795,1
2159256,794,795,1
2159266,796,795,1
2159276,795,795,1
2159286,795,795,1
2159297,797,795,1
2159307,794,795,1
2159317,797,795,1
2159327,795,795,1
2159337,796,795,1
2159348,798,795,1
2159358,795,795,1
2159368,796,795,1
2159378,797,795,1
2159388,794,795,1
2159399,796,795,1
2159409,794,795,1
2159419,794,795,1
2159429,796,795,1
2159439,794,795,1
2159450,797,795,1
2159460,795,795,1
2159470,795,795,1
2159480,795,795,1
2159490,795,795,1
2159501,796,795,1
2159511,796,795,1
2159521,795,795,1
2159531,795,795,1
2159541,795,795,1
2159552,796,795,1
SIM
2159572,799,786,37
2159582,791,786,37
2159592,785,786,37
2159603,787,786,37
2159613,789,786,37
2159623,782,786,37
2159633,789,786,37
2159643,788,786,37
2159654,783,786,37
2159664,788,786,37
2159674,782,786,37
2159684,787,786,37
2159694,787,786,37
2159705,783,786,37
2159715,787,786,37
2159725,783,786,37
2159735,787,786,37
2159745,789,786,37
2159756,783,786,37
2159766,789,786,37
2159776,785,786,37
2159786,785,786,37
2159796,790,786,37
2159807,783,786,37
2159817,787,786,37
2159827,786,786,37
2159837,783,786,37
2159847,789,786,37
2159858,782,786,37
2159868,785,786,37
2159878,788,786,37
2159888,782,786,37
2159899,788,786,37
2159909,784,786,37
2159919,786,786,37
2159929,787,786,37
2159939,782,786,37
2159950,787,786,37
2159960,785,786,37
2159970,784,786,37
2159980,788,786,37
2159990,782,786,37
2160001,787,786,37
2160011,788,786,37
2160021,782,786,37
2160031,788,786,37
2160041,783,786,37
2160052,788,786,37
2160062,789,786,37
2160072,783,786,37
2160082,789,786,37
2160092,787,786,37
2160103,785,786,37
2160113,789,786,37
2160123,781,786,37
2160133,787,786,37
2160143,786,786,37
2160154,783,786,37
2160164,787,786,37
2160174,782,786,23
2160184,787,786,10
2160194,787,785,9
2160205,784,785,9
2160215,789,785,9
2160225,784,785,9
2160235,789,785,8
2160246,788,785,8
2160256,783,785,8
2160266,789,785,8
2160276,786,785,8
2160286,785,785,8
2160297,788,785,8
2160307,781,785,8
2160317,788,785,8
2160327,787,785,8
2160337,783,785,8
2160348,787,785,8
2160358,786,785,8
2160368,793,785,9
2160378,789,786,8
2160388,782,785,9
2160399,789,785,9
2160409,784,785,9
2160419,796,786,9
2160429,790,786,9
2160439,782,786,9
2160450,787,786,9
2160460,785,786,9
2160470,785,786,9
2160480,790,786,9
2160490,782,786,9
2160501,786,786,9
2160511,787,786,9
2160521,784,786,9
2160531,789,786,9
2160541,783,786,9
2160552,785,786,9
2160562,788,786,9
2160572,782,786,9
2160582,789,786,9
2160592,786,786,9
2160603,785,786,9
2160613,788,786,9
2160623,781,786,9
2160633,788,786,9
2160643,786,786,9
2160654,785,786,9
2160664,790,786,9
2160674,783,786,9
2160684,788,786,9
2160694,788,786,9
2160705,783,786,9
2160715,789,786,9
2160725,783,786,9
2160735,786,786,9
2160745,788,786,9
2160756,782,786,9
2160766,788,786,9
2160776,784,786,9
2160786,784,786,9
RIM
2160807,740,727,5
2160817,733,727,5
2160827,731,727,5
2160837,728,727,5
2160847,731,727,5
2160858,727,727,5
2160868,731,727,5
2160878,729,727,5
2160888,724,727,5
2160898,729,727,5
2160909,723,727,5
2160919,727,727,5
2160929,728,727,5
2160939,724,727,5
2160949,728,727,5
2160960,727,727,5
2160970,726,727,5
2160980,728,727,5
2160990,723,727,5
2161000,727,727,5
2161011,728,727,5
2161021,724,727,5
2161031,727,727,5
2161041,723,727,5
2161051,727,727,5
2161062,728,727,5
2161072,723,727,5
2161082,728,727,5
2161092,725,727,5
2161102,726,727,5
2161113,728,727,5
2161123,723,727,5
2161133,727,727,5
2161143,726,727,5
2161153,725,727,5
2161164,728,727,5
2161174,723,727,5
2161184,726,727,5
2161194,728,727,5
2161204,724,727,5
2161215,729,727,5
2161225,724,727,6
2161235,726,727,6
2161245,728,727,6
2161255,723,727,6
2161266,727,727,6
2161276,724,727,6
2161286,726,727,6
2161296,727,727,6
2161306,723,727,6
2161317,727,727,6
2161327,727,727,6
2161337,725,727,6
2161347,728,727,6
2161357,723,727,6
2161368,726,727,6
2161378,728,727,6
2161388,723,727,6
2161398,727,727,6
2161408,724,727,6
2161419,726,727,6
2161429,728,727,6
2161439,722,727,6
2161449,727,727,6
2161459,726,727,6
2161470,725,727,6
2161480,728,727,6
2161490,723,726,7
2161500,726,726,7
2161510,727,726,7
2161521,724,726,7
2161531,728,726,7
2161541,724,726,7
2161551,726,726,7
2161561,727,726,7
2161572,723,726,7
2161582,727,726,7
2161592,725,726,7
2161602,726,726,7
2161612,728,726,7
2161623,723,726,7
2161633,727,726,7
2161643,726,726,7
2161653,724,726,6
2161663,728,726,6
2161674,723,726,6
2161684,727,726,6
2161694,728,726,6
2161704,724,726,6
2161714,727,726,6
2161725,724,726,6
2161735,727,726,6
2161745,728,726,6
2161755,723,726,6
2161765,728,726,6
2161776,725,726,6
2161786,725,726,6
2161796,728,726,6
2161806,723,726,6
2161816,728,726,6
2161827,727,726,6
2161837,724,726,6
2161847,728,726,6
2161857,723,726,6
2161867,726,726,6
2161878,728,726,6
2161888,724,726,6
2161898,728,726,6
2161908,723,726,6
2161918,726,726,6
2161929,728,726,6
2161939,723,726,6
2161949,728,726,6
2161959,725,726,6
2161969,725,726,6
2161980,728,726,6
2161990,723,726,6
2162000,727,726,6
2162010,727,726,6
2162020,724,726,6
OSM
2162042,792,795,1
2162052,795,795,1
2162062,796,795,1
2162072,794,795,1
2162083,795,795,1
2162093,796,795,1
2162103,796,795,1
2162113,794,795,1
2162123,795,795,1
2162134,796,795,1
2162144,798,795,1
2162154,794,795,1
2162164,796,795,1
2162174,794,795,1
2162185,795,795,1
2162195,796,795,1
2162205,794,795,1
2162215,797,795,1
2162225,796,795,1
2162236,798,795,1
2162246,796,795,1
2162256,794,795,1
2162266,796,795,1
2162276,796,795,1
2162287,794,795,1
2162297,797,795,1
2162307,794,795,1
2162317,795,795,1
2162327,795,795,1
2162338,795,795,1
2162348,796,795,1
2162358,794,795,1
2162368,795,795,1
2162378,797,795,1
2162389,793,795,1
2162399,796,795,1
2162409,795,795,1
2162419,795,795,1
2162429,797,795,1
2162440,794,795,1
2162450,796,795,1
2162460,795,795,1
2162470,795,795,1
2162480,797,795,1
2162491,794,795,1
2162501,797,795,1
2162511,797,795,1
2162521,794,795,1
2162531,797,795,1
2162542,795,795,1
2162552,795,795,1
2162562,796,795,1
2162572,793,795,1
2162582,796,795,1
2162593,795,795,1
2162603,796,795,1
2162613,797,795,1
2162623,793,795,1
2162633,798,795,1
2162644,795,795,1
2162654,795,795,1
2162664,795,795,1
2162674,794,795,1
2162684,795,795,1
2162695,800,795,1
2162705,794,795,1
2162715,797,795,1
2162725,794,795,1
2162735,796,795,1
2162746,796,795,1
2162756,794,795,1
2162766,798,795,1
2162776,793,795,1
2162786,794,795,1
2162797,796,795,1
2162807,792,795,2
2162817,794,795,1
2162827,793,795,2
2162837,794,795,2
2162848,794,795,2
2162858,792,795,2
2162868,794,795,2
2162878,795,795,2
2162888,793,795,2
2162899,794,795,2
2162909,794,795,2
2162919,795,795,2
2162929,797,795,2
2162939,794,795,2
2162950,795,795,1
2162960,795,795,1
2162970,794,795,1
2162980,797,795,2
2162990,794,795,2
2163001,795,795,1
2163011,795,795,1
2163021,793,795,1
2163031,796,795,1
2163041,795,795,1
2163052,794,795,1
2163062,795,795,1
2163072,793,795,1
2163082,796,795,1
2163092,795,795,1
2163103,793,795,1
2163113,796,795,1
2163123,793,795,1
2163133,796,795,1
2163143,796,795,1
2163154,794,795,1
2163164,796,795,1
2163174,793,795,1
2163184,796,795,1
2163194,796,795,1
2163205,792,795,2
2163215,796,795,2
2163225,793,795,2
2163235,796,795,2
2163245,797,795,2
2163256,793,795,2
SIM
2163276,803,786,10
2163286,789,786,10
2163296,789,786,10
2163307,782,786,10
2163317,787,786,10
2163327,787,786,10
2163337,785,786,9
2163347,789,786,10
2163358,782,786,10
2163368,787,786,10
2163378,789,786,10
2163388,783,786,10
2163398,789,786,10
2163409,783,786,10
2163419,786,786,10
2163429,789,786,10
2163439,781,786,10
2163450,787,786,10
2163460,783,786,10
2163470,783,786,10
2163480,787,786,10
2163490,782,786,10
2163501,787,786,10
2163511,786,786,10
2163521,782,786,10
2163531,788,786,10
2163541,783,786,10
2163552,786,786,10
2163562,787,786,10
2163572,780,786,10
2163582,786,785,11
2163592,783,786,10
2163603,785,785,11
2163613,789,786,10
2163623,781,785,11
2163633,788,785,11
2163643,786,786,10
2163654,785,786,10
2163664,788,786,10
2163674,784,786,10
2163684,788,786,10
2163695,787,786,10
2163705,783,786,10
2163715,787,786,10
2163725,782,786,10
2163735,786,786,10
2163746,788,786,10
2163756,780,785,11
2163766,787,785,11
2163776,784,785,11
2163786,785,785,11
2163797,789,785,11
2163807,781,785,11
2163817,787,785,11
2163827,786,785,11
2163837,783,785,11
2163848,787,785,11
2163858,782,785,11
2163868,786,785,11
2163878,787,785,11
2163888,782,785,11
2163899,789,785,11
2163909,783,785,11
2163919,786,785,11
2163929,788,785,11
2163939,783,785,11
2163950,788,785,11
2163960,784,785,11
2163970,785,785,11
2163980,789,785,11
2163991,782,785,11
2164001,788,785,11
2164011,785,785,11
2164021,781,785,11
2164031,787,785,11
2164042,781,785,11
2164052,786,785,11
2164062,787,785,11
2164072,780,785,11
2164082,787,785,10
2164093,784,785,10
2164103,785,785,10
2164113,788,785,10
2164123,782,785,9
2164133,788,785,9
2164144,786,785,9
2164154,784,785,9
2164164,789,785,9
2164174,782,785,9
2164184,787,785,9
2164195,787,785,9
2164205,783,785,9
2164215,788,785,9
2164225,784,785,9
2164235,787,785,9
2164246,787,785,9
2164256,782,785,9
2164266,787,785,9
2164276,784,785,9
2164286,785,785,9
2164297,787,785,9
2164307,781,785,9
2164317,786,785,9
2164327,786,785,9
2164337,784,785,9
2164348,788,785,9
2164358,783,785,9
2164368,788,785,9
2164378,789,785,9
2164388,782,785,9
2164399,788,785,9
2164409,783,785,9
2164419,786,785,9
2164429,789,785,9
2164439,782,785,9
2164450,788,785,9
2164460,785,785,9
2164470,786,785,9
2164480,789,785,9
2164490,783,785,9
RIM
2164511,740,726,6
2164521,725,726,5
2164531,729,726,5
2164541,724,726,5
2164552,727,726,5
2164562,728,726,5
2164572,723,725,6
2164582,728,725,6
2164592,726,725,6
2164603,726,725,6
2164613,729,726,5
2164623,723,725,6
2164633,728,725,6
2164643,727,726,5
2164654,725,725,6
2164664,728,725,6
2164674,724,725,6
2164684,727,725,6
2164694,728,726,5
2164705,724,725,6
2164715,728,725,6
2164725,724,725,6
2164735,727,725,6
2164745,728,726,5
2164756,723,725,6
2164766,728,725,6
2164776,725,726,5
2164786,726,725,6
2164796,729,726,5
2164807,723,726,5
2164817,727,725,6
2164827,727,726,5
2164837,724,726,5
2164847,728,726,5
2164858,723,726,5
2164868,727,725,6
2164878,727,726,5
2164888,724,726,5
2164898,728,726,5
2164909,724,726,5
2164919,726,725,6
2164929,728,726,5
2164939,722,725,6
2164949,728,725,6
2164960,726,726,5
2164970,725,725,6
2164980,728,726,5
2164990,722,725,6
2165000,727,725,6
2165011,727,726,5
2165021,724,726,5
2165031,730,726,5
2165041,725,726,5
2165051,728,726,5
2165062,731,726,5
2165072,726,726,5
2165082,730,726,5
2165092,727,726,5
2165102,727,726,5
2165113,730,726,5
2165123,725,726,5
2165133,730,726,5
2165143,728,726,5
2165153,727,726,5
2165164,731,726,6
2165174,726,726,6
2165184,728,726,6
2165194,728,726,5
2165204,726,726,5
2165215,730,726,6
2165225,726,726,6
2165235,728,726,6
2165245,729,726,6
2165255,724,726,6
2165266,730,726,6
2165276,727,726,6
2165286,727,726,6
2165296,730,726,6
2165306,724,726,6
2165317,729,726,6
2165327,728,726,6
2165337,726,726,6
2165347,729,726,6
2165357,725,726,6
2165368,729,726,6
2165378,729,726,6
2165388,725,726,6
2165398,729,726,6
2165408,725,726,6
2165419,729,726,6
2165429,730,726,6
2165439,724,726,6
