Polling for available serial device...
Opening serial monitor for com port: "/dev/ttyACM0"
Serial monitor opened successfully:
2786070,2016,2014,9
2786080,2017,2014,9
2786090,2012,2014,10
2786100,2016,2014,10
2786111,2011,2014,10
2786121,2011,2014,10
2786131,2014,2014,10
2786141,2014,2014,10
2786151,2015,2014,10
2786162,2014,2014,10
2786172,2014,2014,10
2786182,2013,2014,9
2786192,2021,2014,10
2786203,2012,2014,10
2786213,2012,2014,10
2786223,2011,2014,10
2786233,2016,2014,10
2786243,2014,2014,10
2786254,2014,2014,10
2786264,2014,2014,10
2786274,2010,2014,10
SIM
2786294,772,749,21
2786305,751,749,21
2786315,758,749,21
2786325,746,749,21
2786335,752,749,22
2786345,755,749,22
2786356,746,749,21
2786366,755,749,21
2786376,745,749,22
2786386,752,750,21
2786396,755,750,21
2786407,742,749,22
2786417,755,750,21
2786427,750,749,22
2786437,750,750,21
2786447,758,750,21
2786458,743,750,21
2786468,755,750,22
2786478,752,750,21
2786488,747,750,21
2786499,756,750,21
2786509,742,750,22
2786519,752,750,22
2786529,755,750,22
2786539,742,750,22
2786550,754,750,22
2786560,743,750,22
2786570,750,750,22
2786580,756,750,22
2786590,744,750,22
2786601,756,750,23
2786611,750,750,23
2786621,750,750,22
2786631,756,750,23
2786641,743,750,23
2786652,753,750,23
2786662,751,750,23
2786672,746,750,22
2786682,755,750,22
2786692,744,750,23
2786703,752,750,23
2786713,757,750,23
2786723,744,750,23
2786733,756,750,23
2786743,747,750,23
2786754,751,750,23
2786764,756,750,23
2786774,743,750,23
2786784,755,750,23
2786795,750,750,23
2786805,749,750,23
2786815,755,750,23
2786825,743,750,24
2786835,752,750,24
2786846,755,750,24
2786856,745,750,23
2786866,756,750,24
2786876,744,750,24
2786886,751,750,24
2786897,755,750,24
2786907,743,750,24
2786917,756,750,24
2786927,746,750,25
2786937,749,750,24
2786948,756,750,24
2786958,743,750,25
2786968,755,750,25
2786978,752,750,25
2786988,748,750,24
2786999,756,750,25
2787009,745,750,25
2787019,753,750,25
2787029,756,750,25
2787040,745,750,25
2787050,756,750,25
2787060,747,750,25
2787070,751,750,25
2787080,755,750,25
2787091,742,750,25
2787101,755,750,25
2787111,749,750,25
2787121,749,750,25
2787131,758,750,26
2787142,744,750,26
2787152,755,750,26
2787162,753,750,26
2787172,746,750,26
2787182,757,750,26
2787193,744,750,26
2787203,752,750,26
2787213,755,750,26
2787223,743,750,26
2787233,756,750,27
2787244,748,750,27
2787254,751,750,27
2787264,757,750,27
2787274,743,750,27
2787284,755,750,27
2787295,751,750,27
2787305,748,750,27
2787315,757,750,27
2787325,744,750,27
2787336,753,750,27
2787346,753,750,27
2787356,746,750,27
2787366,755,750,27
2787376,745,750,27
2787387,753,750,27
2787397,757,750,28
2787407,744,750,27
2787417,754,750,27
2787427,748,750,27
2787438,750,750,27
2787448,758,750,28
2787458,742,750,28
2787468,754,750,28
2787478,752,750,28
2787489,747,750,28
2787499,757,750,28
2787509,745,750,28
RIM
2787529,733,728,12
2787540,726,728,12
2787550,735,728,12
2787560,726,728,12
2787570,727,728,12
2787580,730,728,12
2787591,720,728,12
2787601,730,728,12
2787611,726,728,12
2787621,729,728,12
2787631,734,728,12
2787642,723,728,12
2787652,731,728,12
2787662,731,728,12
2787672,726,728,12
2787682,734,728,12
2787693,725,728,12
2787703,732,728,12
2787713,734,728,12
2787723,726,728,12
2787733,733,728,13
2787744,726,728,13
2787754,732,728,13
2787764,734,728,13
2787774,725,728,13
2787784,733,728,13
2787795,727,728,13
2787805,726,728,13
2787815,731,728,13
2787825,722,728,13
2787836,729,728,13
2787846,729,728,13
2787856,724,728,13
2787866,731,728,13
2787876,724,728,12
2787887,727,728,12
2787897,731,728,12
2787907,722,728,13
2787917,730,728,13
2787927,724,728,13
2787938,727,728,13
2787948,731,728,13
2787958,721,728,13
2787968,730,728,13
2787978,727,728,13
2787989,728,728,13
2787999,734,728,13
2788009,725,728,13
2788019,732,728,13
2788029,733,728,13
2788040,725,728,13
2788050,735,728,13
2788060,725,728,13
2788070,727,728,13
2788080,731,728,13
2788091,721,728,14
2788101,730,728,13
2788111,724,728,14
2788121,728,728,14
2788131,730,728,14
2788142,723,728,14
2788152,732,728,14
2788162,731,728,14
2788172,727,728,14
2788182,735,728,14
2788193,725,728,14
2788203,732,728,14
2788213,733,728,14
2788223,727,728,14
2788233,734,728,14
2788244,726,728,14
2788254,732,728,14
2788264,734,728,14
2788274,726,728,14
2788284,734,728,14
2788295,727,728,14
2788305,727,728,14
2788315,730,728,14
2788325,722,728,14
2788336,730,728,14
2788346,728,728,14
2788356,724,728,14
2788366,731,728,14
2788376,721,728,15
2788387,728,728,14
2788397,729,728,14
2788407,721,728,15
2788417,730,728,15
2788427,723,728,15
2788438,727,728,15
2788448,732,728,15
2788458,721,728,15
2788468,730,728,15
2788478,726,728,15
2788489,726,728,15
2788499,734,728,15
2788509,724,728,15
2788519,732,728,15
2788529,731,728,15
2788540,726,728,15
2788550,734,728,15
2788560,726,728,15
2788570,732,728,15
2788580,734,728,15
2788591,724,728,15
2788601,734,728,16
2788611,727,728,16
2788621,728,728,15
2788631,732,728,15
2788642,721,728,16
2788652,731,728,16
2788662,727,728,15
2788672,728,728,15
2788682,735,728,16
2788693,725,728,16
2788703,733,728,15
2788713,732,728,16
2788723,726,728,16
2788733,733,728,16
2788744,726,728,15
OSM
2788765,1995,2014,11
2788775,2006,2014,12
2788785,2013,2014,12
2788795,2013,2014,12
2788806,2015,2014,12
2788816,2019,2014,12
2788826,2012,2014,12
2788836,2013,2014,12
2788846,2009,2014,12
2788857,2011,2014,12
2788867,2013,2014,12
2788877,2016,2014,12
2788887,2014,2014,12
2788898,2016,2014,12
2788908,2015,2014,12
2788918,2014,2014,12
2788928,2012,2014,12
2788938,2011,2014,12
2788949,2013,2014,12
2788959,2024,2014,12
2788969,2013,2014,12
2788979,2013,2014,12
2788989,2019,2014,12
2789000,2012,2014,12
2789010,2009,2014,12
2789020,2011,2014,12
2789030,2013,2014,12
2789041,2014,2014,12
2789051,2015,2014,12
2789061,2013,2014,12
2789071,2010,2014,12
2789081,2010,2013,13
2789092,2012,2013,13
2789102,2013,2013,13
2789112,2016,2013,13
2789122,2012,2013,13
2789132,2023,2013,14
2789143,2012,2013,14
2789153,2015,2013,14
2789163,2014,2013,13
2789173,2015,2013,13
2789184,2014,2013,13
2789194,2011,2013,13
2789204,2012,2013,13
2789214,2012,2013,13
2789224,2014,2013,12
2789235,2013,2013,12
2789245,2014,2013,12
2789255,2014,2013,12
2789265,2023,2013,13
2789276,2014,2013,13
2789286,2016,2013,13
2789296,2014,2013,13
2789306,2014,2013,13
2789316,2015,2013,13
2789327,2013,2013,13
2789337,2013,2013,13
2789347,2012,2013,11
2789357,2012,2013,11
2789367,2013,2013,11
2789378,2015,2013,11
2789388,2015,2013,11
2789398,2015,2013,11
2789408,2013,2013,11
2789418,2012,2013,11
2789429,2009,2013,11
2789439,2024,2013,12
2789449,2013,2013,12
2789459,2016,2013,12
2789470,2015,2013,12
2789480,2015,2013,12
2789490,2015,2013,12
2789500,2013,2013,12
2789510,2014,2013,12
2789521,2011,2013,12
2789531,2011,2013,12
2789541,2012,2013,12
2789551,2015,2013,12
2789561,2014,2013,12
2789572,2013,2013,12
2789582,2012,2013,12
2789592,2010,2013,12
2789602,2012,2013,12
2789613,2014,2013,12
2789623,2015,2013,12
2789633,2016,2013,12
2789643,2013,2013,12
2789653,2016,2013,12
2789664,2013,2013,12
2789674,2013,2013,11
2789684,2011,2013,11
2789694,2013,2013,11
2789704,2012,2013,11
2789715,2012,2013,11
2789725,2016,2013,11
2789735,2015,2013,11
2789745,2013,2013,11
2789756,2014,2013,10
2789766,2014,2013,10
2789776,2013,2013,10
2789786,2015,2013,10
2789796,2014,2013,10
2789807,2011,2013,10
2789817,2012,2013,10
2789827,2011,2013,10
2789837,2012,2013,10
2789847,2015,2013,10
2789858,2013,2013,10
2789868,2016,2013,10
2789878,2015,2013,10
2789888,2013,2013,10
2789899,2014,2013,10
2789909,2014,2013,10
2789919,2013,2013,10
2789929,2014,2013,10
2789939,2014,2013,10
2789950,2013,2013,10
2789960,2013,2013,10
2789970,2012,2013,10
2789980,2012,2013,9
SIM
2790001,774,750,29
2790011,747,750,29
2790021,754,750,29
2790031,757,750,29
2790041,744,750,29
2790052,756,750,29
2790062,747,750,29
2790072,751,750,29
2790082,757,750,29
2790092,745,750,29
2790103,756,750,30
2790113,750,750,29
2790123,750,750,29
2790133,757,750,29
2790143,742,750,30
2790154,754,750,29
2790164,753,750,29
2790174,746,750,29
2790184,756,750,29
2790194,746,750,29
2790205,754,750,29
2790215,757,750,29
2790225,746,750,29
2790235,757,750,29
2790245,748,750,29
2790256,751,750,29
2790266,757,750,29
2790276,744,750,29
2790286,756,750,29
2790297,750,750,29
2790307,747,750,28
2790317,755,750,29
2790327,744,750,29
2790337,752,750,29
2790348,754,750,28
2790358,744,750,29
2790368,756,750,29
2790378,747,750,29
2790388,752,750,29
2790399,756,751,28
2790409,744,750,29
2790419,757,750,29
2790429,750,751,28
2790439,751,750,28
2790450,755,751,27
2790460,743,750,29
2790470,754,750,29
2790480,751,751,27
2790490,748,750,28
2790501,756,751,27
2790511,745,750,29
2790521,753,750,28
2790531,756,751,27
2790542,744,750,29
2790552,755,750,29
2790562,746,751,28
2790572,752,750,28
2790582,756,751,27
2790593,742,750,29
2790603,755,750,29
2790613,749,751,27
2790623,750,750,28
2790633,757,751,27
2790644,744,751,28
2790654,756,751,28
2790664,753,751,27
2790674,747,751,27
2790684,758,751,27
2790695,747,751,28
2790705,753,751,27
2790715,757,751,27
2790725,743,751,28
2790735,756,751,28
2790746,746,751,28
2790756,750,751,28
2790766,756,751,28
2790776,743,751,28
2790786,755,751,28
2790797,751,751,28
2790807,748,751,27
2790817,757,751,28
2790827,743,751,28
2790838,753,751,28
2790848,754,751,28
2790858,744,751,28
2790868,756,751,28
2790878,744,751,28
2790889,752,751,28
2790899,757,751,28
2790909,745,751,28
2790919,755,751,28
2790929,750,751,28
2790940,751,751,27
2790950,757,751,28
2790960,744,751,28
2790970,756,751,28
2790980,753,751,27
2790991,746,751,27
2791001,756,751,28
2791011,742,751,28
2791021,755,751,28
2791031,755,751,28
2791042,744,751,28
2791052,755,751,28
2791062,744,751,28
2791072,751,751,28
2791082,756,751,28
2791093,744,751,29
2791103,755,751,28
2791113,749,751,28
2791123,749,751,28
2791134,756,751,28
2791144,743,751,29
2791154,753,751,28
2791164,752,751,28
2791174,746,751,28
2791185,755,751,28
2791195,742,751,28
2791205,752,750,29
2791215,755,751,28
RIM
2791235,734,728,16
2791246,728,728,15
2791256,729,728,15
2791266,733,728,15
2791276,720,728,16
2791286,731,728,16
2791297,726,728,15
2791307,725,728,15
2791317,731,728,15
2791327,722,728,16
2791338,729,728,15
2791348,730,728,15
2791358,723,728,15
2791368,731,728,15
2791378,722,728,16
2791389,729,728,15
2791399,734,728,16
2791409,725,728,16
2791419,734,728,16
2791429,727,728,15
2791440,729,728,15
2791450,735,728,16
2791460,724,728,16
2791470,733,728,16
2791480,730,728,16
2791491,728,728,15
2791501,735,728,16
2791511,726,728,16
2791521,735,728,16
2791531,735,728,16
2791542,725,728,16
2791552,734,728,17
2791562,725,728,16
2791572,731,728,16
2791582,735,728,17
2791593,725,728,17
2791603,734,728,17
2791613,728,728,17
2791623,731,728,17
2791633,734,728,17
2791644,725,728,17
2791654,733,728,17
2791664,732,728,17
2791674,728,728,17
2791684,735,728,17
2791695,726,728,17
2791705,733,728,17
2791715,731,728,17
2791725,724,728,17
2791735,731,728,17
2791746,722,728,17
2791756,728,728,17
2791766,731,728,17
2791776,721,728,17
2791786,730,728,17
2791797,724,728,17
2791807,725,728,17
2791817,731,728,17
2791827,720,728,17
2791837,730,728,17
2791848,732,728,17
2791858,727,728,17
2791868,733,728,17
2791878,723,728,18
2791888,729,728,17
2791899,732,728,17
2791909,722,728,17
2791919,730,728,17
2791929,724,728,17
2791940,726,728,17
2791950,730,728,17
2791960,720,728,17
2791970,730,728,17
2791980,727,728,17
2791991,724,728,17
2792001,733,728,17
2792011,725,728,17
2792021,733,728,17
2792031,732,728,17
2792042,727,728,17
2792052,733,728,17
2792062,725,728,17
2792072,730,728,17
2792082,734,728,17
2792093,726,728,17
2792103,734,728,18
2792113,728,728,17
2792123,729,728,17
2792133,733,728,17
2792144,724,728,17
2792154,733,728,17
2792164,730,728,17
2792174,728,728,17
2792184,734,728,17
2792195,726,728,17
2792205,733,728,17
2792215,733,729,16
2792225,726,728,17
2792235,734,729,16
2792246,727,729,16
2792256,732,729,16
2792266,735,729,16
2792276,725,729,16
2792286,734,729,16
2792297,726,729,16
2792307,729,728,17
2792317,733,729,16
2792327,722,728,18
2792337,731,728,18
2792348,729,729,16
2792358,725,729,16
2792368,732,729,16
2792378,721,728,18
2792388,729,728,17
2792399,729,728,17
2792409,722,728,17
2792419,729,728,17
2792429,723,728,17
2792439,728,728,17
2792450,733,728,17
OSM
2792471,1997,2013,9
2792481,2007,2013,9
2792491,2010,2013,9
2792501,2012,2013,9
2792512,2010,2013,9
2792522,2013,2013,9
2792532,2012,2013,9
2792542,2013,2013,9
2792552,2014,2013,8
2792563,2014,2013,8
2792573,2015,2013,8
2792583,2014,2013,8
2792593,2023,2013,9
2792604,2013,2013,9
2792614,2027,2013,11
2792624,2015,2013,11
2792634,2016,2013,11
2792644,2015,2013,11
2792655,2013,2013,11
2792665,2015,2013,10
2792675,2009,2013,10
2792685,2012,2013,10
2792695,2012,2013,10
2792706,2020,2013,10
2792716,2015,2013,10
2792726,2014,2013,10
2792736,2013,2013,10
2792746,2013,2013,10
2792757,2012,2013,10
2792767,2010,2013,10
2792777,2011,2013,10
2792787,2018,2013,10
2792798,2014,2013,10
2792808,2012,2013,10
2792818,2011,2013,10
2792828,2012,2013,10
2792838,2013,2013,9
2792849,2015,2013,9
2792859,2014,2013,9
2792869,2015,2013,9
2792879,2014,2013,9
2792889,2014,2013,9
2792900,2013,2013,9
2792910,2015,2013,9
2792920,2013,2013,9
2792930,2013,2013,9
2792941,2021,2013,10
2792951,2016,2013,10
2792961,2014,2013,10
2792971,2017,2013,9
2792981,2013,2013,9
2792992,2012,2013,9
2793002,2016,2013,9
2793012,2013,2013,9
2793022,2012,2013,9
2793032,2011,2013,9
2793043,2012,2013,9
2793053,2010,2013,9
2793063,2013,2013,9
2793073,2012,2013,9
2793083,2013,2013,9
2793094,2015,2013,9
2793104,2017,2013,9
2793114,2014,2013,9
2793124,2014,2013,9
2793134,2014,2013,9
2793145,2013,2013,8
2793155,2015,2013,8
2793165,2012,2013,8
2793175,2011,2013,8
2793185,2013,2013,8
2793196,2012,2013,8
2793206,2017,2013,8
2793216,2015,2013,8
2793226,2015,2013,8
2793237,2017,2013,8
2793247,2014,2013,8
2793257,2015,2013,8
2793267,2014,2013,8
2793277,2013,2013,8
2793288,2013,2013,8
2793298,2013,2013,8
2793308,2012,2013,8
2793318,2012,2013,8
2793328,2011,2013,8
2793339,2013,2013,8
2793349,2012,2013,8
2793359,2011,2013,8
2793369,2019,2013,8
2793379,2015,2013,8
2793390,2013,2013,8
2793400,2016,2013,8
2793410,2014,2013,8
2793420,2012,2013,8
2793430,2013,2013,8
2793441,2011,2013,8
2793451,2012,2013,8
2793461,2011,2013,8
2793471,2014,2013,8
2793482,2015,2013,8
2793492,2015,2013,8
2793502,2012,2013,8
2793512,2015,2013,8
2793522,2014,2013,8
2793533,2013,2013,8
2793543,2012,2013,8
2793553,2012,2013,8
2793563,2010,2013,9
2793573,2013,2013,8
2793584,2011,2013,8
2793594,2013,2013,8
2793604,2012,2013,8
2793614,2013,2013,8
2793624,2021,2013,9
2793635,2016,2013,9
2793645,2014,2013,9
2793655,2016,2013,9
2793665,2013,2013,9
2793675,2014,2013,9
2793686,2013,2013,9
SIM
2793706,769,751,26
2793716,758,751,27
2793727,746,751,27
2793737,755,751,27
2793747,747,751,26
2793757,751,751,26
2793767,756,751,26
2793778,744,751,27
2793788,755,751,26
2793798,750,751,26
2793808,749,750,27
2793818,758,751,26
2793829,745,751,27
2793839,753,750,27
2793849,752,751,26
2793859,744,750,27
2793869,756,751,26
2793880,744,750,27
2793890,752,750,27
2793900,756,751,26
2793910,743,750,28
2793920,754,750,27
2793931,746,750,27
2793941,752,750,27
2793951,756,750,27
2793961,743,750,28
2793971,755,750,27
2793982,753,750,27
2793992,748,750,27
2794002,756,750,27
2794012,744,750,27
2794023,754,750,27
2794033,755,750,27
2794043,747,750,27
2794053,756,750,27
2794063,747,750,27
2794074,752,750,27
2794084,757,751,26
2794094,743,750,28
2794104,755,750,28
2794114,749,750,27
2794125,751,750,27
2794135,755,750,27
2794145,742,750,28
2794155,754,750,28
2794165,751,750,27
2794176,747,750,27
2794186,757,750,27
2794196,745,750,28
2794206,753,750,27
2794216,757,751,27
2794227,745,750,28
2794237,756,750,28
2794247,747,750,28
2794257,753,750,27
2794268,757,751,27
2794278,744,750,28
2794288,756,750,28
2794298,750,751,26
2794308,750,751,26
2794319,756,751,26
2794329,743,751,27
2794339,754,750,28
2794349,753,751,26
2794359,747,750,27
2794370,755,750,27
2794380,744,750,28
2794390,751,750,27
2794400,755,750,27
2794410,743,750,27
2794421,756,750,27
2794431,747,750,27
2794441,751,750,27
2794451,757,750,27
2794462,744,750,27
2794472,754,750,27
2794482,750,750,27
2794492,748,750,27
2794502,756,750,27
2794513,744,750,27
2794523,753,750,27
2794533,756,750,27
2794543,745,750,27
2794553,756,750,27
2794564,744,750,27
2794574,752,750,27
2794584,757,751,26
2794594,743,750,27
2794604,754,750,27
2794615,746,750,27
2794625,749,750,27
2794635,756,750,27
2794645,743,750,27
2794655,754,750,27
2794666,750,750,27
2794676,746,750,27
2794686,755,750,27
2794696,745,750,27
2794706,754,750,27
2794717,754,750,26
2794727,744,750,26
2794737,756,750,26
2794747,746,750,26
2794758,752,750,26
2794768,755,750,26
2794778,741,750,27
2794788,754,750,26
2794798,751,750,26
2794809,749,750,26
2794819,757,750,26
2794829,744,750,27
2794839,754,750,27
2794849,753,750,26
2794860,747,750,26
2794870,755,750,26
2794880,745,750,26
2794890,752,750,26
2794900,755,750,26
2794911,743,750,26
2794921,756,750,26
RIM
2794941,732,728,17
2794951,735,728,18
2794962,724,728,18
2794972,734,728,18
2794982,731,728,17
2794992,729,728,17
2795002,734,728,17
2795013,726,729,16
2795023,729,728,17
2795033,731,729,16
2795043,725,729,16
2795053,731,729,16
2795064,724,729,16
2795074,728,729,16
2795084,731,729,16
2795094,722,729,16
2795104,730,729,16
2795115,724,728,17
2795125,726,728,17
2795135,731,728,17
2795145,722,728,17
2795155,729,728,17
2795166,730,728,17
2795176,728,728,16
2795186,734,728,17
2795196,725,728,17
2795206,731,728,16
2795217,733,728,17
2795227,726,728,16
2795237,734,728,16
2795247,727,728,16
2795257,731,728,16
2795268,734,728,16
2795278,725,728,16
2795288,732,728,16
2795298,726,728,16
2795309,727,728,15
2795319,732,728,16
2795329,722,728,16
2795339,729,728,15
2795349,732,728,16
2795360,728,728,15
2795370,735,728,16
2795380,726,728,16
2795390,734,728,16
2795400,735,728,16
2795411,725,728,16
2795421,734,728,16
2795431,727,728,16
2795441,731,728,16
2795451,734,728,16
2795462,725,728,16
2795472,734,728,16
2795482,729,728,16
2795492,727,728,16
2795502,732,728,16
2795513,723,728,16
2795523,729,728,16
2795533,730,729,14
2795543,723,728,15
2795553,731,728,15
2795564,723,728,16
2795574,726,728,15
2795584,731,728,15
2795594,721,728,16
2795604,730,728,16
2795615,725,728,15
2795625,727,728,15
2795635,732,728,15
2795645,721,728,16
2795655,730,728,16
2795666,731,728,15
2795676,730,728,15
2795686,735,729,15
2795696,725,729,15
2795706,732,729,15
2795717,734,729,15
2795727,729,729,14
2795737,736,729,15
2795747,727,729,15
2795757,732,729,15
2795768,735,729,15
2795778,725,729,15
2795788,735,729,15
2795798,727,729,15
2795809,728,729,15
2795819,731,729,15
2795829,722,729,15
2795839,729,729,15
2795849,727,729,15
2795860,726,728,16
2795870,733,729,15
2795880,725,728,16
2795890,730,728,16
2795900,730,728,16
2795911,722,728,16
2795921,730,728,16
2795931,723,728,16
2795941,725,728,16
2795951,731,728,16
2795962,720,728,16
2795972,730,728,16
2795982,725,728,16
2795992,725,728,16
2796002,730,728,16
2796013,723,728,16
2796023,732,728,16
2796033,731,728,16
2796043,727,728,15
2796053,733,728,16
2796064,725,728,16
2796074,732,728,16
2796084,734,728,16
2796094,726,728,16
2796104,734,728,16
2796115,727,728,16
2796125,731,728,16
2796135,734,728,16
2796145,724,728,16
2796155,734,728,16
OSM
2796177,1994,2013,10
2796187,2009,2013,10
2796197,2009,2013,10
2796207,2013,2013,10
2796218,2015,2013,10
2796228,2015,2013,10
2796238,2016,2013,10
2796248,2017,2013,10
2796258,2013,2013,10
2796269,2012,2013,10
2796279,2011,2013,10
2796289,2012,2013,10
2796299,2013,2013,9
2796310,2017,2013,9
2796320,2014,2013,8
2796330,2015,2013,8
2796340,2015,2013,8
2796350,2013,2013,8
2796361,2011,2013,8
2796371,2014,2013,8
2796381,2012,2013,8
2796391,2013,2013,8
2796401,2013,2013,7
2796412,2009,2013,7
2796422,2012,2013,7
2796432,2013,2013,7
2796442,2019,2013,7
2796452,2014,2013,7
2796463,2014,2013,7
2796473,2016,2013,7
2796483,2016,2013,8
2796493,2015,2013,7
2796503,2014,2013,7
2796514,2012,2013,7
2796524,2012,2013,7
2796534,2013,2013,7
2796544,2010,2013,7
2796554,2011,2013,7
2796565,2011,2013,7
2796575,2013,2013,7
2796585,2021,2013,8
2796595,2015,2013,8
2796606,2028,2013,10
2796616,2011,2013,10
2796626,2011,2013,10
2796636,2013,2013,10
2796646,2012,2013,9
2796657,2013,2013,9
2796667,2012,2013,9
2796677,2013,2013,9
2796687,2021,2013,10
2796697,2015,2013,10
2796708,2014,2013,10
2796718,2016,2013,10
2796728,2014,2013,10
2796738,2015,2013,10
2796748,2012,2013,10
2796759,2011,2013,10
2796769,2015,2013,10
2796779,2012,2013,10
2796789,2017,2013,10
2796800,2016,2013,10
2796810,2011,2013,10
2796820,2013,2013,10
2796830,2013,2013,10
2796840,2016,2013,10
2796851,2014,2013,10
2796861,2020,2013,10
2796871,2013,2013,10
2796881,2010,2013,10
2796891,2011,2013,10
2796902,2014,2013,10
2796912,2017,2013,10
2796922,2015,2013,10
2796932,2014,2013,10
2796943,2013,2013,10
2796953,2013,2013,10
2796963,2011,2013,10
2796973,2010,2013,10
2796983,2012,2013,10
2796994,2013,2013,10
2797004,2014,2013,10
2797014,2015,2013,10
2797024,2019,2013,10
2797034,2013,2013,10
2797045,2011,2013,10
2797055,2010,2013,11
2797065,2012,2013,11
2797075,2015,2013,10
2797086,2016,2013,10
2797096,2014,2013,10
2797106,2016,2013,10
2797116,2013,2013,10
2797126,2013,2013,10
2797137,2017,2013,10
2797147,2015,2013,10
2797157,2018,2013,11
2797167,2012,2013,11
2797177,2011,2013,11
2797188,2010,2013,11
2797198,2011,2013,11
2797208,2014,2013,11
2797218,2016,2013,11
2797229,2015,2013,11
2797239,2019,2013,11
2797249,2013,2013,11
2797259,2015,2013,11
2797269,2016,2013,11
2797280,2015,2013,11
2797290,2016,2013,11
2797300,2011,2013,11
2797310,2013,2013,11
2797320,2011,2013,11
2797331,2011,2013,11
2797341,2014,2013,11
2797351,2013,2013,11
2797361,2014,2013,11
2797372,2015,2013,11
2797382,2015,2013,11
2797392,2013,2013,11
SIM
2797412,763,750,25
2797422,756,750,25
2797433,750,750,24
2797443,750,750,24
2797453,756,750,24
2797463,744,750,25
2797474,754,750,25
2797484,753,750,24
2797494,747,750,24
2797504,757,750,25
2797514,744,750,25
2797525,751,750,24
2797535,754,750,24
2797545,743,750,25
2797555,755,750,25
2797565,746,750,25
2797576,751,750,24
2797586,755,750,24
2797596,745,750,24
2797606,756,750,24
2797616,749,750,24
2797627,750,750,24
2797637,757,750,24
2797647,743,750,25
2797657,754,750,24
2797667,753,750,24
2797678,745,750,24
2797688,755,750,24
2797698,744,750,24
2797708,751,750,24
2797718,755,750,24
2797729,743,750,24
2797739,754,750,24
2797749,747,750,24
2797759,751,750,24
2797770,756,750,24
2797780,743,750,25
2797790,754,750,24
2797800,751,750,24
2797810,747,750,24
2797821,755,750,24
2797831,743,750,24
2797841,751,750,24
2797851,754,750,24
2797861,746,750,24
2797872,757,750,24
2797882,748,750,24
2797892,753,750,24
2797902,758,750,24
2797912,745,750,24
2797923,754,750,24
2797933,748,750,24
2797943,750,750,24
2797953,756,750,24
2797963,744,750,24
2797974,752,750,24
2797984,751,750,23
2797994,747,750,23
2798004,758,750,24
2798015,745,750,24
2798025,753,750,24
2798035,757,750,24
2798045,745,750,24
2798055,756,750,24
2798066,746,750,24
2798076,753,750,24
2798086,755,750,24
2798096,743,750,24
2798106,753,750,24
2798117,751,750,24
2798127,750,750,23
2798137,758,750,24
2798147,745,750,24
2798157,756,750,24
2798168,755,750,24
2798178,746,750,24
2798188,757,750,24
2798198,744,750,24
2798208,753,750,24
2798219,756,750,24
2798229,744,750,24
2798239,755,750,24
2798249,746,750,24
2798260,752,750,24
2798270,755,750,24
2798280,744,750,24
2798290,756,750,24
2798300,751,750,24
2798311,747,750,24
2798321,759,750,24
2798331,745,750,24
2798341,755,750,24
2798351,755,750,24
2798362,744,750,24
2798372,755,750,24
2798382,744,750,25
2798392,751,750,24
2798402,758,750,25
2798413,742,750,25
2798423,756,750,25
2798433,749,750,25
2798443,749,750,25
2798453,756,750,25
2798464,744,750,25
2798474,753,750,25
2798484,752,750,24
2798494,748,750,24
2798505,756,750,25
2798515,745,750,25
2798525,752,750,24
2798535,756,750,24
2798545,746,750,24
2798556,756,750,25
2798566,746,750,25
2798576,751,750,24
2798586,755,750,24
2798596,743,750,25
2798607,755,750,25
2798617,751,750,24
2798627,749,750,24
RIM
2798647,724,728,16
2798658,730,728,16
2798668,728,728,15
2798678,723,728,15
2798688,732,728,15
2798698,724,728,16
2798709,732,728,15
2798719,734,728,16
2798729,724,728,16
2798739,734,728,16
2798749,729,728,16
2798760,730,728,16
2798770,735,728,16
2798780,725,728,16
2798790,731,728,16
2798800,731,728,16
2798811,726,728,16
2798821,732,728,16
2798831,720,728,17
2798841,729,728,16
2798851,730,728,16
2798862,723,728,16
2798872,731,728,16
2798882,722,728,17
2798892,726,728,16
2798902,731,728,16
2798913,721,728,17
2798923,730,728,17
2798933,725,728,17
2798943,726,728,16
2798954,731,728,16
2798964,724,728,17
2798974,733,728,16
2798984,731,728,16
2798994,727,728,16
2799005,734,728,17
2799015,724,728,17
2799025,731,728,17
2799035,734,728,17
2799045,731,728,17
2799056,736,728,17
2799066,727,728,17
2799076,730,728,17
2799086,733,728,17
2799096,724,728,17
2799107,733,728,17
2799117,730,728,16
2799127,730,728,16
2799137,735,728,17
2799147,722,728,17
2799158,729,728,17
2799168,728,728,16
2799178,723,728,16
2799188,731,728,16
2799198,721,728,17
2799209,727,728,17
2799219,731,728,17
2799229,722,728,17
2799239,730,728,17
2799249,727,728,17
2799260,731,728,17
2799270,734,728,17
2799280,724,728,17
2799290,732,728,17
2799300,730,728,17
2799311,729,728,17
2799321,735,728,17
2799331,722,728,17
2799341,730,728,17
2799351,731,728,17
2799362,723,728,17
2799372,731,728,17
2799382,722,728,17
2799392,729,728,17
2799402,731,728,17
2799413,720,728,17
2799423,729,728,17
2799433,724,728,17
2799443,726,728,17
2799453,730,728,17
2799464,720,728,17
2799474,729,728,17
2799484,727,728,16
2799494,723,728,16
2799505,730,728,16
2799515,723,728,16
2799525,731,728,16
2799535,732,728,16
2799545,725,728,16
2799556,733,728,17
2799566,725,728,17
2799576,730,728,16
2799586,733,728,17
2799596,724,728,17
2799607,733,728,17
2799617,728,728,17
2799627,730,728,17
2799637,735,728,17
2799647,725,728,17
2799658,733,728,17
2799668,730,728,16
2799678,727,728,16
2799688,734,728,17
2799698,724,728,17
2799709,729,728,17
2799719,730,728,16
2799729,722,728,17
2799739,731,728,17
2799749,723,728,17
2799760,727,728,17
2799770,730,728,17
2799780,720,728,17
2799790,729,728,17
2799800,729,728,17
2799811,729,728,16
2799821,733,728,17
2799831,724,728,17
2799841,731,728,16
2799851,728,728,16
2799862,723,728,16
OSM
2799883,2002,2013,9
2799893,2013,2013,8
2799903,2015,2013,8
2799913,2025,2013,10
2799924,2012,2013,10
2799934,2012,2013,10
2799944,2010,2013,10
2799954,2012,2013,9
2799964,2013,2013,9
2799975,2013,2013,9
2799985,2016,2013,9
2799995,2015,2013,9
2800005,2016,2013,10
2800015,2015,2013,9
2800026,2015,2013,9
2800036,2014,2013,9
2800046,2012,2013,9
2800056,2021,2013,10
2800067,2012,2013,10
2800077,2010,2013,10
2800087,2012,2013,10
2800097,2013,2013,10
2800107,2014,2013,10
2800118,2015,2013,10
2800128,2025,2013,11
2800138,2014,2014,10
2800148,2014,2013,11
2800158,2014,2013,11
2800169,2015,2013,11
2800179,2007,2013,11
2800189,2015,2013,11
2800199,2017,2013,11
2800210,2012,2013,11
2800220,2012,2013,11
2800230,2012,2013,11
2800240,2011,2013,11
2800250,2015,2013,11
2800261,2012,2013,11
2800271,2014,2013,11
2800281,2014,2013,11
2800291,2015,2013,11
2800301,2017,2013,11
2800312,2011,2013,9
2800322,2012,2013,9
2800332,2010,2013,9
2800342,2014,2013,9
2800352,2014,2013,9
2800363,2015,2013,9
2800373,2013,2013,9
2800383,2016,2013,9
2800393,2016,2013,8
2800403,2015,2013,8
2800414,2013,2013,8
2800424,2017,2013,9
2800434,2014,2013,9
2800444,2011,2013,9
2800455,2012,2013,9
2800465,2011,2013,9
2800475,2012,2013,9
2800485,2013,2013,8
2800495,2013,2013,8
2800506,2021,2013,9
2800516,2016,2013,9
2800526,2015,2013,9
2800536,2013,2013,9
2800546,2015,2013,9
2800557,2014,2013,9
2800567,2014,2013,8
2800577,2013,2013,8
2800587,2015,2013,8
2800597,2013,2013,8
2800608,2013,2013,8
2800618,2016,2013,8
2800628,2014,2013,8
2800638,2015,2013,8
2800648,2015,2013,8
2800659,2017,2013,8
2800669,2013,2013,8
2800679,2011,2013,8
2800689,2022,2013,9
2800700,2013,2013,9
2800710,2010,2013,9
2800720,2012,2013,9
2800730,2010,2013,9
2800740,2013,2013,9
2800751,2013,2013,9
2800761,2013,2013,9
2800771,2016,2013,9
2800781,2014,2013,9
2800791,2017,2013,9
2800802,2014,2013,9
2800812,2013,2013,9
2800822,2012,2013,9
2800832,2011,2013,9
2800842,2013,2013,9
2800853,2014,2013,9
2800863,2013,2013,8
2800873,2016,2013,9
2800883,2015,2013,9
2800894,2016,2013,9
2800904,2011,2013,9
2800914,2015,2013,9
2800924,2014,2013,9
2800934,2010,2013,9
2800945,2011,2013,8
2800955,2012,2013,8
2800965,2013,2013,8
2800975,2012,2013,8
2800985,2014,2013,8
2800996,2021,2013,9
2801006,2014,2013,9
2801016,2015,2013,9
2801026,2014,2013,9
2801036,2014,2013,9
2801047,2014,2013,9
2801057,2013,2013,9
2801067,2013,2013,9
2801077,2020,2013,9
2801087,2011,2013,9
2801098,2012,2013,9
SIM
2801118,769,750,26
2801128,751,750,25
2801138,758,750,26
2801149,743,750,26
2801159,755,750,26
2801169,756,750,26
2801179,746,750,26
2801189,757,750,27
2801200,746,750,27
2801210,753,750,26
2801220,756,751,25
2801230,744,750,27
2801240,755,750,27
2801251,747,750,26
2801261,750,750,26
2801271,757,751,25
2801281,743,750,27
2801292,756,750,27
2801302,753,751,26
2801312,748,750,27
2801322,756,751,26
2801332,744,750,27
2801343,754,750,27
2801353,755,751,26
2801363,746,751,26
2801373,756,751,26
2801383,745,751,26
2801394,751,750,27
2801404,756,751,26
2801414,742,751,26
2801424,754,751,26
2801434,749,751,26
2801445,749,751,26
2801455,758,751,26
2801465,742,751,27
2801475,755,751,26
2801485,753,751,26
2801496,746,751,26
2801506,757,751,26
2801516,744,751,27
2801526,751,751,27
2801536,755,751,26
2801547,745,751,26
2801557,756,751,27
2801567,747,751,26
2801577,753,751,26
2801588,757,751,26
2801598,743,751,27
2801608,757,751,27
2801618,749,751,27
2801628,748,751,27
2801639,757,751,27
2801649,743,751,27
2801659,753,751,27
2801669,752,751,27
2801679,743,751,27
2801690,754,751,27
2801700,743,751,28
2801710,751,750,28
2801720,757,751,27
2801730,744,750,29
2801741,755,750,28
2801751,748,750,28
2801761,750,750,28
2801771,757,751,27
2801781,743,750,29
2801792,754,750,29
2801802,751,751,27
2801812,747,750,28
2801822,756,751,27
2801833,744,750,29
2801843,753,750,28
2801853,756,751,27
2801863,745,750,28
2801873,756,750,28
2801884,747,750,28
2801894,752,750,28
2801904,757,750,28
2801914,743,750,28
2801924,756,750,28
2801935,750,750,28
2801945,749,750,28
2801955,756,750,28
2801965,742,750,29
2801975,753,750,28
2801986,751,750,28
2801996,746,750,28
2802006,757,750,28
2802016,746,750,28
2802026,753,750,28
2802037,756,750,28
2802047,744,750,28
2802057,756,750,28
2802067,746,750,28
2802077,751,750,28
2802088,756,750,28
2802098,742,750,28
2802108,755,750,28
2802118,751,750,27
2802129,748,750,27
2802139,757,750,28
2802149,744,750,28
2802159,754,750,28
2802169,755,750,28
2802180,748,750,28
2802190,757,750,28
2802200,747,750,28
2802210,752,750,28
2802220,755,751,27
2802231,746,750,28
2802241,754,750,28
2802251,747,750,28
2802261,750,750,27
2802271,755,750,27
2802282,742,750,28
2802292,754,750,28
2802302,751,750,27
2802312,748,750,27
2802322,758,750,28
2802333,745,750,28
RIM
2802353,734,728,16
2802363,727,728,16
2802373,734,728,17
2802384,727,728,16
2802394,731,728,16
2802404,735,728,17
2802414,724,728,17
2802424,734,728,17
2802435,729,728,17
2802445,731,728,16
2802455,732,728,16
2802465,722,728,17
2802475,730,728,16
2802486,728,728,16
2802496,725,728,16
2802506,731,728,16
2802516,722,728,17
2802526,728,728,16
2802537,731,728,16
2802547,722,728,16
2802557,731,728,16
2802567,724,728,16
2802577,725,728,16
2802588,730,728,16
2802598,721,728,16
2802608,729,728,16
2802618,724,728,16
2802628,725,728,16
2802639,731,728,16
2802649,721,728,16
2802659,729,728,16
2802669,728,728,16
2802679,723,728,16
2802690,731,728,16
2802700,722,728,16
2802710,730,728,16
2802720,733,728,16
2802730,724,728,16
2802741,733,728,16
2802751,727,728,16
2802761,730,728,16
2802771,734,728,16
2802781,725,728,16
2802792,730,728,16
2802802,727,728,16
2802812,725,728,16
2802822,731,728,16
2802832,720,727,17
2802843,732,727,17
2802853,733,727,17
2802863,727,727,17
2802873,733,728,16
2802884,726,728,16
2802894,731,728,16
2802904,736,728,16
2802914,726,728,16
2802924,734,728,16
2802935,728,728,16
2802945,731,728,16
2802955,734,728,16
2802965,725,728,16
2802975,733,728,16
2802986,731,728,16
2802996,728,728,16
2803006,735,728,16
2803016,726,728,16
2803026,733,728,16
2803037,735,728,16
2803047,726,728,16
2803057,731,728,16
2803067,725,728,16
2803077,729,728,16
2803088,731,728,16
2803098,721,728,16
2803108,730,728,16
2803118,726,728,16
2803128,726,728,16
2803139,731,728,16
2803149,721,728,16
2803159,730,728,16
2803169,729,728,15
2803179,721,728,16
2803190,729,728,16
2803200,720,728,16
2803210,727,728,16
2803220,732,728,16
2803230,721,728,16
2803241,730,728,16
2803251,724,728,16
2803261,727,728,16
2803271,730,728,16
2803281,721,728,16
2803292,730,728,16
2803302,725,728,16
2803312,727,728,16
2803322,734,728,16
2803332,724,728,16
2803343,733,728,16
2803353,733,728,16
2803363,727,728,16
2803373,735,728,17
2803383,723,728,17
2803394,728,728,16
2803404,731,728,16
2803414,723,728,17
2803424,729,728,17
2803435,727,728,16
2803445,730,728,16
2803455,735,728,16
2803465,725,728,17
2803475,734,728,17
2803486,730,728,16
2803496,729,728,16
2803506,734,728,17
2803516,726,728,17
2803526,732,728,17
2803537,734,728,17
2803547,726,728,17
2803557,734,728,17
2803567,727,728,17
OSM
2803588,1995,2013,11
2803598,2005,2013,11
2803608,2009,2013,11
2803618,2013,2013,10
2803629,2013,2013,10
2803639,2016,2013,10
2803649,2014,2013,10
2803659,2016,2013,10
2803669,2012,2013,10
2803680,2011,2013,10
2803690,2011,2013,10
2803700,2012,2013,10
2803710,2014,2013,10
2803721,2015,2013,10
2803731,2012,2013,10
2803741,2012,2013,10
2803751,2013,2013,10
2803761,2014,2013,9
2803772,2015,2013,10
2803782,2012,2013,9
2803792,2015,2013,9
2803802,2015,2013,10
2803812,2014,2013,10
2803823,2012,2013,9
2803833,2011,2013,8
2803843,2013,2013,8
2803853,2013,2013,8
2803864,2015,2013,8
2803874,2013,2013,8
2803884,2013,2013,8
2803894,2017,2013,8
2803904,2014,2013,8
2803915,2011,2013,8
2803925,2011,2013,8
2803935,2011,2013,8
2803945,2012,2013,8
2803955,2013,2013,8
2803966,2012,2013,8
2803976,2014,2013,8
2803986,2013,2013,8
2803996,2012,2013,8
2804006,2016,2013,8
2804017,2015,2013,8
2804027,2016,2013,8
2804037,2014,2013,8
2804047,2012,2013,8
2804057,2011,2013,8
2804068,2012,2013,8
2804078,2011,2013,8
2804088,2013,2013,8
2804098,2012,2013,8
2804109,2014,2013,8
2804119,2012,2013,8
2804129,2013,2013,8
2804139,2017,2013,8
2804149,2012,2013,8
2804160,2011,2013,8
2804170,2010,2013,8
2804180,2011,2013,8
2804190,2011,2013,8
2804200,2013,2013,8
2804211,2025,2013,9
2804221,2016,2013,9
2804231,2015,2013,9
2804241,2015,2013,9
2804251,2015,2013,9
2804262,2014,2013,9
2804272,2014,2013,9
2804282,2011,2013,9
2804292,2013,2013,9
2804302,2011,2013,9
2804313,2011,2013,9
2804323,2015,2013,9
2804333,2012,2013,9
2804343,2013,2013,9
2804354,2013,2013,9
2804364,2013,2013,8
2804374,2013,2013,8
2804384,2011,2013,8
2804394,2012,2013,8
2804405,2010,2013,8
2804415,2011,2013,8
2804425,2010,2013,8
2804435,2013,2013,8
2804445,2013,2013,8
2804456,2015,2013,8
2804466,2015,2013,8
2804476,2014,2013,8
2804486,2015,2013,8
2804496,2015,2013,8
2804507,2011,2013,8
2804517,2017,2013,8
2804527,2014,2013,8
2804537,2010,2013,8
2804547,2012,2013,8
2804558,2013,2013,8
2804568,2018,2013,8
2804578,2014,2013,8
2804588,2015,2013,8
2804599,2016,2013,8
2804609,2014,2013,8
2804619,2014,2013,8
2804629,2014,2013,8
2804639,2017,2013,8
2804650,2013,2013,8
2804660,2010,2013,8
2804670,2012,2013,8
2804680,2012,2013,8
2804690,2013,2013,8
2804701,2012,2013,8
2804711,2014,2013,8
2804721,2013,2013,7
2804731,2016,2013,8
2804741,2016,2013,8
2804752,2015,2013,8
2804762,2016,2013,8
2804772,2015,2013,8
2804782,2015,2013,7
2804792,2014,2013,7
2804803,2011,2013,7
SIM
2804823,773,750,29
2804833,747,750,29
2804843,754,750,29
2804854,754,750,29
2804864,745,750,29
2804874,756,750,29
2804884,747,750,29
2804894,753,750,28
2804905,757,750,29
2804915,744,750,29
2804925,755,750,29
2804935,749,750,28
2804946,749,750,28
2804956,756,750,28
2804966,743,750,29
2804976,755,750,29
2804986,753,750,28
2804997,749,750,28
2805007,757,750,28
2805017,745,750,29
2805027,754,750,28
2805037,756,750,28
2805048,745,750,28
2805058,757,750,29
2805068,746,750,29
2805078,752,750,28
2805088,757,750,29
2805099,742,750,29
2805109,753,750,29
2805119,749,750,28
2805129,748,750,28
2805139,755,750,28
2805150,744,750,29
2805160,754,750,28
2805170,753,750,28
2805180,748,750,28
2805190,756,750,28
2805201,744,750,28
2805211,752,750,28
2805221,758,750,28
2805231,745,750,28
2805241,756,750,28
2805252,746,750,28
2805262,751,750,28
2805272,755,750,28
2805282,742,750,28
2805293,754,750,28
2805303,750,750,28
2805313,749,750,27
2805323,756,750,28
2805333,743,750,28
2805344,753,750,28
2805354,755,750,28
2805364,746,750,28
2805374,755,750,28
2805384,744,750,28
2805395,752,750,28
2805405,756,751,26
2805415,743,750,28
2805425,754,750,28
2805435,746,750,27
2805446,751,750,27
2805456,756,750,27
2805466,743,750,28
2805476,755,750,28
2805486,751,750,27
2805497,747,750,27
2805507,758,750,28
2805517,747,750,28
2805527,753,750,28
2805537,756,751,26
2805548,745,750,28
2805558,756,750,28
2805568,745,750,28
2805578,751,750,27
2805588,755,750,28
2805599,743,750,28
2805609,753,750,28
2805619,749,750,27
2805629,749,750,27
2805640,757,750,27
2805650,744,750,28
2805660,756,750,28
2805670,753,750,27
2805680,746,750,27
2805691,756,750,27
2805701,744,750,28
2805711,752,750,27
2805721,755,750,27
2805731,743,750,28
2805742,754,750,27
2805752,746,750,27
2805762,751,750,27
2805772,756,750,27
2805782,743,750,28
2805793,755,750,28
2805803,752,750,27
2805813,748,750,27
2805823,757,750,27
2805833,744,750,27
2805844,754,750,27
2805854,755,750,27
2805864,747,750,27
2805874,755,750,27
2805884,745,750,27
2805895,752,750,27
2805905,755,750,27
2805915,742,750,28
2805925,754,750,27
2805936,749,750,27
2805946,751,750,27
2805956,758,750,28
2805966,744,750,28
2805976,756,750,28
2805987,752,750,28
2805997,745,750,28
2806007,757,750,28
2806017,745,750,28
2806027,753,750,28
2806038,754,750,28
RIM
2806058,731,728,17
2806068,723,728,17
2806078,727,728,16
2806089,734,728,17
2806099,724,728,17
2806109,733,728,17
2806119,728,728,16
2806129,730,728,16
2806140,731,728,16
2806150,723,728,16
2806160,730,728,16
2806170,729,728,16
2806180,722,728,16
2806191,730,728,16
2806201,722,728,17
2806211,727,728,16
2806221,730,728,16
2806231,722,728,16
2806242,729,728,16
2806252,723,728,16
2806262,727,728,16
2806272,730,728,16
2806282,721,728,16
2806293,733,728,17
2806303,729,728,16
2806313,728,728,16
2806323,734,728,16
2806333,725,728,16
2806344,731,728,16
2806354,732,728,16
2806364,725,728,16
2806374,735,728,17
2806384,727,728,16
2806395,731,728,16
2806405,735,728,17
2806415,725,728,17
2806425,733,728,17
2806435,729,728,16
2806446,728,728,16
2806456,733,728,16
2806466,721,728,17
2806476,730,728,17
2806486,728,728,16
2806497,724,728,17
2806507,730,728,17
2806517,722,728,17
2806527,728,728,17
2806538,732,728,16
2806548,726,728,16
2806558,732,728,16
2806568,726,728,16
2806578,731,728,16
2806589,732,728,16
2806599,723,728,16
2806609,731,728,16
2806619,725,728,16
2806629,727,728,16
2806640,730,728,16
2806650,721,728,16
2806660,730,728,16
2806670,728,728,16
2806680,724,728,16
2806691,730,728,16
2806701,721,728,16
2806711,727,728,16
2806721,731,728,16
2806731,722,728,16
2806742,730,728,15
2806752,723,728,15
2806762,727,727,16
2806772,731,728,15
2806782,722,727,17
2806793,732,727,17
2806803,729,728,15
2806813,729,728,15
2806823,734,728,16
2806833,724,728,16
2806844,732,728,16
2806854,731,728,15
2806864,726,728,15
2806874,734,728,16
2806884,728,728,15
2806895,731,728,15
2806905,734,728,15
2806915,724,728,15
2806925,733,728,15
2806935,728,728,15
2806946,731,728,15
2806956,732,728,15
2806966,721,728,15
2806976,731,728,15
2806986,727,728,15
2806997,724,728,15
2807007,730,728,15
2807017,722,728,15
2807027,728,728,15
2807038,733,728,15
2807048,727,728,15
2807058,733,728,15
2807068,727,728,15
2807078,730,728,15
2807089,732,728,14
2807099,722,728,15
2807109,731,728,15
2807119,725,728,15
2807129,727,728,15
2807140,729,728,15
2807150,720,728,15
2807160,729,728,15
2807170,727,728,15
2807180,724,728,14
2807191,731,728,15
2807201,722,728,15
2807211,728,728,15
2807221,731,728,15
2807231,722,728,15
2807242,734,728,15
2807252,727,728,15
2807262,729,728,14
2807272,734,728,15
OSM
2807293,1999,2013,6
2807303,2013,2013,6
2807313,2015,2013,6
2807323,2015,2013,6
2807334,2014,2013,6
2807344,2013,2013,6
2807354,2014,2013,6
2807364,2019,2013,6
2807374,2013,2013,6
2807385,2010,2013,6
2807395,2010,2013,6
2807405,2014,2013,6
2807415,2012,2013,6
2807425,2014,2013,6
2807436,2015,2013,6
2807446,2013,2013,6
2807456,2014,2013,6
2807466,2014,2013,6
2807476,2014,2013,6
2807487,2011,2013,6
2807497,2020,2013,6
2807507,2014,2013,6
2807517,2011,2013,6
2807528,2012,2013,6
2807538,2012,2013,6
2807548,2013,2013,6
2807558,2015,2013,6
2807568,2014,2013,6
2807579,2016,2013,6
2807589,2025,2013,8
2807599,2011,2013,7
2807609,2013,2013,7
2807619,2014,2013,7
2807630,2012,2013,7
2807640,2012,2013,7
2807650,2013,2013,7
2807660,2012,2013,7
2807670,2014,2013,7
2807681,2012,2013,7
2807691,2015,2013,7
2807701,2013,2013,7
2807711,2016,2013,7
2807721,2016,2013,7
2807732,2017,2013,8
2807742,2014,2013,8
2807752,2012,2013,8
2807762,2020,2013,8
2807773,2012,2013,8
2807783,2011,2013,8
2807793,2015,2013,8
2807803,2013,2013,8
2807813,2016,2013,8
2807824,2012,2013,8
2807834,2012,2013,8
2807844,2011,2013,8
2807854,2012,2013,8
2807864,2011,2013,8
2807875,2015,2013,8
2807885,2019,2013,8
2807895,2014,2013,8
2807905,2016,2013,8
2807915,2014,2013,7
2807926,2014,2013,7
2807936,2016,2013,7
2807946,2014,2013,7
2807956,2013,2013,7
2807967,2012,2013,7
2807977,2012,2013,7
2807987,2010,2013,7
2807997,2013,2013,7
2808007,2013,2013,7
2808018,2013,2013,7
2808028,2014,2013,7
2808038,2017,2013,7
2808048,2012,2013,7
2808058,2011,2013,7
2808069,2011,2013,7
2808079,2011,2013,7
2808089,2012,2013,7
2808099,2012,2013,7
2808109,2013,2013,7
2808120,2014,2013,7
2808130,2014,2013,7
2808140,2016,2013,7
2808150,2015,2013,7
2808161,2013,2013,7
2808171,2013,2013,7
2808181,2011,2013,7
2808191,2010,2013,7
2808201,2012,2013,7
2808212,2015,2013,7
2808222,2015,2013,7
2808232,2016,2013,7
2808242,2015,2013,7
2808252,2014,2013,7
2808263,2017,2013,7
2808273,2012,2013,7
2808283,2011,2013,7
2808293,2011,2013,7
2808303,2012,2013,7
2808314,2013,2013,7
2808324,2013,2013,7
2808334,2012,2013,7
2808344,2025,2013,8
2808354,2015,2013,8
2808365,2014,2013,8
2808375,2015,2013,8
2808385,2016,2013,8
2808395,2014,2013,8
2808406,2013,2013,8
2808416,2009,2013,8
2808426,2011,2013,8
2808436,2012,2013,8
2808446,2013,2013,8
2808457,2015,2013,8
2808467,2012,2013,8
2808477,2013,2013,8
2808487,2020,2013,8
2808497,2013,2013,8
2808508,2011,2013,8
SIM
2808528,771,750,27
2808538,759,751,26
2808548,748,750,27
2808559,755,750,27
2808569,746,750,27
2808579,752,750,27
2808589,756,751,26
2808599,743,750,28
2808610,756,750,28
2808620,749,750,27
2808630,751,750,27
2808640,758,751,27
2808650,744,750,28
2808661,755,750,28
2808671,753,751,26
2808681,747,750,27
2808691,756,751,27
2808702,744,750,28
2808712,752,750,28
2808722,755,751,26
2808732,744,750,28
2808742,755,750,28
2808753,746,750,28
2808763,752,750,27
2808773,757,750,27
2808783,743,750,28
2808793,756,750,28
2808804,750,750,27
2808814,749,750,27
2808824,757,751,26
2808834,744,750,28
2808844,752,750,28
2808855,753,751,26
2808865,746,750,27
2808875,755,750,27
2808885,746,750,28
2808895,754,750,27
2808906,756,751,26
2808916,744,750,28
2808926,756,750,27
2808936,748,750,27
2808946,750,750,27
2808957,756,751,26
2808967,742,750,28
2808977,753,750,28
2808987,752,751,26
2808998,746,750,27
2809008,755,750,27
2809018,741,750,28
2809028,752,750,28
2809038,753,750,27
2809049,744,750,28
2809059,755,750,28
2809069,746,750,28
2809079,750,750,27
2809089,755,750,27
2809100,742,750,28
2809110,754,750,28
2809120,747,750,27
2809130,747,750,27
2809140,754,750,27
2809151,744,750,27
2809161,753,750,27
2809171,751,750,27
2809181,746,750,27
2809191,754,750,27
2809202,743,750,27
2809212,752,750,27
2809222,753,750,27
2809232,742,750,27
2809243,753,750,27
2809253,745,750,27
2809263,749,750,27
2809273,754,750,27
2809283,742,750,27
2809294,754,750,27
2809304,749,750,27
2809314,748,750,27
2809324,756,750,27
2809334,744,750,27
2809345,753,750,27
2809355,753,750,27
2809365,746,750,26
2809375,756,750,27
2809385,746,750,27
2809396,752,750,26
2809406,757,750,27
2809416,745,750,27
2809426,757,750,27
2809436,748,750,27
2809447,750,750,26
2809457,754,750,26
2809467,741,750,27
2809477,752,750,27
2809488,748,750,26
2809498,743,750,27
2809508,753,750,27
2809518,739,750,28
2809528,745,750,27
2809539,744,750,27
2809549,725,750,32
2809559,746,750,32
2809569,736,749,35
2809579,745,749,35
2809590,749,749,35
2809600,732,749,37
2809610,745,749,37
2809620,738,749,37
2809630,740,749,38
2809641,748,749,38
2809651,735,749,39
2809661,748,749,39
2809671,745,749,39
2809681,740,749,39
2809692,748,749,39
2809702,734,749,41
2809712,744,748,41
2809722,748,748,41
2809732,733,748,43
2809743,746,748,42
RIM
2809763,714,727,17
2809773,717,727,18
2809783,706,727,22
2809794,719,727,22
2809804,715,727,23
2809814,712,727,24
2809824,720,727,25
2809834,709,727,27
2809845,718,727,28
2809855,719,726,29
2809865,713,726,31
2809875,722,726,31
2809885,712,726,32
2809896,716,726,33
2809906,721,726,33
2809916,708,726,36
2809926,719,726,36
2809936,712,726,37
2809947,713,726,39
2809957,718,726,39
2809967,706,725,43
2809977,716,725,44
2809988,714,725,45
2809998,709,725,46
2810008,717,725,47
2810018,706,725,50
2810028,713,725,50
2810039,715,724,52
2810049,706,724,54
2810059,717,724,54
2810069,708,724,56
2810079,713,724,56
2810090,716,724,57
2810100,704,724,60
2810110,716,723,60
2810120,710,723,61
2810130,711,723,62
2810141,720,723,61
2810151,708,723,63
2810161,717,723,62
2810171,714,723,63
2810181,711,722,65
2810192,720,722,64
2810202,709,722,66
2810212,717,722,66
2810222,721,722,66
2810232,709,722,67
2810243,720,722,66
2810253,711,722,67
2810263,715,722,66
2810273,720,722,66
2810283,710,721,67
2810294,715,721,67
2810304,710,721,68
2810314,710,721,68
2810324,717,721,68
2810334,707,721,69
2810345,717,721,69
2810355,717,721,69
2810365,710,720,70
2810375,720,720,69
2810385,710,720,70
2810396,718,720,69
2810406,720,720,69
2810416,708,720,70
2810426,719,720,69
2810436,712,720,70
2810447,715,720,69
2810457,720,720,69
2810467,709,719,71
2810477,720,719,69
2810487,714,719,69
2810498,711,719,69
2810508,717,719,68
2810518,707,719,68
2810528,714,719,67
2810539,716,719,66
2810549,707,718,67
2810559,717,718,66
2810569,706,718,66
2810579,712,718,64
2810590,716,718,64
2810600,704,718,64
2810610,716,717,63
2810620,710,717,63
2810630,710,717,61
2810641,717,717,60
2810651,705,717,60
2810661,714,717,58
2810671,715,717,58
2810681,711,717,56
2810692,720,716,56
2810702,708,716,56
2810712,717,716,55
2810722,719,716,55
2810732,709,716,54
2810743,720,716,52
2810753,710,716,51
2810763,715,716,48
2810773,719,716,48
2810783,708,715,47
2810794,716,715,45
2810804,714,715,44
2810814,713,715,42
2810824,717,715,41
2810834,706,715,41
2810845,718,715,39
2810855,717,715,39
2810865,712,715,38
2810875,721,714,38
2810885,711,714,37
2810896,720,714,35
2810906,722,714,35
2810916,711,714,33
2810926,720,714,31
2810936,713,714,31
2810947,717,714,27
2810957,721,714,26
2810967,711,714,25
2810977,721,714,22
OSM
2810998,1995,2013,9
2811008,2008,2013,9
2811018,2009,2013,10
2811028,2010,2013,10
2811039,2014,2013,10
2811049,2014,2013,10
2811059,2015,2013,10
2811069,2011,2013,9
2811079,2013,2013,9
2811090,2013,2013,9
2811100,2011,2013,9
2811110,2011,2013,9
2811120,2011,2013,9
2811131,2014,2013,9
2811141,2013,2013,9
2811151,2016,2013,9
2811161,2015,2013,9
2811171,2015,2013,9
2811182,2015,2013,9
2811192,2015,2013,9
2811202,2015,2013,9
2811212,2014,2013,9
2811222,2014,2013,9
2811233,2012,2013,9
2811243,2013,2013,9
2811253,2012,2013,9
2811263,2012,2013,9
2811273,2011,2013,9
2811284,2013,2013,9
2811294,2016,2013,8
2811304,2015,2013,8
2811314,2013,2013,8
2811324,2013,2013,8
2811335,2012,2013,8
2811345,2012,2013,8
2811355,2011,2013,8
2811365,2011,2013,8
2811376,2012,2013,8
2811386,2011,2013,8
2811396,2014,2013,8
2811406,2014,2013,8
2811416,2014,2013,8
2811427,2014,2013,8
2811437,2016,2013,8
2811447,2015,2013,8
2811457,2014,2013,8
2811467,2013,2013,7
2811478,2012,2013,7
2811488,2010,2013,7
2811498,2011,2013,7
2811508,2012,2013,7
2811518,2011,2013,7
2811529,2016,2013,7
2811539,2015,2013,7
2811549,2014,2013,7
2811559,2014,2013,7
2811569,2012,2013,7
2811580,2013,2013,7
2811590,2011,2013,7
2811600,2011,2013,7
2811610,2011,2012,8
2811621,2012,2012,8
2811631,2013,2012,8
2811641,2014,2012,8
2811651,2016,2012,8
2811661,2017,2013,7
2811672,2015,2013,7
2811682,2016,2013,7
2811692,2015,2013,7
2811702,2014,2013,7
2811712,2015,2013,7
2811723,2018,2013,7
2811733,2012,2013,7
2811743,2010,2013,7
2811753,2010,2013,7
2811763,2012,2013,7
2811774,2014,2013,7
2811784,2017,2013,8
2811794,2016,2013,8
2811804,2015,2013,8
2811814,2015,2013,8
2811825,2014,2013,8
2811835,2012,2013,8
2811845,2010,2013,8
2811855,2009,2013,8
2811865,2012,2013,8
2811876,2017,2013,8
2811886,2012,2013,8
2811896,2012,2013,8
2811906,2016,2013,8
2811917,2016,2013,8
2811927,2016,2013,8
2811937,2014,2013,8
2811947,2014,2013,8
2811957,2016,2013,8
2811968,2013,2013,8
2811978,2015,2013,8
2811988,2012,2013,8
2811998,2015,2013,8
2812008,2013,2013,8
2812019,2011,2013,8
2812029,2012,2013,8
2812039,2014,2013,8
2812049,2013,2013,7
2812059,2014,2013,7
2812070,2014,2013,7
2812080,2014,2013,7
2812090,2013,2013,6
2812100,2012,2013,6
2812110,2014,2013,6
2812121,2010,2013,6
2812131,2012,2013,6
2812141,2011,2013,6
2812151,2013,2013,6
2812162,2012,2013,6
2812172,2015,2013,6
2812182,2014,2013,6
2812192,2015,2013,6
2812202,2015,2013,6
2812213,2016,2013,6
SIM
2812233,753,748,38
2812243,750,748,37
2812253,736,748,39
2812263,742,748,38
2812274,745,748,38
2812284,732,748,40
2812294,745,748,40
2812304,739,747,41
2812315,739,747,41
2812325,745,747,41
2812335,732,747,43
2812345,743,747,42
2812355,740,747,42
2812366,736,747,43
2812376,746,747,43
2812386,734,747,44
2812396,742,747,44
2812406,746,747,44
2812417,733,746,46
2812427,746,746,45
2812437,737,746,46
2812447,742,746,45
2812457,747,746,45
2812468,733,746,46
2812478,746,746,45
2812488,740,746,46
2812498,737,746,45
2812508,745,746,45
2812519,732,746,47
2812529,744,745,47
2812539,744,745,47
2812549,735,745,47
2812560,746,745,47
2812570,733,745,48
2812580,740,745,47
2812590,745,745,47
2812600,732,745,48
2812611,745,745,47
2812621,738,745,47
2812631,740,745,47
2812641,747,745,46
2812651,733,744,48
2812662,745,744,47
2812672,741,744,47
2812682,737,744,47
2812692,747,744,46
2812702,734,744,47
2812713,742,744,46
2812723,744,744,46
2812733,733,744,47
2812743,746,744,46
2812753,733,744,47
2812764,742,744,46
2812774,746,744,46
2812784,733,743,47
2812794,746,743,46
2812805,738,743,47
2812815,738,743,46
2812825,746,743,46
2812835,731,743,47
2812845,743,743,46
2812856,742,743,46
2812866,734,743,46
2812876,747,743,45
2812886,733,743,46
2812896,743,743,45
2812907,746,743,45
2812917,733,742,46
2812927,747,742,45
2812937,738,742,45
2812947,742,742,44
2812958,746,742,44
2812968,732,742,45
2812978,745,742,44
2812988,742,742,44
2812998,738,742,43
2813009,747,742,42
2813019,733,742,43
2813029,743,742,41
2813039,743,742,41
2813049,734,741,41
2813060,744,741,40
2813070,735,741,40
2813080,742,741,39
2813090,746,741,39
2813100,733,741,38
2813111,746,741,36
2813121,738,741,36
2813131,740,741,34
2813141,745,741,34
2813152,732,741,34
2813162,744,740,33
2813172,740,740,33
2813182,736,740,32
2813192,747,740,32
2813203,733,740,32
2813213,742,740,31
2813223,746,740,31
2813233,734,740,31
2813243,747,740,32
2813254,735,740,30
2813264,742,740,30
2813274,745,740,30
2813284,732,740,30
2813294,746,740,30
2813305,740,740,29
2813315,739,740,29
2813325,747,740,29
2813335,732,740,30
2813345,744,740,30
2813356,742,740,29
2813366,734,740,29
2813376,745,740,29
2813386,733,740,30
2813396,743,740,29
2813407,746,740,29
2813417,734,740,29
2813427,746,740,29
2813437,734,740,29
2813448,740,740,29
RIM
2813468,707,713,23
2813478,716,713,23
2813488,712,713,22
2813498,709,713,22
2813509,720,713,23
2813519,709,713,23
2813529,718,713,23
2813539,719,713,23
2813549,711,713,23
2813560,716,713,22
2813570,708,713,23
2813580,713,713,22
2813590,717,713,22
2813601,705,713,22
2813611,715,713,22
2813621,709,713,22
2813631,710,713,22
2813641,717,713,22
2813652,705,713,22
2813662,715,713,22
2813672,713,713,22
2813682,709,713,22
2813692,717,713,22
2813703,706,713,22
2813713,713,713,22
2813723,715,713,22
2813733,707,713,22
2813743,717,713,22
2813754,709,713,22
2813764,715,713,22
2813774,721,713,22
2813784,709,713,22
2813794,719,713,22
2813805,713,713,22
2813815,713,713,22
2813825,720,713,22
2813835,709,713,22
2813845,719,713,22
2813856,716,713,22
2813866,712,713,22
2813876,720,713,22
2813886,711,713,22
2813896,718,713,22
2813907,721,713,22
2813917,710,713,22
2813927,719,713,22
2813937,711,713,22
2813947,716,713,22
2813958,721,713,22
2813968,709,713,22
2813978,720,713,22
2813988,715,713,22
2813998,714,713,22
2814009,722,714,22
2814019,709,714,22
2814029,716,714,22
2814039,716,714,21
2814049,710,714,21
2814060,717,714,21
2814070,708,714,22
2814080,712,713,22
2814090,717,714,21
2814100,706,713,22
2814111,727,713,24
2814121,712,714,22
2814131,714,713,23
2814141,719,714,22
2814151,709,713,24
2814162,716,713,23
2814172,713,713,23
2814182,709,713,23
2814192,718,713,23
2814203,705,713,24
2814213,714,713,23
2814223,714,713,23
2814233,707,713,23
2814243,716,713,23
2814254,707,713,23
2814264,712,713,23
2814274,716,713,23
2814284,705,713,23
2814294,717,713,24
2814305,710,713,23
2814315,711,713,23
2814325,720,713,23
2814335,709,713,23
2814345,718,713,23
2814356,717,714,22
2814366,713,714,22
2814376,719,714,22
2814386,710,714,22
2814396,717,714,22
2814407,719,714,22
2814417,710,714,22
2814427,720,714,22
2814437,711,714,22
2814447,717,714,22
2814458,720,714,22
2814468,710,714,22
2814478,720,714,22
2814488,714,714,22
2814498,714,714,22
2814509,720,714,22
2814519,708,714,22
2814529,718,714,22
2814539,718,714,22
2814549,712,714,22
2814560,720,714,22
2814570,712,714,22
2814580,718,714,22
2814590,720,714,22
2814600,710,714,22
2814611,718,714,21
2814621,709,714,22
2814631,714,714,21
2814641,717,714,21
2814651,706,714,22
2814662,716,713,22
2814672,710,713,22
2814682,709,713,22
OSM
2814703,1997,2013,6
2814713,2012,2013,5
2814723,2014,2013,5
2814733,2014,2013,5
2814744,2016,2013,5
2814754,2013,2013,5
2814764,2013,2013,5
2814774,2021,2013,6
2814784,2011,2013,6
2814795,2011,2013,6
2814805,2024,2013,7
2814815,2013,2013,7
2814825,2012,2013,7
2814835,2027,2013,8
2814846,2014,2013,8
2814856,2011,2013,8
2814866,2016,2013,8
2814876,2014,2013,8
2814887,2012,2013,8
2814897,2009,2013,8
2814907,2010,2013,8
2814917,2012,2013,8
2814927,2011,2013,8
2814938,2012,2013,8
2814948,2027,2013,10
2814958,2016,2013,10
2814968,2015,2013,10
2814978,2016,2013,10
2814989,2013,2013,10
2814999,2011,2013,10
2815009,2012,2013,10
2815019,2011,2013,10
2815029,2014,2013,10
2815040,2018,2013,10
2815050,2012,2013,10
2815060,2014,2013,10
2815070,2010,2013,10
2815081,2011,2013,10
2815091,2023,2013,11
2815101,2012,2013,11
2815111,2016,2013,11
2815121,2014,2013,11
2815132,2014,2013,11
2815142,2025,2013,12
2815152,2014,2013,12
2815162,2015,2013,12
2815172,2010,2013,12
2815183,2014,2013,12
2815193,2013,2013,12
2815203,2016,2013,12
2815213,2013,2013,12
2815223,2016,2013,12
2815234,2013,2013,12
2815244,2013,2013,12
2815254,2015,2013,12
2815264,2015,2013,12
2815275,2016,2013,13
2815285,2015,2013,13
2815295,2014,2013,13
2815305,2014,2013,12
2815315,2011,2013,12
2815326,2025,2014,13
2815336,2012,2014,13
2815346,2017,2014,13
2815356,2015,2014,13
2815366,2015,2014,13
2815377,2013,2013,14
2815387,2012,2013,14
2815397,2014,2013,14
2815407,2014,2013,14
2815418,2015,2013,14
2815428,2016,2013,13
2815438,2012,2013,13
2815448,2013,2013,13
2815458,2011,2013,13
2815469,2024,2014,13
2815479,2013,2014,13
2815489,2016,2014,13
2815499,2014,2014,13
2815509,2015,2014,13
2815520,2011,2013,14
2815530,2010,2013,14
2815540,2013,2013,14
2815550,2013,2013,14
2815561,2017,2014,13
2815571,2014,2014,13
2815581,2015,2014,13
2815591,2027,2014,14
2815601,2012,2014,14
2815612,2011,2014,14
2815622,2012,2014,14
2815632,2023,2014,15
2815642,2012,2014,15
2815652,2016,2014,15
2815663,2014,2014,15
2815673,2013,2014,15
2815683,2014,2014,15
2815693,2012,2014,15
2815704,2011,2014,15
2815714,2013,2014,15
2815724,2013,2014,15
2815734,2014,2014,15
2815744,2014,2014,15
2815755,2015,2014,15
2815765,2020,2014,15
2815775,2012,2014,15
2815785,2015,2014,15
2815795,2011,2014,15
2815806,2024,2014,16
2815816,2013,2014,16
2815826,2017,2014,16
2815836,2014,2014,16
2815846,2016,2014,16
2815857,2010,2014,16
2815867,2012,2014,16
2815877,2016,2014,16
2815887,2015,2014,16
2815898,2014,2014,16
2815908,2015,2014,16
2815918,2014,2014,16
SIM
2815938,756,740,29
2815949,742,740,29
2815959,745,740,29
2815969,732,740,29
2815979,743,740,29
2815989,739,740,28
2816000,734,740,29
2816010,743,740,29
2816020,732,740,29
2816030,740,740,29
2816040,742,740,28
2816051,730,740,29
2816061,745,740,29
2816071,733,740,30
2816081,740,740,29
2816091,744,740,29
2816102,732,740,30
2816112,743,740,29
2816122,738,740,29
2816132,738,740,29
2816142,746,740,29
2816153,731,740,30
2816163,741,740,29
2816173,741,740,29
2816183,734,740,29
2816193,744,740,29
2816204,732,740,29
2816214,741,739,30
2816224,744,740,29
2816234,731,739,30
2816245,744,739,30
2816255,735,739,30
2816265,738,739,30
2816275,744,739,30
2816285,731,739,30
2816296,741,739,30
2816306,738,739,30
2816316,736,739,29
2816326,744,739,30
2816336,730,739,30
2816347,741,739,30
2816357,742,739,30
2816367,734,739,30
2816377,745,739,30
2816387,734,739,30
2816398,742,739,30
2816408,743,739,29
2816418,732,739,30
2816428,744,739,30
2816438,736,739,30
2816449,738,739,29
2816459,745,739,29
2816469,730,739,30
2816479,741,739,29
2816489,740,739,29
2816500,735,739,29
2816510,745,739,29
2816520,732,739,30
2816530,741,739,29
2816541,744,739,29
2816551,731,739,29
2816561,743,739,29
2816571,734,739,29
2816581,740,739,29
2816592,745,739,29
2816602,730,739,29
2816612,745,739,29
2816622,738,739,29
2816632,738,739,28
2816643,746,739,29
2816653,732,739,29
2816663,744,739,29
2816673,742,739,29
2816683,735,739,28
2816694,745,739,29
2816704,731,739,29
2816714,739,739,29
2816724,743,739,28
2816735,731,739,29
2816745,745,739,29
2816755,736,739,29
2816765,739,739,29
2816775,746,739,29
2816786,730,739,30
2816796,745,739,29
2816806,739,739,29
2816816,736,739,29
2816826,745,739,29
2816837,732,739,29
2816847,741,739,29
2816857,742,739,29
2816867,732,739,29
2816877,744,739,29
2816888,734,739,29
2816898,739,739,29
2816908,744,739,29
2816918,733,739,29
2816928,745,739,29
2816939,737,739,29
2816949,738,739,28
2816959,745,739,28
2816969,730,739,29
2816979,744,739,29
2816990,741,739,29
2817000,735,739,28
2817010,746,739,29
2817020,733,739,29
2817031,743,739,29
2817041,744,739,28
2817051,732,739,29
2817061,744,739,29
2817071,734,739,29
2817082,739,739,28
2817092,744,739,28
2817102,729,738,30
2817112,744,738,30
2817122,737,738,30
2817133,736,738,29
2817143,745,739,28
2817153,732,738,30
RIM
2817173,714,713,22
2817184,708,713,22
2817194,720,713,22
2817204,710,713,22
2817214,718,713,22
2817224,720,714,21
2817235,710,713,22
2817245,720,713,22
2817255,712,713,22
2817265,715,713,22
2817275,721,714,21
2817286,709,714,22
2817296,718,714,22
2817306,715,714,21
2817316,714,714,21
2817326,721,714,21
2817337,709,714,21
2817347,717,714,21
2817357,719,714,21
2817367,710,714,21
2817377,720,714,21
2817388,711,714,21
2817398,716,714,21
2817408,720,714,21
2817418,710,714,21
2817428,720,714,21
2817439,713,714,21
2817449,716,714,21
2817459,719,714,21
2817469,707,714,21
2817479,717,714,21
2817490,715,714,21
2817500,709,714,21
2817510,717,714,21
2817520,706,714,21
2817530,713,714,21
2817541,716,714,21
2817551,706,714,21
2817561,716,714,21
2817571,709,714,21
2817581,713,714,21
2817592,717,714,21
2817602,705,714,22
2817612,719,714,21
2817622,714,714,21
2817632,714,714,21
2817643,722,714,21
2817653,712,714,21
2817663,718,714,21
2817673,717,714,21
2817683,712,714,21
2817694,719,714,21
2817704,708,714,21
2817714,714,714,21
2817724,718,714,21
2817735,707,714,21
2817745,719,714,21
2817755,711,714,21
2817765,714,714,21
2817775,718,714,21
2817786,708,714,21
2817796,719,714,21
2817806,715,714,21
2817816,713,714,19
2817826,720,714,20
2817837,710,714,20
2817847,717,714,20
2817857,718,714,20
2817867,711,714,20
2817877,721,714,20
2817888,710,714,20
2817898,716,714,20
2817908,720,714,19
2817918,710,714,20
2817928,720,714,20
2817939,713,714,20
2817949,717,714,20
2817959,720,714,19
2817969,709,714,20
2817979,717,714,20
2817990,714,714,19
2818000,709,714,19
2818010,717,714,19
2818020,707,714,19
2818030,714,714,19
2818041,716,714,19
2818051,707,714,19
2818061,717,714,19
2818071,708,714,19
2818081,712,714,19
2818092,717,714,19
2818102,705,714,20
2818112,716,714,20
2818122,709,714,20
2818132,710,714,20
2818143,716,714,20
2818153,705,714,20
2818163,717,714,20
2818173,717,714,20
2818183,711,714,20
2818194,721,714,20
2818204,709,714,20
2818214,717,714,20
2818224,719,714,20
2818234,710,714,20
2818245,718,714,20
2818255,710,714,20
2818265,711,714,20
2818275,717,714,20
2818286,705,714,20
2818296,720,714,20
2818306,714,714,20
2818316,712,713,21
2818326,720,714,20
2818337,709,714,20
2818347,717,714,20
2818357,717,714,20
2818367,711,714,20
2818377,721,714,20
2818388,711,714,20
OSM
2818409,1998,2014,16
2818419,2011,2014,16
2818429,2015,2014,16
2818439,2019,2014,16
2818450,2017,2014,16
2818460,2012,2014,16
2818470,2010,2014,16
2818480,2012,2014,16
2818490,2013,2014,16
2818501,2013,2014,16
2818511,2015,2014,15
2818521,2015,2014,15
2818531,2013,2014,15
2818542,2014,2014,14
2818552,2012,2014,14
2818562,2011,2014,14
2818572,2014,2014,14
2818582,2014,2014,14
2818593,2018,2014,14
2818603,2015,2014,13
2818613,2015,2014,13
2818623,2016,2014,13
2818633,2014,2014,13
2818644,2012,2014,13
2818654,2011,2014,12
2818664,2012,2014,12
2818674,2013,2014,12
2818684,2024,2014,13
2818695,2015,2014,13
2818705,2018,2014,13
2818715,2013,2014,13
2818725,2015,2014,13
2818736,2011,2014,13
2818746,2016,2014,13
2818756,2012,2014,13
2818766,2014,2014,13
2818776,2014,2014,13
2818787,2014,2014,12
2818797,2015,2014,12
2818807,2013,2014,12
2818817,2012,2014,12
2818827,2011,2014,12
2818838,2010,2014,12
2818848,2013,2014,11
2818858,2012,2014,11
2818868,2015,2014,11
2818878,2014,2014,11
2818889,2013,2014,11
2818899,2014,2014,11
2818909,2015,2014,11
2818919,2010,2014,11
2818930,2013,2014,11
2818940,2015,2014,11
2818950,2014,2014,11
2818960,2015,2014,11
2818970,2015,2014,11
2818981,2014,2014,11
2818991,2011,2014,11
2819001,2011,2014,11
2819011,2012,2014,11
2819021,2014,2014,11
2819032,2020,2013,11
2819042,2015,2014,10
2819052,2015,2014,10
2819062,2014,2013,11
2819073,2013,2013,11
2819083,2011,2013,11
2819093,2014,2013,11
2819103,2013,2013,11
2819113,2015,2013,11
2819124,2014,2013,11
2819134,2015,2013,11
2819144,2015,2013,11
2819154,2013,2013,11
2819164,2015,2014,10
2819175,2013,2013,10
2819185,2011,2013,10
2819195,2014,2013,10
2819205,2014,2013,10
2819215,2015,2013,10
2819226,2016,2013,10
2819236,2023,2014,10
2819246,2014,2014,10
2819256,2016,2014,10
2819267,2012,2014,10
2819277,2013,2014,10
2819287,2014,2014,10
2819297,2016,2013,9
2819307,2017,2013,9
2819318,2014,2013,9
2819328,2016,2014,8
2819338,2019,2013,9
2819348,2014,2014,8
2819358,2013,2013,9
2819369,2012,2013,9
2819379,2012,2013,9
2819389,2011,2013,9
2819399,2012,2013,9
2819409,2011,2013,9
2819420,2012,2013,9
2819430,2013,2013,9
2819440,2014,2013,9
2819450,2016,2013,9
2819460,2015,2013,9
2819471,2015,2013,9
2819481,2019,2013,9
2819491,2013,2013,9
2819501,2013,2013,9
2819512,2021,2013,8
2819522,2011,2013,8
2819532,2013,2013,8
2819542,2012,2013,8
2819552,2012,2013,8
2819563,2028,2013,10
2819573,2011,2013,10
2819583,2012,2013,10
2819593,2022,2014,10
2819603,2012,2013,11
2819614,2015,2013,11
2819624,2016,2014,10
SIM
2819644,763,738,32
2819654,734,738,32
2819665,741,738,32
2819675,744,738,32
2819685,732,738,32
2819695,745,738,32
2819705,735,738,32
2819716,740,738,32
2819726,746,739,31
2819736,731,738,33
2819746,745,739,32
2819756,739,739,31
2819767,737,739,31
2819777,744,739,31
2819787,732,739,31
2819797,742,739,31
2819808,742,739,31
2819818,734,739,31
2819828,746,739,31
2819838,734,739,32
2819848,741,739,31
2819859,745,739,31
2819869,731,739,31
2819879,744,739,32
2819889,736,739,31
2819899,739,739,31
2819910,745,739,31
2819920,730,739,32
2819930,743,739,32
2819940,739,739,31
2819950,736,739,31
2819961,747,739,31
2819971,733,739,32
2819981,742,739,32
2819991,744,739,31
2820001,734,739,31
2820012,744,739,32
2820022,734,739,32
2820032,739,739,32
2820042,745,739,31
2820053,730,739,32
2820063,743,739,32
2820073,736,739,32
2820083,736,739,32
2820093,746,739,32
2820104,733,739,32
2820114,743,739,32
2820124,742,739,32
2820134,734,739,32
2820144,744,739,32
2820155,733,739,32
2820165,741,739,32
2820175,745,739,31
2820185,733,739,32
2820195,744,739,32
2820206,736,739,32
2820216,740,739,32
2820226,744,739,31
2820236,731,739,32
2820247,745,739,32
2820257,738,739,31
2820267,736,739,31
2820277,745,739,31
2820287,732,739,32
2820298,744,739,32
2820308,743,739,31
2820318,733,739,31
2820328,744,739,31
2820338,733,739,32
2820349,739,739,31
2820359,744,739,31
2820369,733,739,31
2820379,746,739,32
2820390,736,739,31
2820400,737,739,31
2820410,744,739,31
2820420,730,739,32
2820430,743,739,32
2820441,740,739,31
2820451,735,739,31
2820461,746,739,31
2820471,733,739,31
2820481,741,739,31
2820492,746,739,31
2820502,734,739,31
2820512,746,739,31
2820522,734,739,31
2820532,742,739,31
2820543,744,739,31
2820553,730,739,32
2820563,744,739,32
2820573,739,739,31
2820584,737,739,31
2820594,743,739,31
2820604,731,739,32
2820614,742,739,31
2820624,741,739,31
2820635,733,739,31
2820645,747,739,32
2820655,735,739,32
2820665,743,739,32
2820675,746,739,31
2820686,731,739,32
2820696,745,739,32
2820706,737,739,32
2820716,741,739,31
2820726,745,739,31
2820737,732,739,32
2820747,744,739,32
2820757,741,739,31
2820767,735,739,31
2820778,745,739,31
2820788,732,739,32
2820798,742,739,32
2820808,743,739,31
2820818,732,739,31
2820829,745,739,31
2820839,733,739,32
2820849,741,739,31
2820859,746,739,31
RIM
2820879,716,714,20
2820890,711,714,20
2820900,713,714,20
2820910,720,714,20
2820920,709,714,20
2820931,718,714,20
2820941,716,714,20
2820951,712,714,19
2820961,721,714,20
2820971,710,714,20
2820982,717,714,20
2820992,720,714,20
2821002,710,714,20
2821012,720,714,20
2821022,712,714,20
2821033,716,714,20
2821043,720,714,20
2821053,706,714,20
2821063,717,714,20
2821073,712,714,20
2821084,711,714,20
2821094,718,714,20
2821104,707,714,20
2821114,715,714,20
2821124,713,714,20
2821135,707,713,21
2821145,716,713,21
2821155,708,713,21
2821165,712,713,21
2821175,715,713,20
2821186,705,713,21
2821196,719,713,21
2821206,713,713,21
2821216,715,713,21
2821226,719,713,21
2821237,709,713,21
2821247,716,713,21
2821257,713,714,19
2821267,709,713,20
2821277,717,714,19
2821288,707,713,21
2821298,713,713,21
2821308,715,714,19
2821318,707,713,20
2821328,717,713,20
2821339,708,713,20
2821349,712,713,20
2821359,717,713,20
2821369,705,713,20
2821379,716,713,20
2821390,712,713,20
2821400,715,713,20
2821410,719,713,20
2821420,708,713,20
2821431,718,713,20
2821441,716,713,20
2821451,712,713,20
2821461,721,713,20
2821472,708,713,20
2821482,718,713,20
2821492,717,713,20
2821502,706,713,20
2821512,717,713,21
2821523,710,713,21
2821533,712,713,20
2821543,718,713,20
2821553,705,713,21
2821563,718,713,21
2821574,716,713,21
2821584,712,713,20
2821594,721,713,21
2821604,709,713,21
2821615,718,713,21
2821625,720,713,21
2821635,711,713,21
2821645,722,713,21
2821655,712,713,21
2821666,715,713,21
2821676,720,713,21
2821686,709,713,21
2821696,720,713,21
2821706,714,713,21
2821717,716,713,21
2821727,721,713,21
2821737,709,713,22
2821747,718,713,22
2821757,714,713,21
2821768,711,713,21
2821778,717,713,21
2821788,706,713,22
2821798,714,713,22
2821808,717,713,21
2821819,707,713,21
2821829,717,713,21
2821839,707,713,22
2821849,712,713,22
2821859,717,713,21
2821870,706,713,21
2821880,720,713,22
2821890,713,713,22
2821900,713,713,21
2821910,720,713,21
2821921,709,713,21
2821931,715,713,21
2821941,715,713,21
2821951,708,713,21
2821961,717,713,21
2821972,708,713,21
2821982,712,713,21
2821992,715,713,21
2822002,705,713,21
2822012,716,713,21
2822023,709,713,21
2822033,711,713,21
2822043,716,713,21
2822053,705,713,21
2822063,715,713,21
2822074,715,713,21
2822084,713,713,20
2822094,719,713,21
OSM
2822115,1999,2014,9
2822125,2012,2014,9
2822135,2013,2014,9
2822145,2013,2013,10
2822156,2011,2013,10
2822166,2014,2013,10
2822176,2013,2013,10
2822186,2015,2013,10
2822196,2015,2013,10
2822207,2012,2013,10
2822217,2012,2013,10
2822227,2011,2013,10
2822237,2011,2013,10
2822248,2013,2013,10
2822258,2015,2013,10
2822268,2016,2013,10
2822278,2016,2013,10
2822288,2020,2014,9
2822299,2013,2013,10
2822309,2016,2013,10
2822319,2014,2013,10
2822329,2017,2013,10
2822340,2013,2013,10
2822350,2012,2013,10
2822360,2010,2013,10
2822370,2011,2013,10
2822380,2013,2013,10
2822391,2014,2013,9
2822401,2014,2013,9
2822411,2015,2013,9
2822421,2014,2013,9
2822431,2015,2013,9
2822442,2015,2013,9
2822452,2013,2013,9
2822462,2012,2013,9
2822472,2013,2013,9
2822482,2015,2013,9
2822493,2015,2013,9
2822503,2014,2013,9
2822513,2016,2013,9
2822523,2015,2013,9
2822534,2014,2013,9
2822544,2012,2013,9
2822554,2014,2013,9
2822564,2013,2013,9
2822574,2011,2013,9
2822585,2011,2013,9
2822595,2012,2013,9
2822605,2011,2013,9
2822615,2012,2013,9
2822625,2013,2013,9
2822636,2014,2013,9
2822646,2017,2013,9
2822656,2016,2013,9
2822666,2014,2013,9
2822676,2015,2013,9
2822687,2012,2013,9
2822697,2011,2013,9
2822707,2012,2013,9
2822717,2013,2013,9
2822727,2013,2013,9
2822738,2027,2013,10
2822748,2013,2013,10
2822758,2015,2013,10
2822768,2016,2013,10
2822779,2014,2013,10
2822789,2012,2013,10
2822799,2011,2013,10
2822809,2010,2013,11
2822819,2012,2013,11
2822830,2013,2013,11
2822840,2014,2013,11
2822850,2015,2013,11
2822860,2020,2013,11
2822870,2011,2013,11
2822881,2012,2013,11
2822891,2015,2013,11
2822901,2013,2013,11
2822911,2016,2013,11
2822921,2015,2013,11
2822932,2020,2013,11
2822942,2012,2013,10
2822952,2012,2013,10
2822962,2011,2013,10
2822973,2012,2013,10
2822983,2011,2013,10
2822993,2014,2013,10
2823003,2014,2013,10
2823013,2016,2013,10
2823024,2017,2013,10
2823034,2012,2013,10
2823044,2011,2013,10
2823054,2011,2013,10
2823064,2016,2013,10
2823075,2014,2013,10
2823085,2015,2013,10
2823095,2014,2013,10
2823105,2017,2013,10
2823116,2013,2013,10
2823126,2011,2013,10
2823136,2016,2013,10
2823146,2013,2013,10
2823156,2016,2013,10
2823167,2014,2013,10
2823177,2016,2013,10
2823187,2015,2013,10
2823197,2016,2013,10
2823207,2012,2013,10
2823218,2011,2013,10
2823228,2016,2013,10
2823238,2014,2013,10
2823248,2014,2013,10
2823259,2012,2013,10
2823269,2010,2013,8
2823279,2013,2013,8
2823289,2013,2013,8
2823299,2013,2013,7
2823310,2016,2013,7
2823320,2013,2013,7
2823330,2015,2013,7
SIM
2823350,758,739,30
2823361,749,739,30
2823371,733,739,30
2823381,744,739,30
2823391,743,739,30
2823401,736,739,30
2823412,746,739,30
2823422,733,739,31
2823432,743,739,30
2823442,746,739,30
2823452,735,739,30
2823463,745,739,30
2823473,733,739,31
2823483,740,739,30
2823493,746,739,30
2823503,730,739,31
2823514,743,739,31
2823524,737,739,31
2823534,738,739,30
2823544,746,739,31
2823554,734,739,31
2823565,744,739,31
2823575,742,739,30
2823585,736,739,30
2823595,744,739,30
2823605,732,739,31
2823616,740,739,30
2823626,745,739,30
2823636,732,739,30
2823646,746,739,31
2823657,737,739,31
2823667,740,739,30
2823677,746,739,30
2823687,733,739,30
2823697,744,739,30
2823708,740,739,30
2823718,737,739,30
2823728,747,739,30
2823738,732,739,31
2823748,742,739,31
2823759,742,739,30
2823769,732,739,30
2823779,746,739,31
2823789,734,739,31
2823799,739,739,30
2823810,745,739,30
2823820,732,739,31
2823830,746,739,31
2823840,737,739,31
2823850,741,739,31
2823861,745,739,31
2823871,732,739,31
2823881,743,739,31
2823891,740,739,30
2823901,734,739,30
2823912,744,739,31
2823922,731,739,31
2823932,741,739,31
2823942,743,739,31
2823953,735,739,30
2823963,747,739,31
2823973,736,739,31
2823983,741,739,31
2823993,746,739,31
2824004,732,739,31
2824014,745,739,31
2824024,739,739,31
2824034,738,739,30
2824044,746,739,31
2824055,731,739,31
2824065,742,739,31
2824075,742,739,31
2824085,734,739,31
2824095,745,739,31
2824106,732,739,31
2824116,742,739,31
2824126,746,739,31
2824136,733,739,31
2824146,746,739,31
2824157,736,739,31
2824167,740,739,31
2824177,746,739,31
2824187,731,739,31
2824198,743,739,31
2824208,742,739,31
2824218,736,739,31
2824228,747,739,31
2824238,733,739,31
2824249,743,739,31
2824259,745,739,31
2824269,734,739,31
2824279,745,739,31
2824289,733,739,31
2824300,740,739,31
2824310,745,739,31
2824320,731,739,32
2824330,745,739,32
2824340,736,739,32
2824351,737,739,31
2824361,746,739,31
2824371,732,739,32
2824381,745,739,31
2824391,740,739,31
2824402,735,739,31
2824412,747,739,31
2824422,731,739,32
2824432,740,739,32
2824442,744,739,31
2824453,732,739,32
2824463,745,739,32
2824473,733,739,32
2824483,740,739,32
2824494,745,739,32
2824504,731,739,32
2824514,745,739,32
2824524,739,739,32
2824534,738,739,31
2824545,746,739,32
2824555,732,739,32
2824565,743,739,32
RIM
2824585,708,713,21
2824595,717,713,21
2824606,707,713,21
2824616,715,713,21
2824626,717,713,21
2824636,709,713,21
2824647,719,713,21
2824657,712,713,21
2824667,714,713,20
2824677,720,713,21
2824687,708,713,21
2824698,720,713,21
2824708,717,713,21
2824718,714,713,20
2824728,721,713,21
2824738,709,713,21
2824749,718,713,21
2824759,720,713,21
2824769,711,713,21
2824779,720,713,21
2824789,711,713,21
2824800,718,713,21
2824810,721,713,21
2824820,709,713,21
2824830,720,713,22
2824840,714,713,22
2824851,715,713,22
2824861,721,713,22
2824871,709,713,22
2824881,720,713,22
2824891,717,714,21
2824902,714,714,21
2824912,719,714,21
2824922,708,713,22
2824932,715,713,22
2824942,716,714,21
2824953,707,713,22
2824963,717,713,22
2824973,708,713,22
2824983,713,713,22
2824993,717,714,21
2825004,705,713,22
2825014,716,713,23
2825024,712,714,21
2825034,710,713,22
2825044,717,714,21
2825055,706,713,22
2825065,714,713,22
2825075,714,714,21
2825085,707,713,22
2825095,717,713,22
2825106,707,713,22
2825116,713,713,22
2825126,716,713,22
2825136,706,713,22
2825146,717,713,22
2825157,709,713,22
2825167,715,713,22
2825177,720,713,22
2825187,709,713,22
2825197,719,713,22
2825208,715,713,22
2825218,713,713,22
2825228,721,713,22
2825238,710,713,22
2825248,717,713,22
2825259,719,714,21
2825269,710,713,22
2825279,719,713,22
2825289,707,713,22
2825299,714,713,22
2825310,717,713,22
2825320,708,713,22
2825330,719,713,22
2825340,712,713,22
2825351,715,713,21
2825361,720,713,21
2825371,708,713,22
2825381,720,713,22
2825391,718,713,22
2825402,712,713,21
2825412,720,713,22
2825422,710,713,22
2825432,718,713,21
2825442,719,713,21
2825453,711,713,21
2825463,721,713,22
2825473,712,713,22
2825483,717,713,22
2825493,720,714,21
2825504,710,713,22
2825514,721,714,21
2825524,714,714,21
2825534,712,714,21
2825544,719,714,21
2825555,707,714,21
2825565,716,714,21
2825575,714,714,20
2825585,708,714,20
2825595,718,714,21
2825606,707,714,21
2825616,714,713,22
2825626,716,714,20
2825636,706,713,22
2825646,717,713,22
2825657,708,713,22
2825667,712,713,22
2825677,717,714,21
2825687,704,713,22
2825697,716,713,23
2825708,711,714,21
2825718,710,713,22
2825728,717,714,21
2825738,705,713,23
2825748,715,713,22
2825759,715,714,21
2825769,708,714,21
2825779,717,714,21
2825789,706,713,23
2825799,713,713,22
OSM
2825820,1994,2013,9
2825830,2009,2013,9
2825840,2009,2013,9
2825850,2013,2013,9
2825861,2013,2013,9
2825871,2017,2013,9
2825881,2016,2013,9
2825891,2014,2013,9
2825901,2016,2013,9
2825912,2015,2013,9
2825922,2013,2013,9
2825932,2013,2013,9
2825942,2012,2013,9
2825952,2011,2013,9
2825963,2011,2013,9
2825973,2014,2013,9
2825983,2013,2013,9
2825993,2012,2013,9
2826004,2015,2013,9
2826014,2011,2013,9
2826024,2012,2013,9
2826034,2011,2013,8
2826044,2013,2013,8
2826055,2010,2013,9
2826065,2013,2013,8
2826075,2014,2013,8
2826085,2015,2013,8
2826095,2016,2013,9
2826106,2013,2013,9
2826116,2015,2013,9
2826126,2014,2013,9
2826136,2014,2013,8
2826146,2013,2013,8
2826157,2013,2013,8
2826167,2014,2013,8
2826177,2012,2013,8
2826187,2016,2013,9
2826198,2015,2013,9
2826208,2015,2013,9
2826218,2015,2013,8
2826228,2015,2013,8
2826238,2014,2013,8
2826249,2014,2013,8
2826259,2019,2013,9
2826269,2013,2013,9
2826279,2013,2013,9
2826289,2010,2013,9
2826300,2012,2013,9
2826310,2011,2013,9
2826320,2013,2013,9
2826330,2012,2013,9
2826340,2013,2013,9
2826351,2014,2013,9
2826361,2015,2013,9
2826371,2014,2013,9
2826381,2014,2013,9
2826391,2013,2013,9
2826402,2014,2013,9
2826412,2012,2013,9
2826422,2014,2013,9
2826432,2014,2013,9
2826443,2017,2013,7
2826453,2013,2013,7
2826463,2014,2013,7
2826473,2014,2013,7
2826483,2015,2013,7
2826494,2014,2013,7
2826504,2014,2013,7
2826514,2019,2013,7
2826524,2013,2013,7
2826534,2012,2013,7
2826545,2011,2013,7
2826555,2010,2013,7
2826565,2012,2013,7
2826575,2013,2013,7
2826585,2013,2013,7
2826596,2017,2013,7
2826606,2013,2013,7
2826616,2014,2013,7
2826626,2014,2013,7
2826636,2014,2013,6
2826647,2014,2013,6
2826657,2012,2013,6
2826667,2011,2013,6
2826677,2011,2013,6
2826688,2012,2013,6
2826698,2013,2013,6
2826708,2014,2013,6
2826718,2013,2013,6
2826728,2011,2013,6
2826739,2010,2013,6
2826749,2012,2013,6
2826759,2012,2013,6
2826769,2012,2013,6
2826779,2014,2013,6
2826790,2014,2013,6
2826800,2015,2013,6
2826810,2016,2013,6
2826820,2016,2013,6
2826830,2015,2013,6
2826841,2012,2013,6
2826851,2013,2013,6
2826861,2012,2013,6
2826871,2011,2013,6
2826881,2012,2013,6
2826892,2018,2013,6
2826902,2015,2013,6
2826912,2013,2013,6
2826922,2012,2013,6
2826933,2015,2013,6
2826943,2012,2013,6
2826953,2012,2013,6
2826963,2011,2013,6
2826973,2012,2013,6
2826984,2013,2013,6
2826994,2013,2013,6
2827004,2013,2013,6
2827014,2013,2013,6
2827024,2014,2013,6
2827035,2015,2013,6
SIM
2827055,760,739,32
2827065,755,739,34
2827075,752,740,34
2827086,745,740,34
2827096,755,740,36
2827106,742,740,35
2827116,750,740,36
2827126,754,740,37
2827137,744,740,37
2827147,752,740,38
2827157,742,740,38
2827167,748,740,38
2827177,753,740,39
2827188,742,740,39
2827198,753,740,40
2827208,749,740,40
2827218,748,741,40
2827228,756,741,41
2827239,743,741,41
2827249,751,741,42
2827259,750,741,42
2827269,743,741,42
2827280,754,741,44
2827290,742,741,43
2827300,750,741,44
2827310,755,741,45
2827320,742,741,45
2827331,754,741,46
2827341,745,741,46
2827351,750,741,46
2827361,753,742,46
2827371,741,742,46
2827382,752,742,47
2827392,750,742,47
2827402,746,742,47
2827412,754,742,48
2827422,741,742,48
2827433,750,742,48
2827443,751,742,48
2827453,743,742,48
2827463,753,742,49
2827473,743,742,48
2827484,750,742,48
2827494,754,743,48
2827504,742,743,48
2827514,753,743,49
2827524,747,743,48
2827535,749,743,48
2827545,754,743,49
2827555,743,743,49
2827565,753,743,49
2827576,750,743,49
2827586,745,743,49
2827596,756,743,50
2827606,743,743,50
2827616,753,743,50
2827627,755,744,49
2827637,743,744,49
2827647,754,744,50
2827657,745,744,49
2827667,749,744,49
2827678,753,744,49
2827688,740,744,49
2827698,751,744,50
2827708,747,744,49
2827718,747,744,49
2827729,754,744,49
2827739,741,744,49
2827749,752,744,50
2827759,751,745,47
2827769,746,745,47
2827780,756,745,48
2827790,743,745,47
2827800,750,745,48
2827810,754,745,47
2827821,742,745,47
2827831,752,745,47
2827841,746,745,46
2827851,750,745,46
2827861,754,745,46
2827872,742,745,46
2827882,752,745,47
2827892,751,746,44
2827902,746,746,44
2827912,755,746,44
2827923,742,746,44
2827933,751,746,44
2827943,754,746,43
2827953,743,746,43
2827963,753,746,43
2827974,743,746,42
2827984,749,746,42
2827994,753,746,41
2828004,741,746,41
2828014,754,746,42
2828025,746,747,39
2828035,748,747,39
2828045,755,747,38
2828055,743,747,38
2828065,753,747,38
2828076,752,747,36
2828086,745,747,36
2828096,755,747,36
2828106,742,747,35
2828117,750,747,36
2828127,753,747,34
2828137,742,747,34
2828147,754,747,34
2828157,745,748,31
2828168,749,748,31
2828178,754,748,29
2828188,740,748,29
2828198,752,748,29
2828208,748,748,27
2828219,746,748,27
2828229,753,748,26
2828239,741,748,26
2828249,751,748,26
2828259,752,748,24
2828270,743,748,24
RIM
2828290,727,714,23
2828300,732,714,25
2828310,734,714,28
2828321,726,714,29
2828331,734,714,33
2828341,729,714,34
2828351,731,714,37
2828361,735,715,39
2828372,725,715,40
2828382,733,715,42
2828392,728,715,43
2828402,727,715,44
2828412,733,715,47
2828423,723,715,47
2828433,728,715,49
2828443,730,715,50
2828453,722,716,49
2828463,731,716,51
2828474,723,716,51
2828484,727,716,52
2828494,731,716,54
2828504,721,716,54
2828514,730,716,56
2828525,727,716,56
2828535,728,716,57
2828545,734,716,60
2828555,724,716,60
2828565,732,717,61
2828576,732,717,63
2828586,727,717,63
2828596,734,717,66
2828606,725,717,66
2828616,733,717,68
2828627,735,717,70
2828637,723,717,71
2828647,731,718,71
2828657,724,718,70
2828668,728,718,71
2828678,732,718,72
2828688,725,718,72
2828698,733,718,74
2828708,731,718,74
2828719,729,719,74
2828729,734,719,75
2828739,725,719,75
2828749,732,719,76
2828759,733,719,76
2828770,726,719,77
2828780,736,720,78
2828790,726,720,77
2828800,732,720,78
2828810,735,720,78
2828821,724,720,78
2828831,734,720,80
2828841,729,720,79
2828851,727,721,78
2828861,732,721,78
2828872,720,721,77
2828882,729,721,78
2828892,726,721,77
2828902,725,721,77
2828912,731,721,77
2828923,723,721,77
2828933,728,721,77
2828943,728,721,77
2828953,723,722,76
2828963,730,722,76
2828974,721,722,75
2828984,727,722,75
2828994,731,722,74
2829004,721,722,73
2829014,730,722,74
2829025,728,722,72
2829035,729,722,73
2829045,734,723,72
2829055,723,723,71
2829065,731,723,72
2829076,731,723,70
2829086,728,723,71
2829096,734,723,71
2829106,726,723,70
2829116,731,723,71
2829127,734,724,69
2829137,723,724,69
2829147,732,724,69
2829157,723,724,68
2829168,727,724,68
2829178,731,724,67
2829188,723,724,67
2829198,734,724,67
2829208,728,724,66
2829219,728,724,66
2829229,734,725,65
2829239,726,725,64
2829249,732,725,64
2829259,732,725,61
2829270,727,725,61
2829280,733,725,60
2829290,726,725,58
2829300,732,725,58
2829310,734,726,54
2829321,725,726,53
2829331,735,726,53
2829341,729,726,50
2829351,728,726,49
2829361,732,726,47
2829372,721,727,44
2829382,730,727,44
2829392,727,727,39
2829402,725,727,38
2829412,731,727,36
2829423,723,727,34
2829433,729,727,33
2829443,727,727,29
2829453,722,728,27
2829463,731,728,26
2829474,721,728,23
2829484,728,728,22
2829494,730,728,18
2829504,720,728,16
OSM
2829525,1998,2013,5
2829535,2013,2013,5
2829545,2015,2013,5
2829555,2014,2013,5
2829566,2013,2013,5
2829576,2014,2013,5
2829586,2011,2013,4
2829596,2017,2013,5
2829606,2014,2013,5
2829617,2012,2013,5
2829627,2012,2013,5
2829637,2010,2013,5
2829647,2014,2013,5
2829657,2014,2013,5
2829668,2014,2013,5
2829678,2016,2013,5
2829688,2016,2013,5
2829698,2016,2013,5
2829708,2015,2013,5
2829719,2013,2013,5
2829729,2013,2013,5
2829739,2010,2013,5
2829749,2013,2013,5
2829760,2012,2013,5
2829770,2011,2013,5
2829780,2014,2013,5
2829790,2016,2013,5
2829800,2014,2013,5
2829811,2017,2013,5
2829821,2013,2013,5
2829831,2012,2013,5
2829841,2010,2013,5
2829851,2011,2013,5
2829862,2014,2013,5
2829872,2014,2013,5
2829882,2013,2013,5
2829892,2017,2013,5
2829902,2014,2013,5
2829913,2016,2013,5
2829923,2015,2013,5
2829933,2017,2013,5
2829943,2015,2013,5
2829954,2013,2013,5
2829964,2013,2013,5
2829974,2011,2013,5
2829984,2014,2013,5
2829994,2011,2013,5
2830005,2013,2013,5
2830015,2018,2013,5
2830025,2014,2013,5
2830035,2011,2013,5
2830045,2012,2013,5
2830056,2011,2013,5
2830066,2013,2013,5
2830076,2012,2013,5
2830086,2013,2013,5
2830096,2017,2013,5
2830107,2015,2013,5
2830117,2014,2013,5
2830127,2016,2013,5
2830137,2014,2013,5
2830148,2014,2013,5
2830158,2012,2013,5
2830168,2011,2013,5
2830178,2012,2013,5
2830188,2014,2013,5
2830199,2014,2013,5
2830209,2012,2013,5
2830219,2014,2013,5
2830229,2013,2013,5
2830239,2010,2013,5
2830250,2010,2013,5
2830260,2011,2013,5
2830270,2013,2013,5
2830280,2012,2013,5
2830290,2016,2013,5
2830301,2016,2013,5
2830311,2015,2013,5
2830321,2015,2013,5
2830331,2016,2013,5
2830342,2015,2013,5
2830352,2013,2013,5
2830362,2010,2013,5
2830372,2010,2013,5
2830382,2013,2013,5
2830393,2013,2013,5
2830403,2013,2013,5
2830413,2015,2013,5
2830423,2013,2013,5
2830433,2013,2013,5
2830444,2014,2013,5
2830454,2011,2013,5
2830464,2013,2013,5
2830474,2011,2013,5
2830484,2013,2013,5
2830495,2014,2013,5
2830505,2011,2013,5
2830515,2016,2013,5
2830525,2014,2013,5
2830535,2016,2013,5
2830546,2016,2013,5
2830556,2014,2013,5
2830566,2013,2013,5
2830576,2012,2013,5
2830587,2020,2013,5
2830597,2012,2013,5
2830607,2012,2013,5
2830617,2011,2013,5
2830627,2014,2013,5
2830638,2014,2013,5
2830648,2014,2013,5
2830658,2013,2013,5
2830668,2012,2013,5
2830678,2011,2013,5
2830689,2011,2013,5
2830699,2015,2013,5
2830709,2013,2013,5
2830719,2012,2013,5
2830729,2017,2013,5
2830740,2013,2013,5
SIM
2830760,769,748,26
2830770,746,748,26
2830780,756,748,26
2830791,745,748,26
2830801,751,748,26
2830811,756,748,26
2830821,743,748,26
2830831,756,748,27
2830842,748,748,27
2830852,750,748,26
2830862,755,749,25
2830872,743,749,26
2830882,755,749,26
2830893,750,749,26
2830903,745,749,26
2830913,754,749,26
2830923,743,749,26
2830934,750,748,27
2830944,752,749,25
2830954,744,749,26
2830964,754,749,26
2830974,744,749,26
2830985,753,749,26
2830995,756,749,26
2831005,743,749,26
2831015,755,749,26
2831025,748,749,26
2831036,748,749,25
2831046,754,749,25
2831056,743,749,26
2831066,753,749,26
2831076,751,749,25
2831087,746,749,25
2831097,756,749,26
2831107,743,749,26
2831117,751,749,26
2831127,754,749,25
2831138,743,749,26
2831148,753,749,26
2831158,745,749,26
2831168,750,749,25
2831179,754,749,25
2831189,741,749,26
2831199,751,749,26
2831209,749,749,25
2831219,746,749,25
2831230,755,749,25
2831240,743,749,26
2831250,752,749,26
2831260,752,749,25
2831270,747,749,25
2831281,754,749,25
2831291,744,749,26
2831301,750,749,25
2831311,755,749,25
2831321,744,749,25
2831332,755,749,25
2831342,748,749,25
2831352,749,749,25
2831362,756,749,25
2831372,743,749,25
2831383,753,749,25
2831393,749,749,25
2831403,745,749,25
2831413,752,749,25
2831424,741,749,25
2831434,751,749,25
2831444,752,749,25
2831454,743,749,25
2831464,753,749,25
2831475,744,749,25
2831485,751,749,25
2831495,756,749,25
2831505,743,749,25
2831515,755,749,25
2831526,748,749,25
2831536,748,749,25
2831546,753,749,25
2831556,743,749,25
2831566,751,749,25
2831577,749,749,25
2831587,744,749,25
2831597,752,749,25
2831607,744,749,25
2831617,750,749,25
2831628,754,749,24
2831638,743,749,25
2831648,753,749,25
2831658,746,749,24
2831668,751,749,24
2831679,756,749,24
2831689,743,749,25
2831699,754,749,25
2831709,749,749,24
2831719,746,749,24
2831730,754,749,24
2831740,742,749,25
2831750,751,749,24
2831760,751,749,24
2831771,745,749,24
2831781,753,749,24
2831791,745,749,24
2831801,752,749,24
2831811,755,749,24
2831822,743,749,24
2831832,755,749,24
2831842,746,749,24
2831852,748,749,24
2831862,754,749,24
2831873,742,749,24
2831883,751,749,24
2831893,750,749,23
2831903,747,749,23
2831913,754,749,23
2831924,744,749,24
2831934,751,749,24
2831944,755,749,23
2831954,745,749,23
2831964,753,749,23
2831975,744,749,23
RIM
2831995,732,728,17
2832005,722,728,17
2832015,731,728,16
2832026,729,728,16
2832036,729,728,16
2832046,734,728,16
2832056,725,728,16
2832066,732,728,16
2832077,731,728,16
2832087,728,728,16
2832097,735,728,16
2832107,726,728,16
2832117,730,728,16
2832128,734,728,16
2832138,730,728,16
2832148,735,728,17
2832158,729,728,16
2832168,731,728,16
2832179,731,728,16
2832189,723,728,16
2832199,729,728,16
2832209,727,728,16
2832220,724,728,16
2832230,730,728,16
2832240,723,728,16
2832250,729,728,16
2832260,729,728,16
2832271,722,728,16
2832281,729,728,16
2832291,722,728,16
2832301,727,728,16
2832311,730,728,16
2832322,721,728,16
2832332,729,728,16
2832342,726,728,16
2832352,730,728,16
2832362,733,728,16
2832373,724,728,16
2832383,731,728,16
2832393,731,728,16
2832403,729,728,15
2832413,734,728,16
2832424,725,728,16
2832434,731,728,16
2832444,734,728,16
2832454,726,728,16
2832464,734,728,16
2832475,728,728,16
2832485,731,728,15
2832495,732,728,15
2832505,722,728,16
2832515,729,728,15
2832526,726,728,15
2832536,725,728,15
2832546,733,728,15
2832556,725,728,15
2832566,731,728,15
2832577,732,728,15
2832587,726,728,15
2832597,733,728,15
2832607,726,728,15
2832617,732,728,15
2832628,734,728,15
2832638,726,728,15
2832648,734,728,15
2832658,727,728,15
2832668,730,728,15
2832679,732,728,15
2832689,722,728,15
2832699,728,728,15
2832709,725,728,15
2832720,724,728,15
2832730,730,728,15
2832740,723,728,15
2832750,728,728,15
2832760,729,728,14
2832771,722,728,15
2832781,730,728,15
2832791,723,728,15
2832801,728,728,15
2832811,730,728,15
2832822,722,728,15
2832832,729,728,15
2832842,725,728,14
2832852,726,728,14
2832862,730,728,14
2832873,722,728,14
2832883,729,728,14
2832893,726,728,14
2832903,724,728,14
2832913,732,728,14
2832924,725,728,14
2832934,732,728,14
2832944,732,728,14
2832954,726,728,14
2832964,734,728,14
2832975,727,728,14
2832985,730,728,14
2832995,734,728,14
2833005,725,728,14
2833015,734,728,14
2833026,728,728,14
2833036,730,728,14
2833046,731,728,14
2833056,723,728,14
2833066,729,728,14
2833077,728,728,14
2833087,724,728,14
2833097,732,728,14
2833107,725,728,14
2833117,730,728,14
2833128,733,728,14
2833138,725,728,14
2833148,733,728,14
2833158,726,728,14
2833168,730,728,14
2833179,735,728,14
2833189,726,728,14
2833199,733,728,14
2833209,730,728,13
OSM
2833230,1996,2013,6
2833240,2008,2013,6
2833250,2010,2013,6
2833260,2011,2013,6
2833271,2015,2013,6
2833281,2014,2013,6
2833291,2013,2013,6
2833301,2018,2013,6
2833311,2012,2013,6
2833322,2011,2013,6
2833332,2010,2013,6
2833342,2011,2013,6
2833352,2013,2013,6
2833363,2013,2013,6
2833373,2014,2013,6
2833383,2014,2013,6
2833393,2015,2013,6
2833403,2014,2013,6
2833414,2016,2013,6
2833424,2016,2013,6
2833434,2013,2013,6
2833444,2013,2013,6
2833454,2016,2013,6
2833465,2012,2013,6
2833475,2011,2013,6
2833485,2011,2013,6
2833495,2014,2013,6
2833505,2013,2013,6
2833516,2026,2013,7
2833526,2015,2013,8
2833536,2014,2013,8
2833546,2014,2013,7
2833556,2021,2013,8
2833567,2011,2013,8
2833577,2011,2013,8
2833587,2011,2013,8
2833597,2011,2013,8
2833608,2011,2013,8
2833618,2017,2013,8
2833628,2014,2013,8
2833638,2014,2013,8
2833648,2016,2013,8
2833659,2015,2013,8
2833669,2015,2013,8
2833679,2013,2013,8
2833689,2012,2013,8
2833699,2015,2013,8
2833710,2013,2013,8
2833720,2010,2013,8
2833730,2011,2013,8
2833740,2014,2013,8
2833750,2012,2013,8
2833761,2027,2013,9
2833771,2016,2013,9
2833781,2014,2013,9
2833791,2014,2013,9
2833801,2012,2013,9
2833812,2011,2013,9
2833822,2012,2013,9
2833832,2013,2013,9
2833842,2011,2013,9
2833853,2012,2013,9
2833863,2012,2013,9
2833873,2024,2013,10
2833883,2012,2013,10
2833893,2015,2013,10
2833904,2024,2013,11
2833914,2014,2013,11
2833924,2010,2013,11
2833934,2011,2013,11
2833944,2014,2013,11
2833955,2013,2013,11
2833965,2016,2013,11
2833975,2009,2013,11
2833985,2011,2013,11
2833995,2011,2013,11
2834006,2013,2013,11
2834016,2024,2013,12
2834026,2013,2013,12
2834036,2015,2013,12
2834047,2018,2013,12
2834057,2013,2013,12
2834067,2010,2013,12
2834077,2011,2013,12
2834087,2017,2013,13
2834098,2014,2013,13
2834108,2015,2013,13
2834118,2013,2013,13
2834128,2010,2013,13
2834138,2010,2013,13
2834149,2011,2013,13
2834159,2018,2013,13
2834169,2013,2013,13
2834179,2017,2013,13
2834190,2014,2013,13
2834200,2014,2013,13
2834210,2012,2013,13
2834220,2012,2013,13
2834230,2011,2013,13
2834241,2012,2013,13
2834251,2013,2013,13
2834261,2015,2013,13
2834271,2014,2013,13
2834281,2013,2013,13
2834292,2012,2013,12
2834302,2012,2013,12
2834312,2012,2013,12
2834322,2012,2013,12
2834333,2016,2013,12
2834343,2014,2013,12
2834353,2016,2013,13
2834363,2015,2013,13
2834373,2013,2013,13
2834384,2014,2013,13
2834394,2010,2013,13
2834404,2012,2013,13
2834414,2012,2013,13
2834424,2016,2013,13
2834435,2015,2013,13
2834445,2014,2013,13
SIM
2834465,772,749,24
2834475,749,749,24
2834486,751,749,24
2834496,755,749,24
2834506,743,749,24
2834516,753,749,24
2834526,749,749,24
2834537,747,749,23
2834547,754,749,24
2834557,742,749,24
2834567,753,749,24
2834578,753,749,24
2834588,745,749,24
2834598,755,749,24
2834608,744,749,24
2834618,751,749,24
2834629,755,749,24
2834639,746,749,24
2834649,755,749,24
2834659,748,749,24
2834669,750,749,24
2834680,755,749,24
2834690,742,749,24
2834700,752,749,24
2834710,749,749,23
2834720,746,749,23
2834731,753,749,23
2834741,742,749,24
2834751,751,749,23
2834761,753,749,23
2834771,745,749,23
2834782,756,749,24
2834792,744,749,24
2834802,750,749,23
2834812,754,749,23
2834823,742,749,24
2834833,753,749,24
2834843,748,749,23
2834853,749,749,23
2834863,756,749,23
2834874,744,749,24
2834884,754,749,24
2834894,752,749,23
2834904,746,749,23
2834914,755,749,24
2834925,743,749,24
2834935,751,749,24
2834945,753,749,23
2834955,742,749,24
2834965,752,749,24
2834976,748,749,24
2834986,749,749,23
2834996,754,749,23
2835006,742,749,24
2835016,752,749,24
2835027,749,749,23
2835037,746,749,23
2835047,753,749,23
2835057,743,749,24
2835068,752,749,23
2835078,752,749,23
2835088,745,749,23
2835098,754,749,23
2835108,745,749,23
2835119,751,749,23
2835129,755,749,23
2835139,743,749,23
2835149,755,749,24
