Polling for available serial device...
Opening serial monitor for com port: "/dev/ttyACM0"
Serial monitor opened successfully:
566262,796,792,6
566273,793,792,6
566283,793,792,6
566293,796,792,6
566303,791,792,6
566313,796,793,5
566324,794,793,5
566334,793,793,5
566344,795,793,5
566354,793,793,5
566364,794,793,5
566375,794,793,5
566385,792,793,5
566395,796,793,5
566405,792,793,5
566415,794,793,5
566426,796,793,5
566436,792,793,5
566446,795,793,5
566456,793,793,5
566466,794,793,5
566477,795,793,5
566487,792,793,5
566497,795,793,5
566507,794,793,5
566517,792,793,5
566528,795,793,5
566538,792,793,5
566548,794,793,5
566558,795,793,5
566568,791,793,5
566579,796,793,5
566589,791,793,5
566599,794,793,5
566609,795,793,5
566619,791,793,5
566630,795,793,5
566640,793,793,5
566650,793,793,5
566660,796,793,5
566670,791,793,5
566681,795,793,5
566691,794,793,5
566701,792,793,5
566711,796,793,5
566721,792,793,5
566732,794,793,5
566742,796,793,5
566752,792,793,5
566762,795,793,5
566772,792,793,5
566783,793,793,5
566793,795,793,5
566803,790,793,5
566813,796,793,5
OSM
566834,498,493,1
566844,497,493,1
566854,492,493,1
566864,494,493,1
566875,497,493,2
566885,493,493,2
566895,494,493,2
566905,493,493,2
566915,494,493,2
566926,495,493,2
566936,492,493,2
566946,494,493,2
566956,493,493,2
566966,494,493,2
566977,494,493,2
566987,492,493,2
566997,494,493,2
567007,493,493,1
567017,492,493,1
567028,494,493,1
567038,493,493,1
567048,494,493,1
567058,493,493,1
567068,492,493,1
567079,495,493,2
567089,493,493,2
567099,493,493,1
567109,494,493,1
567119,492,493,1
567130,494,493,1
567140,492,493,1
567150,493,493,1
567160,494,493,1
567170,491,493,1
567181,494,493,1
567191,494,493,1
567201,493,493,1
567211,495,493,1
567221,492,493,1
567232,493,493,1
567242,495,493,1
567252,492,493,1
567262,495,493,1
567272,493,493,1
567283,493,493,1
567293,495,493,1
567303,492,493,1
567313,495,493,1
567323,493,493,1
567334,493,493,1
567344,495,493,1
567354,492,493,1
567364,494,493,1
567374,494,493,1
567385,492,493,1
567395,494,493,1
567405,493,493,1
567415,494,493,1
567425,495,493,1
567436,492,493,1
567446,494,493,1
567456,493,493,1
567466,494,493,1
567476,495,493,1
567487,492,493,1
567497,494,493,1
567507,493,493,1
567517,493,493,1
567527,495,493,1
567538,493,493,1
567548,494,493,1
567558,494,493,1
567568,493,493,1
567578,495,493,1
567589,493,493,1
567599,494,493,1
567609,495,493,1
567619,493,493,1
567629,495,493,1
567640,493,493,1
567650,494,493,1
567660,494,493,1
567670,492,493,1
567680,494,493,1
567691,494,493,1
567701,492,493,1
567711,495,493,1
567721,492,493,1
567731,494,493,1
567742,494,493,1
567752,492,493,1
567762,495,493,1
567772,493,493,1
567782,495,493,1
567793,495,493,1
567803,491,493,1
567813,494,493,1
567823,494,493,1
567833,493,493,1
567844,495,493,1
567854,492,493,1
567864,494,493,1
567874,493,493,1
567884,493,493,1
567895,494,493,1
567905,492,493,1
567915,494,493,1
567925,494,493,1
567935,492,493,1
567946,494,493,1
567956,493,493,1
567966,493,493,1
567976,495,493,1
567986,492,493,1
567997,495,493,1
568007,493,493,1
568017,493,493,1
568027,494,493,1
568037,492,493,1
568048,494,493,1
SIM
568068,825,809,7
568078,813,809,7
568088,805,809,7
568098,811,809,7
568109,810,809,7
568119,806,809,7
568129,811,809,7
568139,807,809,7
568149,808,809,7
568160,811,809,7
568170,806,809,7
568180,811,809,7
568190,808,809,7
568200,808,809,7
568211,812,809,7
568221,805,809,7
568231,841,809,15
568241,830,809,19
568251,820,809,20
568262,825,809,22
568272,817,809,23
568282,820,810,23
568292,812,810,23
568302,806,810,23
568313,811,810,23
568323,806,810,23
568333,810,810,23
568343,811,810,23
568353,805,810,23
568364,809,810,23
568374,808,810,23
568384,806,810,23
568394,810,809,24
568404,805,809,24
568415,809,809,24
568425,810,809,24
568435,805,809,24
568445,812,809,24
568455,806,809,24
568466,810,809,24
568476,811,809,24
568486,805,809,24
568496,812,809,24
568506,809,809,24
568517,809,809,24
568527,812,809,24
568537,805,809,24
568547,811,809,24
568558,808,809,24
568568,807,809,24
568578,811,809,24
568588,806,809,24
568598,811,809,24
568609,811,809,24
568619,807,809,24
568629,811,809,24
568639,806,809,24
568649,810,809,24
568660,810,809,24
568670,804,809,24
568680,812,809,24
568690,808,809,24
568700,809,809,24
568711,811,809,24
568721,804,809,24
568731,809,809,24
568741,808,809,24
568751,806,809,24
568762,811,809,24
568772,806,809,24
568782,809,809,24
568792,810,809,24
568802,803,809,24
568813,812,809,24
568823,806,809,24
568833,808,809,24
568843,809,809,24
568853,804,809,25
568864,811,809,24
568874,808,809,24
568884,808,809,24
568894,811,809,24
568904,806,809,24
568915,809,809,24
568925,811,809,24
568935,808,809,24
568945,812,809,24
568955,806,809,24
568966,810,809,24
568976,812,809,24
568986,807,809,24
568996,811,809,24
569006,808,809,24
569017,809,809,24
569027,811,809,24
569037,806,809,24
569047,812,809,24
569057,810,809,24
569068,807,809,24
569078,812,809,24
569088,806,809,24
569098,811,809,24
569108,811,809,24
569119,807,809,24
569129,812,809,24
569139,806,809,24
569149,811,809,24
569159,811,809,24
569170,806,809,24
569180,812,809,24
569190,808,809,24
569200,809,809,24
569210,811,809,24
569221,806,809,24
569231,812,809,24
569241,810,809,24
569251,808,809,24
569261,812,809,24
569272,806,809,24
569282,810,809,24
RIM
569302,802,793,4
569312,795,793,4
569322,789,793,4
569333,792,793,4
569343,793,793,4
569353,788,793,4
569363,794,793,4
569373,791,793,4
569384,792,793,4
569394,794,793,4
569404,800,793,5
569414,794,793,5
569424,792,793,5
569435,790,793,5
569445,794,793,5
569455,790,793,5
569465,793,793,5
569475,794,793,5
569486,789,793,5
569496,795,793,5
569506,790,793,5
569516,792,793,5
569526,794,793,5
569537,788,793,5
569547,795,793,5
569557,791,793,5
569567,792,793,5
569577,794,793,5
569588,788,793,5
569598,794,793,5
569608,793,793,5
569618,791,793,5
569628,794,793,5
569639,789,793,5
569649,793,793,5
569659,795,793,5
569669,790,793,5
569679,794,793,5
569690,789,793,5
569700,793,793,5
569710,795,793,5
569720,790,793,5
569730,793,793,5
569741,791,793,5
569751,791,793,5
569761,795,793,5
569771,789,793,5
569781,793,793,5
569792,792,793,5
569802,791,793,5
569812,794,793,5
569822,791,793,5
569832,793,793,5
569843,794,793,5
569853,790,793,5
569863,794,793,5
569873,792,793,5
569883,793,793,5
569894,795,793,5
569904,801,793,5
569914,793,793,5
569924,793,793,5
569934,792,793,5
569945,793,793,5
569955,790,793,5
569965,794,793,5
569975,794,793,5
569985,789,793,5
569996,795,793,5
570006,790,793,5
570016,792,793,5
570026,795,793,5
570036,789,792,6
570047,795,792,6
570057,792,792,6
570067,791,792,6
570077,795,792,6
570087,789,792,6
570098,794,792,6
570108,793,792,6
570118,790,792,6
570128,795,792,6
570138,790,792,6
570149,791,792,6
570159,795,792,6
570169,790,792,6
570179,794,792,6
570189,791,792,6
570200,791,792,6
570210,795,792,6
570220,789,792,6
570230,795,792,6
570240,791,792,6
570251,791,792,6
570261,795,792,6
570271,789,792,6
570281,795,792,6
570291,793,792,6
570302,790,792,6
570312,795,792,6
570322,790,792,6
570332,794,792,6
570342,794,792,6
570353,788,792,6
570363,795,792,6
570373,791,792,6
570383,793,792,6
570393,795,792,6
570404,787,792,6
570414,794,792,6
570424,793,792,6
570434,792,792,6
570444,796,792,6
570455,788,792,6
570465,794,792,6
570475,793,792,6
570485,791,792,6
570495,794,792,6
570506,790,792,6
570516,794,792,6
OSM
570537,496,493,1
570547,501,493,2
570557,494,493,2
570567,494,493,2
570578,495,493,1
570588,493,493,1
570598,495,493,1
570608,494,493,1
570618,493,493,1
570629,495,493,1
570639,493,493,1
570649,495,493,1
570659,497,493,2
570669,491,493,2
570680,495,493,2
570690,493,493,2
570700,494,493,2
570710,495,493,2
570720,492,493,2
570731,494,493,2
570741,494,493,2
570751,493,493,2
570761,494,493,2
570771,492,493,2
570782,493,493,2
570792,493,493,2
570802,491,493,2
570812,494,493,2
570822,492,493,2
570833,493,493,2
570843,494,493,2
570853,492,493,2
570863,494,493,2
570873,494,493,2
570884,493,493,2
570894,494,493,2
570904,490,493,2
570914,494,493,2
570924,494,493,2
570935,493,493,2
570945,494,493,2
570955,491,493,2
570965,494,493,2
570975,493,493,2
570986,491,493,2
570996,493,493,2
571006,491,493,2
571016,493,493,2
571026,493,493,2
571037,492,493,2
571047,493,493,2
571057,492,493,2
571067,494,493,2
571077,494,493,2
571088,491,493,2
571098,494,493,2
571108,493,493,2
571118,492,493,2
571128,494,493,2
571139,496,493,2
571149,493,493,2
571159,494,493,2
571169,492,493,2
571179,493,493,2
571190,491,493,2
571200,493,493,2
571210,494,493,2
571220,492,493,2
571230,494,493,2
571241,492,493,2
571251,492,493,2
571261,493,493,2
571271,491,493,2
571281,493,493,2
571292,493,493,2
571302,492,493,2
571312,494,493,2
571322,491,493,2
571332,493,493,2
571343,495,493,2
571353,491,493,2
571363,493,493,2
571373,492,493,2
571383,492,493,2
571394,494,493,2
571404,491,493,2
571414,493,493,2
571424,493,493,2
571434,492,493,2
571445,494,493,2
571455,491,493,2
571465,494,493,2
571475,493,493,2
571485,492,493,2
571496,494,493,2
571506,491,493,2
571516,493,493,2
571526,493,493,2
571536,491,493,2
571547,494,493,2
571557,492,493,2
571567,493,493,2
571577,495,493,2
571587,491,493,2
571598,493,493,2
571608,492,493,2
571618,492,493,2
571628,494,493,2
571638,491,493,2
571649,497,493,2
571659,494,493,2
571669,492,493,2
571679,494,493,2
571689,491,493,2
571700,494,493,2
571710,495,493,2
571720,491,493,2
571730,494,493,2
571740,492,493,2
571751,495,493,2
SIM
571771,822,809,24
571781,812,809,24
571791,808,809,23
571802,806,809,23
571812,812,809,23
571822,806,809,23
571832,810,809,23
571842,811,809,23
571853,807,809,23
571863,812,809,24
571873,809,809,23
571883,810,809,23
571893,814,809,24
571904,805,809,24
571914,811,809,24
571924,808,809,24
571934,808,809,15
571944,811,809,11
571955,805,809,11
571965,810,809,8
571975,809,809,8
571985,807,808,8
571995,811,808,8
572006,806,808,8
572016,809,808,8
572026,810,808,8
572036,806,808,8
572046,811,808,8
572057,806,808,8
572067,808,808,8
572077,810,808,8
572087,806,808,8
572097,810,808,8
572108,808,808,8
572118,807,808,8
572128,810,808,8
572138,805,808,8
572148,810,808,8
572159,810,808,8
572169,806,808,8
572179,811,808,8
572189,806,808,7
572199,810,808,7
572210,813,808,8
572220,806,808,8
572230,810,808,7
572240,806,808,7
572250,809,808,7
572261,812,808,8
572271,804,808,8
572281,810,808,8
572291,808,808,8
572301,808,808,7
572312,812,808,8
572322,806,808,8
572332,809,808,8
572342,810,808,8
572352,806,808,8
572363,812,808,8
572373,807,808,7
572383,809,808,7
572393,810,808,7
572403,807,808,7
572414,813,808,8
572424,808,808,7
572434,809,808,7
572444,811,808,7
572454,806,808,7
572465,811,808,7
572475,810,809,6
572485,807,809,6
572495,811,809,6
572505,805,809,6
572516,810,809,6
572526,810,809,6
572536,805,809,6
572546,810,809,6
572556,807,809,6
572567,809,809,6
572577,810,809,6
572587,805,809,6
572597,812,809,6
572607,807,809,6
572618,810,809,6
572628,811,809,6
572638,805,809,6
572648,810,809,6
572658,808,809,6
572669,807,809,6
572679,811,808,7
572689,805,808,7
572699,809,808,7
572709,810,808,7
572720,806,808,7
572730,812,808,7
572740,806,808,7
572750,808,808,7
572760,810,808,7
572771,805,808,7
572781,811,808,7
572791,807,808,7
572801,808,808,7
572811,810,808,7
572822,806,808,7
572832,811,808,7
572842,809,808,7
572852,806,808,7
572862,811,808,7
572873,806,808,7
572883,809,808,7
572893,810,808,7
572903,804,808,7
572913,810,808,7
572924,808,808,7
572934,809,808,7
572944,810,808,7
572954,805,808,7
572964,809,808,7
572975,809,808,7
572985,808,808,7
RIM
573005,805,792,7
573015,798,792,7
573026,796,792,7
573036,793,792,7
573046,797,792,7
573056,792,792,7
573066,794,792,7
573077,797,792,7
573087,791,792,7
573097,796,792,8
573107,794,792,7
573117,794,792,7
573128,796,792,7
573138,791,792,7
573148,796,792,7
573158,794,792,7
573168,792,792,7
573179,797,792,7
573189,791,792,7
573199,795,792,7
573209,795,792,7
573219,791,792,7
573230,797,792,8
573240,791,792,7
573250,795,792,7
573260,795,792,8
573270,791,792,8
573281,796,792,8
573291,792,792,7
573301,794,792,7
573311,796,792,8
573321,790,792,8
573332,796,792,8
573342,793,793,7
573352,792,793,7
573362,795,793,7
573372,791,793,7
573383,796,793,7
573393,796,793,7
573403,791,793,7
573413,796,793,7
573423,791,793,7
573434,795,793,7
573444,795,793,7
573454,791,793,7
573464,795,793,7
573474,793,793,7
573485,794,793,7
573495,797,793,7
573505,791,793,7
573515,795,793,7
573525,795,793,7
573536,793,793,7
573546,796,793,7
573556,791,793,7
573566,794,793,7
573576,796,793,7
573587,791,793,7
573597,795,793,7
573607,792,793,6
573617,794,793,6
573627,796,793,6
573638,790,793,6
573648,795,793,7
573658,794,793,6
573668,793,793,6
573678,796,793,7
573689,790,793,6
573699,795,793,6
573709,795,793,6
573719,792,793,6
573729,796,793,6
573740,792,793,6
573750,794,793,6
573760,796,793,6
573770,790,793,6
573780,796,793,6
573791,792,793,6
573801,793,793,6
573811,796,793,6
573821,791,793,6
573831,795,793,6
573842,793,793,6
573852,792,793,6
573862,795,793,6
573872,790,793,6
573882,795,793,6
573893,795,793,6
573903,791,793,6
573913,797,793,6
573923,791,793,6
573933,794,793,6
573944,796,793,6
573954,791,793,6
573964,796,793,6
573974,793,793,6
573984,793,793,6
573995,796,793,6
574005,791,793,6
574015,795,793,6
574025,794,793,6
574035,792,793,6
574046,795,793,6
574056,792,793,6
574066,795,793,6
574076,796,793,6
574086,791,793,6
574097,795,793,6
574107,792,793,6
574117,794,793,6
574127,796,793,6
574137,790,793,6
574148,795,793,6
574158,794,793,6
574168,793,793,6
574178,797,793,6
574188,791,793,6
574199,796,793,6
574209,795,793,6
574219,793,793,6
OSM
574240,497,493,2
574250,501,493,2
574260,496,493,2
574270,492,493,2
574281,499,493,2
574291,493,493,2
574301,493,493,2
574311,495,493,2
574321,492,493,2
574332,494,493,2
574342,494,493,2
574352,493,493,2
574362,495,493,2
574372,492,493,2
574383,494,493,2
574393,495,493,2
574403,492,493,2
574413,495,493,2
574423,493,493,2
574434,493,493,2
574444,494,493,2
574454,492,493,2
574464,494,493,2
574474,493,493,2
574485,494,493,2
574495,494,493,2
574505,491,493,2
574515,494,493,2
574525,494,493,2
574536,492,493,2
574546,494,493,2
574556,492,493,2
574566,494,493,2
574576,494,493,2
574587,491,493,2
574597,495,493,2
574607,493,493,2
574617,494,493,2
574627,495,493,2
574638,492,493,2
574648,495,493,2
574658,493,493,2
574668,493,493,2
574678,494,493,2
574689,491,493,2
574699,495,493,2
574709,492,493,2
574719,490,493,2
574729,493,493,2
574740,493,493,2
574750,492,493,2
574760,493,493,2
574770,492,493,2
574780,493,493,2
574790,492,493,2
574801,493,493,2
574811,494,493,2
574821,491,493,2
574831,494,493,2
574841,494,493,2
574852,497,493,2
574862,494,493,2
574872,492,493,2
574882,494,493,2
574892,494,493,2
574903,496,493,2
574913,494,493,2
574923,492,493,2
574933,493,493,2
574943,495,493,2
574954,496,493,2
574964,493,493,2
574974,493,493,2
574984,493,493,2
574994,494,493,2
575005,493,493,2
575015,493,493,2
575025,493,493,2
575035,492,493,2
575045,494,493,2
575056,491,493,2
575066,492,493,2
575076,494,493,2
575086,492,493,2
575096,494,493,2
575107,491,493,2
575117,493,493,2
575127,495,493,2
575137,492,493,2
575147,494,493,2
575158,492,493,2
575168,492,493,2
575178,495,493,2
575188,492,493,2
575198,493,493,2
575209,493,493,2
575219,492,493,2
575229,494,493,2
575239,492,493,2
575249,493,493,2
575260,495,493,2
575270,492,493,2
575280,494,493,2
575290,492,493,2
575300,493,493,2
575311,498,493,3
575321,491,493,3
575331,494,493,3
575341,492,493,3
575351,493,493,2
575362,498,493,3
575372,492,493,3
575382,493,493,3
575392,494,493,3
575402,492,493,3
575413,499,493,3
575423,492,493,3
575433,493,493,3
575443,494,493,3
575453,492,493,3
SIM
575474,823,808,7
575484,811,808,7
575494,812,808,7
575504,806,808,7
575515,809,808,7
575525,808,808,7
575535,807,808,7
575545,812,808,7
575555,805,808,7
575566,810,808,7
575576,809,808,7
575586,806,808,7
575596,811,808,7
575606,805,808,7
575617,810,808,7
575627,811,808,7
575637,805,808,7
575647,812,808,7
575657,807,808,7
575668,809,808,7
575678,811,808,7
575688,804,808,7
575698,809,808,7
575708,809,808,7
575719,806,808,7
575729,812,808,7
575739,804,808,7
575749,811,808,7
575759,810,808,7
575770,805,808,7
575780,811,808,7
575790,805,808,7
575800,809,808,7
575810,811,808,7
575821,805,808,7
575831,811,808,7
575841,806,808,7
575851,808,808,7
575861,811,808,7
575872,806,808,7
575882,810,808,7
575892,809,808,7
575902,807,808,7
575912,811,808,7
575923,805,808,7
575933,810,808,7
575943,810,808,7
575953,807,808,7
575963,810,808,7
575974,806,808,7
575984,809,808,7
575994,810,808,7
576004,805,808,7
576014,810,808,7
576025,807,808,7
576035,807,808,7
576045,809,808,7
576055,804,808,7
576065,810,808,7
576076,808,808,7
576086,806,808,7
576096,809,808,7
576106,804,808,7
576116,807,808,7
576127,810,808,7
576137,804,808,7
576147,811,808,7
576157,805,808,7
576167,808,808,7
576178,809,808,7
576188,806,808,7
576198,809,808,7
576208,806,808,7
576218,806,808,7
576229,809,808,7
576239,804,808,7
576249,809,808,7
576259,809,808,7
576269,805,808,7
576280,810,808,7
576290,803,808,7
576300,808,808,7
576310,808,808,7
576320,802,808,7
576331,808,808,7
576341,804,808,7
576351,807,808,7
576361,808,808,7
576371,802,808,7
576382,806,808,7
576392,805,808,7
576402,804,808,7
576412,807,807,8
576422,801,807,9
576433,806,807,8
576443,805,807,8
576453,802,807,9
576463,806,807,9
576473,801,807,9
576484,805,807,9
576494,806,807,9
576504,799,807,9
576514,804,807,9
576524,801,807,10
576535,801,807,10
576545,804,807,10
576555,798,807,10
576565,802,807,11
576575,801,807,11
576586,800,807,11
576596,803,807,11
576606,797,807,12
576616,801,806,13
576626,802,806,13
576637,799,806,14
576647,805,806,14
576657,797,806,14
576667,806,806,14
576677,813,806,14
576688,811,806,15
RIM
576708,826,794,12
576718,817,794,17
576728,819,794,22
576739,813,794,25
576749,820,794,30
576759,818,795,34
576769,814,795,37
576779,819,795,42
576790,813,795,45
576800,816,795,48
576810,819,795,53
576820,814,796,55
576830,818,796,59
576841,813,796,61
576851,816,796,64
576861,817,796,68
576871,812,796,70
576881,817,797,72
576892,815,797,75
576902,815,797,78
576912,818,797,81
576922,812,797,83
576932,817,798,85
576943,817,798,88
576953,813,798,89
576963,819,798,93
576973,813,798,94
576983,816,798,97
576994,818,799,99
577004,813,799,100
577014,818,799,103
577024,815,799,105
577034,816,799,107
577045,819,800,109
577055,812,800,109
577065,819,800,112
577075,817,800,114
577085,815,800,116
577096,818,801,117
577106,815,801,118
577116,818,801,120
577126,818,801,122
577136,813,801,123
577147,819,801,125
577157,814,802,124
577167,817,802,126
577177,819,802,128
577187,813,802,128
577198,820,802,130
577208,816,803,130
577218,817,803,131
577228,818,803,132
577238,811,803,132
577249,816,803,133
577259,815,804,132
577269,812,804,132
577279,816,804,132
577289,811,804,131
577300,815,804,132
577310,815,804,131
577320,810,805,130
577330,816,805,130
577340,812,805,129
577351,815,805,129
577361,818,805,129
577371,812,805,128
577381,818,806,128
577391,815,806,126
577402,816,806,126
577412,818,806,126
577422,812,806,125
577432,817,806,125
577443,814,807,123
577453,811,807,122
577463,817,807,121
577473,812,807,119
577483,813,807,119
577494,815,808,116
577504,809,808,114
577514,815,808,114
577524,813,808,111
577534,813,808,110
577545,817,808,109
577555,810,808,107
577565,815,809,105
577575,813,809,102
577585,812,809,100
577596,815,809,99
577606,811,809,96
577616,815,809,95
577626,814,810,91
577636,810,810,89
577647,816,810,88
577657,811,810,85
577667,813,810,83
577677,816,810,81
577687,811,811,78
577698,816,811,76
577708,811,811,73
577718,813,811,71
577728,816,811,68
577738,808,811,65
577749,818,812,63
577759,814,812,59
577769,812,812,57
577779,816,812,55
577789,811,812,51
577800,815,812,49
577810,816,813,44
577820,811,813,41
577830,815,813,39
577840,810,813,35
577851,807,813,32
577861,802,813,30
577871,795,813,30
577881,800,813,29
577891,797,813,27
577902,797,813,27
577912,800,813,25
577922,793,813,25
OSM
577943,498,493,3
577953,494,493,2
577963,494,493,2
577973,491,493,2
577984,496,493,2
577994,494,493,2
578004,490,493,2
578014,493,493,2
578024,491,493,2
578035,492,493,2
578045,494,493,2
578055,491,493,2
578065,493,493,2
578075,492,493,2
578086,492,493,2
578096,493,493,2
578106,491,493,2
578116,493,493,2
578126,494,493,2
578137,445,492,22
578147,380,491,127
578157,374,490,242
578167,373,489,357
578177,375,488,466
578188,396,488,536
578198,485,488,536
578208,492,488,536
578218,492,487,537
578228,495,488,536
578239,492,488,536
578249,493,487,537
578259,494,488,536
578269,493,488,536
578279,495,488,536
578290,494,488,536
578300,496,488,536
578310,495,488,536
578320,492,488,536
578330,496,488,536
578341,494,488,536
578351,494,488,536
578361,495,488,536
578371,491,488,536
578381,496,488,537
578392,494,488,537
578402,494,488,537
578412,494,488,537
578422,491,488,537
578432,494,488,537
578443,494,488,537
578453,494,488,537
578463,495,488,537
578473,493,488,538
578483,495,488,538
578494,496,488,538
578504,492,488,538
578514,494,488,538
578524,493,488,538
578534,493,488,538
578545,494,488,538
578555,490,488,537
578565,493,488,537
578575,492,488,537
578585,492,488,537
578596,493,488,537
578606,492,488,537
578616,492,488,537
578626,494,488,537
578636,491,488,537
578647,496,488,537
578657,492,488,536
578667,494,488,536
578677,496,488,537
578687,492,488,537
578698,494,488,537
578708,493,488,537
578718,493,488,537
578728,494,488,537
578739,492,488,537
578749,495,488,537
578759,495,488,537
578769,493,488,537
578779,496,488,537
578790,492,488,537
578800,496,488,538
578810,497,488,538
578820,494,488,538
578830,496,488,539
578841,493,488,539
578851,494,488,539
578861,497,488,539
578872,492,488,539
578882,495,488,539
578892,495,488,539
578902,493,488,539
578912,495,488,540
578923,492,488,540
578933,495,488,540
578943,495,488,540
578953,493,488,540
578963,494,488,540
578974,493,488,540
578984,495,488,540
578994,496,488,540
579004,492,488,540
579014,494,488,540
579025,494,488,540
579035,494,488,540
579045,495,488,540
579055,492,488,540
579065,495,488,540
579076,494,488,540
579086,493,488,540
579096,496,488,540
579106,492,488,540
579116,493,488,539
579127,493,488,540
579137,491,488,539
579147,494,488,539
579157,492,488,539
SIM
579178,824,806,15
579188,804,806,15
579198,809,806,14
579208,805,806,15
579218,805,806,14
579229,808,806,14
579239,803,806,15
579249,808,806,14
579259,805,806,14
579269,803,806,14
579280,808,806,14
579290,802,806,14
579300,808,806,14
579310,808,806,14
579320,803,806,14
579331,808,806,14
579341,803,806,14
579351,805,806,14
579361,807,806,14
579371,802,806,14
579382,808,806,14
579392,805,806,14
579402,806,806,13
579412,808,806,13
579422,804,806,13
579433,808,806,13
579443,807,806,13
579453,805,806,13
579463,810,806,13
579473,806,806,13
579484,810,806,13
579494,811,806,13
579504,805,806,13
579514,810,806,13
579524,807,806,13
579535,809,806,13
579545,811,806,13
579555,805,806,13
579565,811,806,13
579575,809,806,13
579586,808,806,13
579596,812,806,13
579606,807,806,13
579616,812,806,13
579626,813,806,14
579637,810,806,14
579647,815,806,14
579657,810,806,14
579667,813,806,15
579677,815,806,15
579688,810,806,15
579698,816,806,16
579708,812,806,16
579718,814,806,17
579728,816,806,18
579739,811,806,18
579749,816,806,19
579759,815,806,19
579769,813,806,19
579779,816,806,20
579790,812,806,21
579800,816,807,20
579810,817,807,21
579820,812,807,21
579830,817,807,22
579841,813,807,22
579851,815,807,23
579861,817,807,23
579871,811,807,23
579881,817,807,24
579892,814,807,25
579902,813,807,25
579912,819,807,26
579922,812,807,26
579932,817,807,27
579943,816,807,28
579953,813,808,27
579963,818,808,28
579973,814,808,28
579983,817,808,29
579994,818,808,29
580004,812,808,29
580014,818,808,30
580024,813,808,30
580034,815,808,31
580045,818,808,31
580055,811,808,31
580065,817,808,32
580075,815,808,32
580085,815,809,32
580096,819,809,32
580106,812,809,32
580116,817,809,33
580126,817,809,33
580136,812,809,33
580147,818,809,33
580157,812,809,33
580167,817,809,33
580177,817,809,33
580187,813,809,33
580198,817,810,33
580208,814,810,32
580218,816,810,32
580228,819,810,32
580238,812,810,31
580249,817,810,31
580259,816,810,30
580269,814,810,30
580279,818,811,29
580289,814,811,28
580300,823,811,29
580310,823,811,28
580320,819,811,28
580330,824,811,29
580340,819,812,27
580351,820,812,27
580361,823,812,26
580371,817,812,26
580381,823,812,27
580391,821,812,28
RIM
580412,830,813,26
580422,819,813,27
580432,823,813,27
580442,821,814,27
580453,818,814,26
580463,822,814,27
580473,816,814,27
580483,820,814,27
580493,822,814,28
580504,816,814,28
580514,824,814,28
580524,821,814,29
580534,822,814,29
580544,823,814,30
580555,819,814,30
580565,824,814,31
580575,821,814,31
580585,821,814,31
580595,824,814,32
580606,818,814,32
580616,823,814,33
580626,822,814,33
580636,820,814,33
580646,824,814,34
580657,819,814,34
580667,823,814,35
580677,824,815,35
580687,818,815,35
580697,824,815,35
580708,820,815,35
580718,822,815,36
580728,824,815,36
580738,818,815,37
580748,824,815,37
580759,822,815,37
580769,821,815,38
580779,823,815,38
580789,818,815,38
580799,822,815,39
580810,823,815,39
580820,821,815,39
580830,824,815,40
580840,819,815,40
580850,822,815,40
580861,824,815,41
580871,819,815,41
580881,823,815,41
580891,820,815,42
580901,821,815,42
580912,824,816,41
580922,819,816,41
580932,823,816,42
580942,821,816,42
580952,820,816,42
580963,824,816,42
580973,818,816,42
580983,823,816,43
580993,824,816,43
581003,819,816,43
581014,824,816,44
581024,820,816,43
581034,822,816,44
581044,823,816,44
581054,818,816,44
581065,823,816,44
581075,822,816,45
581085,821,817,44
581095,824,817,44
581105,818,817,44
581116,823,817,44
581126,823,817,44
581136,820,817,45
581146,823,817,45
581156,819,817,45
581167,822,817,45
581177,824,817,45
581187,819,817,45
581197,823,817,45
581207,820,817,45
581218,822,817,45
581228,824,817,45
581238,818,817,45
581248,823,817,45
581258,821,818,44
581269,821,818,44
581279,824,818,44
581289,819,818,44
581299,823,818,44
581309,822,818,43
581320,820,818,43
581330,824,818,44
581340,819,818,43
581350,822,818,43
581360,824,818,43
581371,819,818,43
581381,825,818,43
581391,820,819,42
581401,822,819,42
581411,824,819,42
581422,819,819,41
581432,823,819,41
581442,821,819,40
581452,821,819,40
581462,824,819,40
581473,819,819,40
581483,823,819,40
581493,823,819,40
581503,819,819,39
581513,823,819,40
581524,819,819,39
581534,823,819,39
581544,824,820,37
581554,819,820,36
581564,823,820,33
581575,820,820,28
581585,821,820,25
581595,825,820,21
581605,818,821,15
581615,823,821,11
581626,822,821,5
OSM
581647,380,487,636
581657,373,486,743
581667,375,485,845
581677,376,484,944
581688,371,483,1049
581698,374,482,1146
581708,372,481,1246
581718,373,480,1342
581728,373,479,1436
581739,371,478,1532
581749,373,477,1622
581759,373,476,1710
581769,373,475,1796
581779,375,474,1876
581790,372,473,1960
581800,373,472,2040
581810,376,471,2114
581820,373,470,2190
581830,375,469,2260
581841,372,468,2335
581851,374,468,2344
581861,374,468,2344
581871,369,468,2350
581882,375,468,2350
581892,373,468,2382
581902,373,467,2455
581912,375,466,2521
581922,372,465,2589
581933,377,464,2647
581943,365,463,2722
581953,371,462,2786
581963,373,461,2843
581973,370,460,2904
581984,373,459,2957
581994,375,458,3006
582004,372,457,3056
582014,374,456,3101
582024,381,455,3137
582035,373,454,3180
582045,373,453,3221
582055,371,452,3263
582065,374,451,3299
582076,372,450,3337
582086,373,449,3369
582096,373,448,3401
582106,372,447,3431
582116,374,446,3457
582127,375,445,3482
582137,371,444,3508
582147,374,443,3528
582157,371,442,3550
582167,375,441,3564
582178,374,440,3579
582188,370,439,3594
582198,374,438,3602
582208,373,437,3613
582218,373,436,3620
582229,374,435,3625
582239,372,434,3630
582249,374,433,3630
582259,375,432,3631
582269,372,431,3630
582280,374,430,3626
582290,371,429,3623
582300,374,428,3614
582310,373,427,3605
582321,372,426,3595
582331,376,425,3577
582341,373,424,3563
582351,374,423,3541
582361,381,422,3516
582372,371,421,3495
582382,374,420,3467
582392,373,419,3442
582402,373,418,3413
582412,376,417,3381
582423,372,416,3350
582433,375,415,3313
582443,376,414,3277
582453,372,413,3237
582464,374,412,3194
582474,374,411,3151
582484,372,410,3104
582494,373,409,3059
582504,370,408,3009
582515,374,407,2953
582525,373,406,2899
582535,374,405,2840
582545,375,404,2783
582555,371,403,2724
582566,374,402,2658
582576,373,401,2597
582586,373,400,2530
582596,374,399,2460
582606,371,398,2393
582617,373,397,2319
582627,376,396,2248
582637,372,395,2171
582647,374,394,2091
582657,381,393,2010
582668,374,392,1928
582678,374,391,1846
582688,371,390,1759
582698,373,389,1667
582709,372,388,1581
582719,372,387,1490
582729,374,386,1395
582739,371,385,1300
582749,375,384,1199
582760,375,383,1103
582770,372,382,999
582780,375,381,894
582790,373,380,790
582800,374,379,678
582811,375,378,572
582821,371,377,461
582831,373,376,349
582841,372,375,239
582851,373,374,121
582862,376,373,4
SIM
582882,839,812,33
582892,823,812,33
582902,821,812,34
582913,822,813,33
582923,818,813,33
582933,821,813,33
582943,823,813,33
582953,819,813,33
582964,824,813,33
582974,818,813,33
582984,820,813,33
582994,821,814,31
583004,817,814,31
583015,822,814,31
583025,818,814,30
583035,819,814,30
583045,822,814,30
583055,817,814,29
583066,822,814,29
583076,819,815,27
583086,818,815,27
583096,822,815,26
583106,817,815,26
583117,820,815,26
583127,821,815,25
583137,817,815,24
583147,822,815,24
583157,818,815,24
583168,821,816,23
583178,823,816,22
583188,817,816,22
583198,822,816,22
583208,820,816,21
583219,820,816,21
583229,822,816,21
583239,817,816,20
583249,821,816,20
583259,821,816,19
583270,819,817,18
583280,824,817,18
583290,818,817,17
583300,821,817,17
583310,823,817,17
583321,818,817,17
583331,823,817,17
583341,819,817,16
583351,822,817,17
583362,823,817,16
583372,817,817,16
583382,823,817,17
583392,821,817,16
583402,821,818,15
583413,824,818,15
583423,819,818,15
583433,822,818,15
583443,823,818,15
583453,819,818,15
583464,824,818,15
583474,819,818,15
583484,821,818,15
583494,822,818,15
583504,816,818,15
583515,823,818,15
583525,819,818,15
583535,819,818,15
583545,821,818,15
583555,816,818,15
583566,821,818,15
583576,819,818,14
583586,818,818,14
583596,822,818,14
583606,817,819,13
583617,821,819,13
583627,821,819,13
583637,817,819,13
583647,821,819,13
583657,816,819,13
583668,820,819,13
583678,823,819,13
583688,819,819,13
583698,823,819,13
583708,819,819,12
583719,820,819,12
583729,822,819,12
583739,817,819,12
583749,821,819,12
583759,821,819,11
583770,817,819,11
583780,823,819,11
583790,817,819,11
583800,822,819,11
583810,821,819,11
583821,816,819,11
583831,822,819,11
583841,819,819,11
583851,821,819,11
583861,823,819,10
583872,816,819,10
583882,821,820,9
583892,819,820,9
583902,819,820,9
583912,821,820,9
583923,816,820,9
583933,821,820,9
583943,822,820,8
583953,819,820,8
583963,822,820,8
583974,818,820,8
583984,821,820,8
583994,822,820,7
584004,817,820,7
584014,822,820,7
584025,819,820,7
584035,820,820,7
584045,822,820,7
584055,816,820,7
584065,821,820,7
584076,821,820,7
584086,819,820,7
584096,822,820,7
RIM
584116,832,821,5
584127,823,821,5
584137,818,821,5
584147,822,821,5
584157,818,821,5
584167,822,821,5
584178,822,821,5
584188,816,821,5
584198,824,821,5
584208,820,821,5
584218,821,821,5
584229,823,821,5
584239,817,821,5
584249,823,821,5
584259,820,821,5
584269,819,821,5
584280,823,821,5
584290,817,821,5
584300,822,821,5
584310,823,821,5
584320,818,821,5
584331,823,821,5
584341,817,821,5
584351,821,821,5
584361,823,821,5
584371,818,821,5
584382,823,821,5
584392,819,821,5
584402,820,821,5
584412,824,821,5
584422,818,821,5
584433,822,821,5
584443,821,821,5
584453,819,821,5
584463,823,821,5
584473,818,821,5
584484,821,821,5
584494,821,821,5
584504,818,821,5
584514,823,821,5
584524,818,821,5
584535,821,821,5
584545,822,821,5
584555,818,821,5
584565,822,821,5
584575,821,821,5
584586,820,821,5
584596,821,821,5
584606,816,821,5
584616,822,821,5
584626,821,821,5
584637,819,821,5
584647,821,821,5
584657,818,821,5
584667,821,821,5
584677,823,821,5
584688,818,821,5
584698,822,821,5
584708,819,821,5
584718,820,821,5
584728,824,821,5
584739,819,821,5
584749,821,821,5
584759,822,821,5
584769,819,821,5
584779,823,821,5
584790,819,821,5
584800,821,821,5
584810,823,821,5
584820,818,821,5
584830,823,821,5
584841,819,821,5
584851,820,821,5
584861,823,821,5
584871,818,821,5
584881,822,821,5
584892,819,821,5
584902,818,820,6
584912,823,821,5
584922,819,820,6
584932,823,820,6
584943,821,820,6
584953,817,820,6
584963,824,820,6
584973,818,820,6
584983,822,820,6
584994,823,820,6
585004,815,820,6
585014,823,820,6
585024,819,820,6
585034,822,820,6
585045,823,820,6
585055,815,820,7
585065,822,820,6
585075,820,820,6
585085,820,820,6
585096,823,820,6
585106,817,820,6
585116,822,820,6
585126,821,820,6
585136,819,820,6
585147,823,820,6
585157,817,820,6
585167,821,820,6
585177,824,820,6
585187,817,820,6
585198,823,820,6
585208,817,820,6
585218,821,820,6
585228,823,820,6
585238,818,820,6
585249,822,820,6
585259,819,820,6
585269,819,820,6
585279,823,820,6
585289,818,820,6
585300,822,820,6
585310,822,820,6
585320,818,820,6
585330,823,820,6
OSM
585351,378,373,4
585361,375,373,4
585371,371,373,4
585381,374,373,4
585392,373,373,4
585402,374,373,4
585412,374,373,4
585422,371,373,4
585432,374,373,4
585443,374,373,4
585453,371,373,4
585463,375,373,4
585473,370,373,4
585483,373,373,4
585494,375,373,4
585504,372,373,4
585514,374,373,4
585524,372,373,4
585534,373,373,4
585545,374,373,4
585555,371,373,4
585565,373,373,4
585575,372,373,4
585585,372,373,4
585596,374,373,4
585606,371,373,4
585616,373,373,4
585626,373,373,4
585636,373,373,4
585647,373,373,3
585657,372,373,3
585667,373,373,3
585677,374,373,3
585687,371,373,3
585698,374,373,3
585708,372,373,3
585718,373,373,3
585728,373,373,3
585738,373,373,3
585749,373,373,3
585759,374,373,3
585769,371,373,3
585779,374,373,3
585789,372,373,3
585800,374,373,3
585810,375,373,3
585820,371,373,3
585830,373,373,3
585840,373,373,3
585851,372,373,3
585861,374,373,3
585871,371,373,3
585881,373,373,3
585891,373,373,3
585902,372,373,3
585912,373,373,3
585922,372,373,3
585932,374,373,3
585942,372,373,3
585953,372,373,3
585963,373,373,3
585973,371,373,3
585983,375,373,3
585993,373,373,3
586004,370,373,3
586014,373,373,3
586024,372,373,3
586034,375,373,3
586044,374,373,3
586055,371,373,3
586065,373,373,2
586075,372,373,2
586085,374,373,2
586095,373,373,2
586106,371,373,2
586116,373,373,2
586126,374,373,2
586136,372,373,2
586146,374,373,2
586157,372,373,2
586167,373,373,2
586177,374,373,2
586187,371,373,2
586197,374,373,2
586208,372,373,2
586218,372,373,2
586228,375,373,2
586238,373,373,2
586248,373,373,2
586259,372,373,2
586269,371,373,2
586279,374,373,2
586289,373,373,2
586299,373,373,2
586310,374,373,2
586320,371,373,2
586330,374,373,2
586340,373,373,2
586350,373,373,2
586361,374,372,2
586371,370,372,2
586381,374,372,2
586391,373,372,2
586401,372,372,2
586412,374,372,2
586422,370,372,2
586432,374,372,2
586442,374,372,2
586452,372,372,2
586463,373,372,2
586473,370,372,2
586483,374,372,2
586493,374,372,2
586503,371,372,2
586514,374,372,2
586524,372,372,2
586534,373,372,2
586544,374,372,2
586554,371,372,2
586565,374,372,2
SIM
586585,838,820,7
586595,826,820,7
586605,818,820,7
586616,823,820,7
586626,822,820,7
586636,819,820,7
586646,822,820,7
586656,818,820,7
586667,821,820,7
586677,822,820,7
586687,817,820,7
586697,822,820,7
586707,817,820,7
586718,820,820,7
586728,824,820,7
586738,816,820,7
586748,822,820,7
586758,819,820,7
586769,820,820,7
586779,823,820,7
586789,817,820,7
586799,821,820,7
586809,820,820,7
586820,818,820,7
586830,823,820,7
586840,817,820,7
586850,821,820,7
586860,822,820,7
586871,817,820,7
586881,823,820,7
586891,818,820,7
586901,820,820,7
586911,822,820,7
586922,817,820,8
586932,822,820,8
586942,820,820,7
586952,819,820,7
586962,822,820,7
586973,817,820,8
586983,822,820,7
586993,821,820,7
587003,818,820,7
587013,822,820,7
587024,818,820,7
587034,821,820,7
587044,821,820,7
587054,817,820,7
587064,822,820,7
587075,818,820,7
587085,821,820,7
587095,823,820,7
587105,816,820,7
587115,821,820,7
587126,820,820,7
587136,819,820,7
587146,822,820,7
587156,817,820,7
587166,822,820,7
587177,822,820,7
587187,819,820,7
587197,821,820,7
587207,817,820,7
587217,821,820,7
587228,822,820,7
587238,816,820,7
587248,823,820,7
587258,819,820,7
587268,820,820,7
587279,822,820,7
587289,818,820,7
587299,822,820,7
587309,820,820,7
587319,818,820,7
587330,822,820,7
587340,818,820,7
587350,820,820,7
587360,821,820,7
587370,817,820,7
587381,822,820,7
587391,817,820,7
587401,820,820,7
587411,822,820,7
587421,816,820,7
587432,822,820,7
587442,819,820,7
587452,819,820,7
587462,823,820,7
587472,816,820,7
587483,821,820,7
587493,820,820,7
587503,818,820,7
587513,822,820,7
587523,817,820,7
587534,821,820,7
587544,822,820,7
587554,817,820,7
587564,823,820,7
587574,817,820,7
587585,820,820,7
587595,822,820,7
587605,816,820,7
587615,821,820,7
587625,820,820,7
587636,819,820,7
587646,822,820,7
587656,817,820,7
587666,821,820,7
587676,822,820,7
587687,818,820,7
587697,822,820,7
587707,817,820,7
587717,821,820,7
587727,822,820,7
587738,817,820,7
587748,823,820,7
587758,818,820,7
587768,821,820,7
587778,822,820,7
587789,817,820,7
587799,822,820,7
RIM
587819,830,820,6
587829,824,820,6
587839,817,820,6
587850,822,820,6
587860,821,820,6
587870,818,820,6
587880,822,820,6
587890,817,820,6
587901,820,820,6
587911,821,820,6
587921,819,820,6
587931,823,820,6
587941,819,820,6
587952,820,820,5
587962,823,820,6
587972,818,820,6
587982,823,820,6
587992,820,820,5
588003,819,820,5
588013,823,820,5
588023,819,820,5
588033,821,820,5
588043,823,820,5
588054,818,820,5
588064,824,820,5
588074,819,820,5
588084,821,820,5
588094,824,820,5
588105,818,820,6
588115,823,820,5
588125,820,820,5
588135,820,820,5
588145,823,820,5
588156,818,820,5
588166,821,820,5
588176,822,820,5
588186,818,820,5
588196,823,820,6
588207,818,820,6
588217,822,820,5
588227,824,820,6
588237,818,820,6
588247,823,820,6
588258,820,820,6
588268,820,820,6
588278,823,820,6
588288,818,820,6
588298,822,820,6
588309,820,820,6
588319,821,820,6
588329,823,820,6
588339,818,820,6
588349,822,820,6
588360,822,820,6
588370,818,820,6
588380,822,820,6
588390,818,820,6
588400,824,820,6
588411,826,820,6
588421,820,820,6
588431,825,820,6
588441,820,820,6
588451,822,820,6
588462,825,820,6
588472,819,820,6
588482,823,820,6
588492,822,820,6
588502,821,820,6
588513,824,820,6
588523,819,820,6
588533,823,820,6
588543,824,820,6
588553,820,820,6
588564,825,820,7
588574,819,820,7
588584,822,820,7
588594,824,820,7
588604,818,820,7
588615,824,820,7
588625,821,820,7
588635,822,820,7
588645,824,820,7
588655,819,820,7
588666,824,820,7
588676,822,821,6
588686,820,821,6
588696,825,821,6
588706,820,821,6
588717,824,821,6
588727,824,821,6
588737,819,821,6
588747,823,821,6
588757,820,821,5
588768,823,821,5
588778,825,821,6
588788,819,821,6
588798,823,821,6
588808,820,821,5
588819,821,821,5
588829,824,821,5
588839,818,821,6
588849,822,821,5
588859,822,821,5
588870,820,821,5
588880,823,821,5
588890,818,821,5
588900,822,821,5
588910,823,821,5
588921,818,821,5
588931,822,821,5
588941,817,821,5
588951,819,821,5
588961,821,821,5
588972,815,821,6
588982,822,821,5
588992,819,821,5
589002,820,821,5
589012,821,821,5
589023,818,821,5
589033,821,821,5
OSM
589054,377,372,2
589064,384,372,3
589074,373,372,3
589084,375,372,3
589095,379,372,4
589105,372,372,3
589115,375,372,4
589125,374,373,3
589135,374,373,3
589146,374,373,3
589156,372,373,3
589166,375,373,3
589176,373,373,2
589186,373,373,2
589197,374,373,2
589207,372,373,2
589217,373,373,2
589227,374,373,2
589237,372,373,2
589248,375,373,2
589258,372,373,2
589268,374,373,2
589278,375,373,2
589288,372,373,2
589299,375,373,2
589309,375,373,2
589319,373,373,2
589329,375,373,3
589339,373,373,3
589350,375,373,3
589360,374,373,3
589370,372,373,3
589380,374,373,3
589390,371,373,3
589401,374,373,3
589411,375,373,3
589421,372,373,3
589431,374,373,3
589441,373,373,3
589452,374,373,3
589462,374,373,3
589472,372,373,3
589482,374,373,3
589492,374,373,3
589503,373,373,3
589513,375,373,3
589523,372,373,3
589533,373,373,3
589543,375,373,3
589554,373,373,3
589564,375,373,3
589574,373,373,3
589584,374,373,3
589594,375,373,3
589605,371,373,3
589615,375,373,3
589625,373,373,3
589635,372,373,3
589645,375,373,3
589656,372,373,3
589666,375,373,3
589676,373,373,3
589686,373,373,3
589696,375,373,3
589707,373,373,3
589717,373,373,3
589727,373,373,3
589737,372,373,3
589747,374,373,3
589758,373,373,3
589768,374,373,3
589778,375,373,3
589788,372,373,3
589798,375,373,3
589809,374,373,3
589819,374,373,3
589829,375,373,3
589839,372,373,3
589849,374,373,3
589860,375,373,3
589870,373,373,3
589880,375,373,3
589890,373,373,3
589900,374,373,3
589911,376,373,3
589921,372,373,3
589931,374,373,3
589941,373,373,3
589951,374,373,3
589962,375,373,3
589972,372,373,3
589982,374,373,3
589992,374,373,3
590002,373,373,3
590013,375,373,3
590023,373,373,3
590033,375,373,3
590043,375,373,3
590053,373,373,3
590064,375,373,3
590074,373,373,3
590084,374,373,3
590094,375,373,3
590104,372,373,3
590115,375,373,3
590125,374,373,3
590135,373,373,3
590145,375,373,3
590155,372,373,3
590166,375,373,3
590176,374,373,3
590186,373,373,3
590196,375,373,3
590206,372,373,3
590217,374,373,3
590227,375,373,3
590237,373,373,3
590247,375,373,3
590257,372,373,3
590268,374,373,3
SIM
590288,833,820,6
590298,824,820,6
590308,818,820,6
590318,819,820,6
590329,821,820,6
590339,816,820,6
590349,821,820,6
590359,820,820,6
590369,820,820,6
590380,823,820,6
590390,816,820,6
590400,821,820,6
590410,821,820,6
590420,817,820,6
590431,822,820,6
590441,817,820,6
590451,820,820,6
590461,822,820,6
590471,816,819,7
590482,822,819,7
590492,820,820,6
590502,819,819,7
590512,821,820,6
590522,816,819,7
590533,821,819,7
590543,818,819,7
590553,817,819,7
590563,821,819,7
590573,817,819,7
590584,820,819,6
590594,820,819,6
590604,817,819,6
590614,821,819,6
590624,816,819,6
590635,820,819,6
590645,821,819,6
590655,816,819,7
590665,821,819,6
590675,818,819,6
590686,819,819,6
590696,820,819,6
590706,816,819,6
590716,821,819,6
590726,820,819,6
590737,817,819,6
590747,819,819,6
590757,815,819,6
590767,820,819,6
590777,820,819,6
590788,815,819,6
590798,820,819,6
590808,817,819,6
590818,819,819,6
590828,820,819,6
590839,815,819,6
590849,820,819,6
590859,819,819,6
590869,817,819,6
590879,821,819,6
590890,816,819,6
590900,820,819,6
590910,820,819,6
590920,817,819,6
590930,821,819,6
590941,817,819,6
590951,820,819,6
590961,821,819,6
590971,816,819,6
590981,821,819,6
590992,818,819,6
591002,819,819,6
591012,822,819,6
591022,817,819,6
591032,821,819,6
591043,820,819,6
591053,818,819,6
591063,820,819,6
591073,818,819,6
591083,820,819,6
591094,822,819,6
591104,817,819,6
591114,822,819,6
591124,817,819,6
591134,819,819,6
591145,821,819,6
591155,816,819,6
591165,821,819,6
591175,820,819,6
591185,820,819,6
591196,823,819,6
591206,817,819,6
591216,821,819,6
591226,822,819,6
591236,819,819,6
591247,823,819,6
591257,818,819,6
591267,821,819,6
591277,821,819,6
591287,818,819,6
591298,824,819,6
591308,817,819,6
591318,821,819,6
591328,821,819,6
591338,818,819,6
591349,823,819,6
591359,821,819,6
591369,819,819,6
591379,822,819,6
591389,817,819,6
591400,820,819,6
591410,821,819,6
591420,818,819,6
591430,823,819,6
591440,817,819,6
591451,820,819,6
591461,823,819,6
591471,818,819,6
591481,822,819,6
591491,819,819,6
591502,821,819,6
RIM
591522,845,821,10
591532,830,821,10
591542,825,821,10
591553,823,821,10
591563,825,821,10
591573,818,821,10
591583,822,821,10
591593,822,821,10
591604,818,821,10
591614,823,821,10
591624,817,821,10
591634,821,821,10
591644,822,821,10
591655,817,821,10
591665,822,821,10
591675,819,821,10
591685,821,821,10
591695,821,821,10
591706,817,821,10
591716,821,821,10
591726,820,821,10
591736,819,821,10
591746,821,821,10
591757,817,821,10
591767,821,821,10
591777,822,821,10
591787,816,821,11
591797,823,821,10
591808,818,821,10
591818,821,821,10
591828,822,821,10
591838,816,821,11
591848,822,821,11
591859,819,821,11
591869,819,821,11
591879,822,821,11
591889,816,821,11
591899,821,821,11
591910,821,821,11
591920,819,821,11
591930,821,821,11
591940,816,821,11
591950,820,821,11
591961,823,821,11
591971,817,821,11
591981,821,821,11
591991,818,821,11
592001,819,821,11
592012,822,821,11
592022,817,821,11
592032,822,821,11
592042,819,821,11
592052,818,821,11
592063,822,821,11
592073,816,821,11
592083,821,821,11
592093,821,821,11
592103,817,821,11
592114,822,820,12
592124,817,820,12
592134,821,820,12
592144,822,820,12
592154,816,820,12
592165,821,820,12
592175,818,820,12
592185,820,820,12
592195,821,820,12
592205,816,820,12
592216,821,820,12
592226,819,820,12
592236,819,820,12
592246,821,820,11
592256,816,820,12
592267,821,820,11
592277,821,820,11
592287,817,820,11
592297,822,820,11
592307,817,820,11
592318,820,820,11
592328,821,820,11
592338,816,820,11
592348,821,820,11
592358,817,820,11
592369,820,820,11
592379,821,820,11
592389,817,820,11
592399,821,820,11
592409,820,820,11
592420,819,820,11
592430,822,820,11
592440,817,820,11
592450,820,820,11
592460,821,820,11
592471,817,820,11
592481,821,820,11
592491,818,820,11
592501,821,820,10
592511,822,820,11
592522,816,820,11
592532,821,820,11
592542,819,820,10
592552,819,820,10
592562,822,820,10
592573,817,820,11
592583,821,820,10
592593,820,820,10
592603,818,820,10
592613,822,820,10
592624,816,820,10
592634,821,819,11
592644,822,820,10
592654,817,820,10
592664,822,820,11
592675,818,820,10
592685,819,820,10
592695,822,820,10
592705,816,820,10
592715,823,820,11
592726,819,820,11
592736,819,820,11
OSM
592756,378,373,3
592766,376,373,2
592777,380,373,2
592787,374,373,2
592797,374,373,2
592807,373,373,2
592817,374,373,2
592828,375,373,2
592838,372,373,2
592848,374,373,2
592858,373,373,2
592868,374,373,2
592879,376,373,2
592889,372,373,2
592899,374,373,2
592909,373,373,2
592919,374,373,2
592930,378,373,2
592940,372,373,2
592950,374,373,2
592960,374,373,2
592970,372,373,2
592981,377,373,2
592991,373,373,2
593001,374,373,2
593011,374,373,2
593021,372,373,2
593032,378,373,2
593042,373,373,2
593052,373,373,2
593062,374,373,2
593072,373,373,2
593083,377,373,2
593093,374,373,2
593103,373,373,2
593113,374,373,2
593123,371,373,2
593134,374,373,2
593144,375,373,2
593154,372,373,2
593164,375,373,2
593174,373,373,2
593185,374,373,2
593195,375,373,2
593205,373,373,2
593215,374,373,2
593225,373,373,2
593236,373,373,2
593246,375,373,2
593256,371,373,2
593266,374,373,2
593276,374,373,2
593287,375,373,2
593297,375,373,2
593307,373,373,2
593317,374,373,2
593327,375,373,2
593338,372,373,2
593348,375,373,2
593358,372,373,2
593368,373,373,2
593378,375,373,2
593389,375,373,2
593399,374,373,2
593409,373,373,2
593419,373,373,2
593429,374,373,2
593440,372,373,2
593450,374,373,2
593460,374,373,2
593470,373,373,2
593480,375,373,2
593491,375,373,3
593501,375,373,3
593511,374,373,3
593521,372,373,3
593531,374,373,2
593542,373,373,2
593552,374,373,2
593562,374,373,2
593572,372,373,2
593582,374,373,2
593593,377,373,3
593603,372,373,3
593613,374,373,2
593623,371,373,3
593633,374,373,3
593644,375,373,3
593654,372,373,3
593664,374,373,3
593674,372,373,3
593684,373,373,3
593695,378,373,3
593705,372,373,3
593715,374,373,3
593725,373,373,3
593735,373,373,3
593746,375,373,3
593756,372,373,3
593766,374,373,3
593776,373,373,3
593786,373,373,3
593797,377,373,3
593807,372,373,3
593817,374,373,3
593827,374,373,3
593837,372,373,3
593848,375,373,3
593858,372,373,3
593868,372,373,3
593878,375,373,3
593888,371,373,3
593899,376,373,3
593909,373,373,3
593919,373,373,3
593929,374,373,3
593939,372,373,3
593950,374,373,3
593960,374,373,3
593970,372,373,3
SIM
593990,836,819,7
594001,826,819,7
594011,825,819,7
594021,817,819,7
594031,825,819,7
594041,817,819,7
594052,820,819,7
594062,822,819,7
594072,818,819,7
594082,823,819,7
594092,821,819,7
594103,820,819,7
594113,824,819,8
594123,817,819,8
594133,821,819,8
594143,821,819,8
594154,819,819,8
594164,822,819,8
594174,816,819,8
594184,821,819,7
594194,822,819,8
594205,818,819,8
594215,822,819,8
594225,818,819,8
594235,820,819,8
594245,822,819,8
594256,818,819,8
594266,822,819,8
594276,820,819,8
594286,818,819,8
594296,823,819,8
594307,819,819,8
594317,822,819,8
594327,822,819,8
594337,819,819,8
594347,823,819,8
594358,818,819,8
594368,820,819,8
594378,823,819,8
594388,816,819,8
594398,822,819,8
594409,819,819,8
594419,819,819,8
594429,822,819,8
594439,817,819,8
594449,822,820,7
594460,821,820,7
594470,819,820,7
594480,822,820,7
594490,817,820,7
594500,820,820,7
594511,822,820,7
594521,818,820,7
594531,822,820,7
594541,818,820,7
594551,820,820,7
594562,823,820,7
594572,817,820,7
594582,821,820,7
594592,820,820,6
594602,819,820,6
594613,823,820,7
594623,817,820,7
594633,822,820,7
594643,821,820,7
594653,818,820,7
594664,823,820,7
594674,817,820,7
594684,820,820,7
594694,822,820,7
594704,816,820,7
594715,823,820,7
594725,817,820,7
594735,820,820,7
594745,823,820,7
594755,817,820,7
594766,823,820,7
594776,819,820,7
594786,819,820,7
594796,822,820,7
594806,816,820,7
594817,821,820,7
594827,821,820,7
594837,818,820,7
594847,822,820,7
594857,817,820,7
594868,821,820,7
594878,822,820,7
594888,817,820,7
594898,822,820,7
594908,818,820,7
594919,821,820,7
594929,822,820,7
594939,816,820,7
594949,822,820,7
594959,820,820,7
594970,820,820,7
594980,822,820,7
594990,816,820,7
595000,822,820,7
595010,821,820,7
595021,817,820,7
595031,822,820,7
595041,817,820,7
595051,821,820,7
595061,823,820,7
595072,817,820,7
595082,822,820,7
595092,819,820,7
595102,819,820,7
595112,822,820,7
595123,818,820,7
595133,822,820,7
595143,820,820,7
595153,818,820,7
595163,822,820,7
595174,819,820,7
595184,820,820,7
595194,822,820,7
595204,817,820,7
RIM
595225,831,819,7
595235,825,819,6
595245,825,819,6
595255,820,819,6
595265,825,819,6
595276,823,819,6
595286,822,819,6
595296,825,819,7
595306,818,819,7
595316,823,819,7
595327,822,819,7
595337,821,819,7
595347,824,819,7
595357,819,819,7
595367,823,819,7
595378,824,820,6
595388,820,820,6
595398,825,820,6
595408,820,820,6
595418,822,820,6
595429,825,820,6
595439,820,820,6
595449,824,820,6
595459,822,820,6
595469,821,820,6
595480,824,820,7
595490,820,820,6
595500,824,820,6
595510,822,820,6
595520,820,820,6
595531,824,820,7
595541,820,820,6
595551,823,820,6
595561,824,820,7
595571,819,820,7
595582,824,820,7
595592,821,820,7
595602,823,820,7
595612,824,820,7
595622,819,820,7
595633,824,820,7
595643,822,820,7
595653,820,820,7
595663,824,820,7
595673,819,820,7
595684,822,820,7
595694,824,820,7
595704,820,820,7
595714,824,820,7
595724,820,820,7
595735,822,820,7
595745,825,820,7
595755,817,820,7
595765,824,820,7
595775,820,820,7
595786,822,820,7
595796,824,820,7
595806,820,820,7
595816,822,820,7
595826,823,820,7
595837,820,820,7
595847,824,820,7
595857,820,820,7
595867,822,820,7
595877,825,821,6
595888,820,821,6
595898,824,821,6
595908,821,821,6
595918,822,821,6
595928,824,821,6
595939,818,821,6
595949,826,821,6
595959,821,821,6
595969,821,821,6
595979,825,821,6
595990,819,821,6
596000,823,821,6
596010,822,821,6
596020,819,821,6
596030,825,821,6
596041,819,821,6
596051,823,821,6
596061,823,821,6
596071,819,821,6
596081,823,821,6
596092,820,821,6
596102,822,821,6
596112,823,821,6
596122,819,821,6
596132,824,821,6
596143,822,821,6
596153,821,821,6
596163,824,821,6
596173,819,821,6
596183,824,821,6
596194,823,821,6
596204,820,821,6
596214,824,821,6
596224,820,821,6
596234,822,821,6
596245,823,821,6
596255,819,821,6
596265,824,821,6
596275,821,821,6
596285,822,821,6
596296,824,821,6
596306,818,821,6
596316,823,821,6
596326,822,821,6
596336,820,821,6
596347,824,821,6
596357,819,821,6
596367,822,821,6
596377,824,821,6
596387,819,821,6
596398,825,821,6
596408,820,822,5
596418,822,822,5
596428,823,822,5
596438,819,822,5
OSM
596459,378,373,3
596469,374,373,3
596479,375,373,2
596489,371,373,2
596500,374,373,2
596510,373,373,2
596520,373,373,2
596530,374,373,2
596540,372,373,2
596551,373,373,2
596561,374,373,2
596571,371,373,2
596581,374,373,2
596591,372,373,2
596602,373,373,2
596612,374,373,2
596622,370,373,2
596632,374,373,2
596642,372,373,2
596653,372,373,2
596663,373,373,2
596673,371,373,2
596683,372,373,2
596693,374,373,2
596704,372,373,2
596714,374,373,2
596724,371,373,2
596734,373,373,2
596744,375,373,2
596755,372,373,2
596765,375,373,2
596775,376,373,2
596785,374,373,2
596795,375,373,2
596805,372,373,2
596816,375,373,2
596826,374,373,2
596836,373,373,2
596846,374,373,2
596856,373,373,2
596867,373,373,2
596877,375,373,2
596887,372,373,2
596897,375,373,2
596907,371,373,2
596918,374,373,2
596928,375,373,2
596938,371,373,2
596948,375,373,2
596958,373,373,2
596969,379,373,2
596979,374,373,2
596989,371,373,2
596999,374,373,2
597009,374,373,2
597020,379,373,2
597030,374,373,2
597040,372,373,2
597050,374,373,2
597060,374,373,2
597071,378,373,3
597081,373,373,3
597091,372,373,3
597101,374,373,3
597111,374,373,3
597122,372,373,3
597132,374,373,3
597142,372,373,3
597152,373,373,3
597162,375,373,3
597173,378,373,3
597183,374,373,3
597193,373,373,3
597203,373,373,3
597213,374,373,3
597224,373,373,3
597234,374,373,3
597244,374,373,3
597254,372,373,3
597264,376,373,3
597275,378,373,3
597285,373,373,3
597295,375,373,3
597305,372,373,3
597315,374,373,3
597326,379,373,3
597336,374,373,3
597346,374,373,3
597356,373,373,3
597366,374,373,3
597377,379,373,3
597387,371,373,3
597397,375,373,3
597407,372,373,3
597417,374,373,3
597428,381,373,4
597438,371,373,4
597448,373,373,4
597458,373,373,4
597468,373,373,4
597479,380,373,4
597489,371,373,4
597499,374,373,4
597509,374,373,4
597519,373,373,4
597530,380,373,4
597540,370,373,5
597550,374,373,5
597560,374,373,5
597570,372,373,5
597581,380,373,5
597591,371,373,5
597601,374,373,5
597611,375,373,5
597621,371,373,5
597632,381,373,5
597642,372,373,5
597652,372,373,5
597662,375,373,5
597672,373,373,5
SIM
597693,835,820,7
597703,822,820,6
597713,823,820,6
597723,816,820,6
597734,821,820,6
597744,821,820,6
597754,816,820,6
597764,822,820,6
597774,816,820,6
597785,819,820,6
597795,822,820,6
597805,817,820,6
597815,821,820,6
597825,818,820,6
597836,821,820,6
597846,822,820,6
597856,816,820,6
597866,822,820,6
597876,819,820,6
597887,818,820,6
597897,823,820,6
597907,817,820,6
597917,821,820,6
597927,822,820,6
597938,817,820,6
597948,824,820,6
597958,818,820,6
597968,821,820,6
597978,821,820,6
597989,817,820,6
597999,822,820,6
598009,819,820,6
598019,820,820,6
598029,822,820,6
598040,817,820,6
598050,822,820,6
598060,821,820,6
598070,819,820,6
598080,822,820,6
598091,818,820,6
598101,821,820,6
598111,822,820,6
598121,817,820,6
598131,821,820,6
598142,818,820,6
598152,821,820,6
598162,822,820,6
598172,818,820,6
598182,821,820,6
598193,820,820,6
598203,819,820,6
598213,822,820,6
598223,817,820,6
598233,821,820,6
598244,821,820,6
598254,818,820,6
598264,823,820,6
598274,817,820,6
598284,820,820,6
598295,823,820,6
598305,817,820,6
598315,822,820,6
598325,818,820,6
598335,820,820,6
598346,822,820,6
598356,817,820,6
598366,821,820,6
598376,820,820,6
598386,818,820,6
598397,822,820,6
598407,817,820,6
598417,821,820,6
598427,822,820,6
598437,818,820,6
598448,823,820,6
598458,818,820,6
598468,820,820,6
598478,822,820,6
598488,816,820,6
598499,823,820,6
598509,819,820,6
598519,820,820,6
598529,822,820,6
598539,817,820,6
598550,824,820,6
598560,820,820,6
598570,818,820,6
598580,822,820,6
598590,817,820,6
598601,821,820,6
598611,822,820,6
598621,817,820,6
598631,824,820,6
598641,817,820,6
598652,821,820,6
598662,822,820,6
598672,816,820,6
598682,822,820,6
598692,818,820,6
598703,820,820,6
598713,822,820,6
598723,816,820,6
598733,820,820,6
598744,821,820,6
598754,818,820,6
598764,822,820,6
598774,816,820,6
598784,820,820,6
598795,822,820,6
598805,816,820,6
598815,822,820,6
598825,818,820,6
598835,819,819,7
598846,822,820,6
598856,816,819,7
598866,821,819,7
598876,820,819,7
598886,819,819,7
598897,823,819,7
598907,817,819,7
RIM
598927,832,822,5
598937,818,822,5
598948,823,821,6
598958,818,821,6
598968,821,821,6
598978,823,821,6
598988,818,821,6
598999,823,821,6
599009,821,821,5
599019,820,821,5
599029,824,821,6
599039,818,821,6
599050,823,821,6
599060,821,821,6
599070,820,821,5
599080,824,821,5
599090,818,821,6
599101,822,821,5
599111,823,821,5
599121,819,821,5
599131,823,821,5
599141,819,821,5
599152,821,821,5
599162,823,821,5
599172,818,821,5
599182,822,821,5
599192,819,821,5
599203,821,821,5
599213,823,821,5
599223,819,821,5
599233,822,821,5
599243,822,821,5
599254,818,821,5
599264,823,821,5
599274,819,821,5
599284,821,821,5
599294,824,821,5
599305,817,821,5
599315,823,821,5
599325,818,821,5
599335,820,821,5
599345,824,821,5
599356,817,821,6
599366,822,821,5
599376,821,821,5
599386,820,821,5
599396,822,821,5
599407,818,821,5
599417,823,821,5
599427,822,821,5
599437,819,821,5
599447,823,821,5
599458,818,821,5
599468,821,821,5
599478,823,821,5
599488,818,821,5
599498,823,821,5
599509,819,821,5
599519,821,821,5
599529,824,821,5
599539,817,821,5
599549,822,821,5
599560,820,821,5
599570,819,821,5
599580,822,821,5
599590,818,821,5
599600,822,821,5
599611,822,821,5
599621,818,821,5
599631,823,821,5
599641,819,821,5
599651,821,821,5
599662,822,821,5
599672,817,821,5
599682,823,821,5
599692,820,821,5
599702,822,821,5
599713,823,821,5
599723,817,821,5
599733,822,821,5
599743,821,821,5
599753,819,821,5
599764,823,821,5
599774,818,821,5
599784,821,821,5
599794,822,821,5
599804,818,821,5
599815,822,821,5
599825,819,821,5
599835,821,821,5
599845,823,821,5
599855,817,821,5
599866,822,821,5
599876,820,821,5
599886,820,820,6
599896,823,820,6
599906,818,820,6
599917,821,820,6
599927,823,820,6
599937,819,820,6
599947,823,820,6
599957,818,820,6
599968,822,820,6
599978,823,820,6
599988,818,820,6
599998,824,820,6
600008,819,820,6
600019,821,820,6
600029,823,820,6
600039,819,820,6
600049,824,820,6
600059,821,820,6
600070,822,820,6
600080,824,820,6
600090,818,820,6
600100,823,820,6
600110,823,820,6
600121,819,820,6
600131,823,820,6
600141,819,820,6
OSM
600162,378,373,5
600172,375,373,5
600182,373,373,5
600192,373,373,5
600203,373,373,5
600213,377,373,6
600223,371,373,6
600233,373,373,6
600243,373,373,6
600254,372,373,6
600264,373,373,6
600274,372,373,6
600284,374,373,6
600294,374,373,6
600305,371,373,6
600315,373,373,6
600325,372,373,5
600335,373,373,5
600345,375,373,6
600356,371,373,6
600366,373,373,6
600376,373,373,5
600386,374,373,5
600396,375,373,6
600407,376,373,6
600417,373,373,6
600427,374,373,6
600437,371,373,6
600447,374,373,6
600458,372,373,6
600468,373,373,6
600478,374,373,5
600488,371,373,5
600498,373,373,5
600509,373,373,5
600519,372,373,5
600529,374,373,5
600539,371,373,5
600549,374,373,5
600560,373,373,5
600570,372,373,5
600580,374,373,5
600590,371,373,5
600600,374,373,5
600611,374,373,5
600621,371,373,5
600631,375,373,5
600641,372,373,5
600651,373,373,5
600662,374,373,5
600672,371,373,5
600682,374,373,5
600692,372,373,5
600702,372,373,5
600713,374,373,5
600723,371,373,5
600733,374,373,5
600743,373,373,5
600753,372,373,5
600764,374,373,5
600774,371,373,5
600784,373,373,5
600794,374,373,5
600804,371,373,5
600815,374,373,5
600825,371,373,5
600835,373,373,5
600845,374,373,5
600855,370,373,5
600866,374,373,5
600876,372,373,5
600886,373,373,5
600896,374,373,5
600906,372,373,5
600917,374,373,5
600927,373,373,5
600937,372,373,5
600947,374,373,5
600957,372,373,5
600968,373,373,4
600978,374,373,4
600988,371,373,4
600998,373,373,4
601008,372,373,4
601019,373,373,4
601029,374,373,4
601039,371,373,4
601049,373,373,4
601059,374,373,4
601070,372,373,4
601080,374,373,4
601090,371,373,4
601100,373,373,4
601110,374,373,4
601121,371,373,4
601131,374,373,3
601141,371,373,3
601151,373,373,3
601161,375,373,3
601172,372,373,3
601182,374,373,3
601192,373,373,3
601202,372,373,3
601212,373,373,3
601223,371,373,3
601233,374,373,2
601243,373,373,2
601253,372,373,2
601263,373,373,2
601274,371,373,2
601284,372,372,3
601294,374,373,2
601304,371,372,3
601314,373,372,3
601325,372,372,3
601335,373,372,2
601345,374,372,2
601355,371,372,2
601365,374,372,2
601376,372,372,2
SIM
601396,840,820,8
601406,821,820,8
601416,823,820,8
601426,821,820,8
601437,819,820,8
601447,824,820,8
601457,818,820,8
601467,822,820,8
601477,822,820,8
601488,819,820,8
601498,823,820,8
601508,820,820,8
601518,821,820,8
601528,823,820,8
601539,819,820,8
601549,822,820,8
601559,819,820,8
601569,821,820,8
601579,823,820,8
601590,817,820,8
601600,824,820,8
601610,822,820,8
601620,819,820,8
601630,823,820,8
601641,818,820,8
601651,821,820,8
601661,824,820,8
601671,817,820,8
601681,823,820,8
601692,819,820,8
601702,821,820,8
601712,823,820,8
601722,817,820,8
601732,823,820,8
601743,820,820,8
601753,820,820,8
601763,822,820,8
601773,816,820,8
601783,821,820,8
601794,821,820,8
601804,818,820,8
601814,822,820,8
601824,818,820,8
601834,821,820,8
601845,823,820,8
601855,817,820,8
601865,821,820,8
601875,818,820,8
601885,820,820,8
601896,822,820,8
601906,816,820,8
601916,821,820,8
601926,820,820,8
601936,820,820,8
601947,823,820,8
601957,817,820,8
601967,821,820,8
601977,820,820,8
601987,818,820,8
601998,822,820,8
602008,818,820,8
602018,820,820,8
602028,821,820,8
602038,817,820,8
602049,823,820,8
602059,818,820,8
602069,819,820,8
602079,821,820,8
602089,817,820,8
602100,823,820,8
602110,820,820,8
602120,818,820,8
602130,822,820,8
602140,817,820,8
602151,822,820,8
602161,822,820,8
602171,819,820,8
602181,823,820,8
602191,818,820,8
602202,822,820,8
602212,823,820,8
602222,817,820,8
602232,823,820,8
602242,820,820,8
602253,819,820,8
602263,822,820,8
602273,816,820,8
602283,823,820,8
602293,822,820,8
602304,820,820,8
602314,823,820,8
602324,818,820,8
602334,821,820,8
602344,821,820,8
602355,817,820,8
602365,822,820,8
602375,817,820,8
602385,819,820,8
602395,821,820,8
602406,816,820,8
602416,822,820,8
602426,819,820,8
602436,820,820,8
602446,822,820,8
602457,817,820,8
602467,821,820,8
602477,821,820,8
602487,817,820,8
602497,822,820,8
602508,817,820,8
602518,821,820,8
602528,822,820,8
602538,818,820,8
602548,822,820,8
602559,819,820,8
602569,820,820,8
602579,823,820,8
602589,817,820,8
602599,821,820,8
602610,819,820,8
RIM
602630,831,820,6
602640,821,820,6
602650,824,820,6
602661,825,820,6
602671,819,820,6
602681,823,820,6
602691,820,820,6
602701,823,820,6
602712,825,821,5
602722,818,820,6
602732,824,820,6
602742,821,821,5
602752,822,821,5
602763,827,821,5
602773,819,821,5
602783,823,821,5
602793,822,821,5
602803,820,821,5
602814,825,821,5
602824,820,821,5
602834,823,821,5
602844,824,821,5
602854,819,821,5
602865,824,821,5
602875,819,821,5
602885,822,821,5
602895,824,821,5
602905,820,821,5
602916,824,821,5
602926,820,821,5
602936,821,821,5
602946,824,821,5
602956,819,821,5
602967,823,821,5
602977,821,821,5
602987,820,821,5
602997,824,821,5
603007,820,821,5
603018,823,821,5
603028,823,821,5
603038,819,821,5
603048,823,821,5
603058,820,821,5
603069,822,821,5
603079,823,821,5
603089,820,821,5
603099,824,821,5
603109,822,821,5
603120,822,821,5
603130,823,821,5
603140,820,821,5
603150,823,821,5
603160,823,821,5
603171,820,821,5
603181,824,821,5
603191,819,821,5
603201,823,821,5
603211,824,821,5
603222,820,821,5
603232,823,821,5
603242,820,821,5
603252,822,821,5
603262,824,821,5
603273,819,821,5
603283,822,821,5
603293,821,821,5
603303,821,821,5
603313,826,821,5
603324,821,821,5
603334,824,821,5
603344,823,821,5
603354,820,821,5
603364,824,821,5
603375,820,821,5
603385,823,821,5
603395,824,821,5
603405,820,821,5
603415,824,821,5
603426,823,821,5
603436,821,821,5
603446,824,821,5
603456,817,821,5
603466,821,821,5
603477,821,821,5
603487,820,821,5
603497,822,821,5
603507,817,821,5
603517,822,821,5
603528,823,821,5
603538,819,821,5
603548,823,821,5
603558,818,821,5
603568,821,821,5
603579,823,821,5
603589,817,821,5
603599,822,821,5
603609,819,821,5
603619,819,821,5
603630,822,821,5
603640,818,821,5
603650,823,821,5
603660,821,821,5
603670,819,821,5
603681,822,821,5
603691,818,821,5
603701,822,821,5
603711,823,821,5
603721,818,821,5
603732,823,821,5
603742,819,821,5
603752,821,821,5
603762,823,821,5
603772,817,821,5
603783,822,821,5
603793,821,821,5
603803,821,821,5
603813,823,821,5
603823,817,821,5
603834,823,821,5
603844,822,821,5
OSM
603865,380,372,2
603875,380,372,3
603885,377,372,3
603895,374,372,3
603906,371,372,3
603916,374,372,3
603926,373,372,3
603936,372,372,3
603946,374,372,3
603957,372,372,3
603967,374,372,3
603977,373,372,3
603987,372,372,3
603997,374,372,3
604008,371,372,3
604018,373,372,3
604028,375,372,3
604038,371,372,3
604048,374,372,3
604059,371,372,3
604069,373,372,3
604079,373,372,3
604089,371,372,3
604099,374,372,3
604110,372,372,3
604120,372,372,3
604130,374,372,3
604140,371,372,3
604150,373,372,3
604161,373,372,3
604171,372,372,3
604181,374,372,3
604191,372,372,3
604201,373,372,3
604212,374,372,3
604222,370,372,3
604232,374,372,3
604242,372,372,3
604252,373,372,3
604263,373,372,3
604273,370,372,3
604283,374,372,3
604293,373,372,3
604303,372,372,3
604314,374,372,3
604324,371,372,3
604334,373,372,3
604344,374,372,3
604354,372,372,3
604365,373,372,3
604375,371,372,3
604385,373,372,3
604395,374,372,3
604405,372,372,3
604416,373,372,3
604426,373,372,3
604436,372,372,3
604446,374,372,3
604456,371,372,3
604467,374,372,3
604477,373,372,3
604487,372,372,3
604497,374,372,3
604507,372,372,3
604518,374,372,3
604528,373,372,3
604538,371,372,3
604548,373,372,3
604558,372,372,3
604569,373,372,3
604579,374,372,3
604589,370,372,3
604599,374,372,3
604609,373,372,3
604620,372,372,3
604630,374,372,3
604640,370,372,3
604650,374,372,3
604660,374,372,3
604671,372,372,3
604681,374,372,3
604691,371,372,3
604701,373,372,3
604711,376,372,3
604722,372,372,3
604732,374,372,3
604742,373,372,3
604752,372,372,3
604762,373,372,3
604773,370,372,3
604783,373,372,3
604793,372,372,3
604803,372,372,3
604813,373,372,3
604824,371,372,3
604834,374,372,3
604844,374,372,3
604854,371,372,3
604864,373,372,3
604875,371,372,3
604885,373,372,3
604895,374,372,3
604905,371,372,3
604915,374,372,3
604926,372,372,3
604936,372,372,3
604946,374,372,3
604956,370,372,3
604966,373,372,3
604977,372,372,3
604987,371,372,3
604997,374,372,3
605007,371,372,3
605017,374,372,3
605028,374,372,3
605038,371,372,3
605048,374,372,3
605058,371,372,3
605068,372,372,3
605079,374,372,3
SIM
605099,839,820,7
605109,820,820,7
605119,821,820,7
605130,822,820,7
605140,816,820,7
605150,821,820,7
605160,820,820,7
605170,820,820,7
605181,822,820,7
605191,826,820,7
605201,822,820,7
605211,822,820,7
605221,820,820,7
605232,823,820,7
605242,820,820,7
605252,820,820,7
605262,821,820,7
605272,817,820,7
605282,823,820,7
605293,819,820,7
605303,820,820,7
605313,822,820,7
605323,818,820,7
605333,821,820,7
605344,822,820,7
605354,818,820,7
605364,823,820,7
605374,818,820,7
605384,821,820,7
605395,822,820,7
605405,817,820,7
605415,822,820,7
605425,818,820,7
605435,820,820,7
605446,822,820,7
605456,817,820,7
605466,821,820,7
605476,820,820,7
605486,819,820,7
605497,822,820,7
605507,816,820,7
605517,821,820,7
605527,822,820,7
605537,817,820,7
605548,822,820,7
605558,816,820,7
605568,820,820,7
605578,822,820,7
605588,816,820,7
605599,822,820,7
605609,818,820,7
605619,819,820,7
605629,822,820,7
605639,817,820,7
605650,821,820,7
605660,820,820,7
605670,820,820,7
605680,823,820,7
605690,817,820,7
605701,821,820,7
605711,821,820,7
605721,817,820,7
605731,822,820,7
605741,817,820,7
605752,821,820,7
605762,822,820,7
605772,817,820,7
605782,823,820,7
605792,819,820,7
605803,820,820,7
605813,822,820,7
605823,816,820,7
605833,822,820,7
605843,820,820,7
605854,819,820,7
605864,822,820,7
605874,817,820,7
605884,820,820,7
605894,821,820,7
605905,817,820,7
605915,822,820,7
605925,818,820,7
605935,820,820,7
605945,822,820,7
605956,817,820,7
605966,823,820,7
605976,819,820,7
605986,820,820,7
605996,822,820,7
606007,817,820,7
606017,821,820,7
606027,821,820,7
606037,818,820,7
606047,822,820,7
606058,817,820,7
606068,820,820,7
606078,822,820,7
606088,817,820,7
606098,821,820,7
606109,818,820,7
606119,821,820,7
606129,822,820,7
606139,816,820,7
606149,821,820,7
606160,819,820,7
606170,818,820,7
606180,822,820,7
606190,817,820,7
606200,821,820,7
606211,822,820,7
606221,819,820,7
606231,822,820,7
606241,818,820,7
606251,821,820,7
606262,822,820,7
606272,816,820,7
606282,821,820,7
606292,818,820,7
606302,820,820,7
606313,822,820,7
RIM
606333,833,821,6
606343,821,821,6
606353,819,821,5
606364,822,821,5
606374,818,821,5
606384,823,821,5
606394,822,821,5
606404,818,821,5
606415,822,821,5
606425,819,821,5
606435,823,821,5
606445,821,821,5
606455,817,821,5
606466,822,821,5
606476,820,821,5
606486,820,821,5
606496,822,821,5
606506,817,821,5
606517,820,821,5
606527,822,821,5
606537,820,821,5
606547,823,821,5
606557,818,821,5
606568,821,821,5
606578,823,821,5
606588,818,821,5
606598,824,821,5
606608,818,821,5
606619,820,821,5
606629,824,821,5
606639,818,821,5
606649,822,821,5
606659,821,821,5
606670,819,821,5
606680,823,821,5
606690,818,821,5
606700,822,821,5
606710,822,821,5
606721,818,821,5
606731,824,821,5
606741,819,821,5
606751,822,821,5
606761,823,821,5
606772,817,821,5
606782,824,821,5
606792,820,821,5
606802,822,821,5
606812,823,821,5
606823,818,821,5
606833,823,821,5
606843,822,821,5
606853,820,821,5
606863,824,821,5
606874,817,821,5
606884,822,821,5
606894,823,821,5
606904,818,821,5
606914,823,821,5
606925,817,821,6
606935,821,821,5
606945,824,821,6
606955,817,821,6
606965,823,821,6
606976,818,821,6
606986,820,820,7
606996,823,821,6
607006,817,820,7
607016,823,820,7
607027,819,820,7
607037,819,820,6
607047,824,820,6
607057,818,820,7
607067,822,820,6
607078,822,820,6
607088,818,820,6
607098,823,820,6
607108,819,820,6
607118,822,820,6
607129,822,820,6
607139,818,820,6
607149,823,820,6
607159,819,820,6
607169,820,820,6
607180,822,820,6
607190,818,820,6
607200,822,820,6
607210,821,820,6
607220,820,820,6
607231,822,820,6
607241,818,820,6
607251,823,820,6
607261,823,820,6
607271,818,820,6
607282,822,820,6
607292,819,820,6
607302,822,820,6
607312,823,820,6
607322,817,820,6
607333,822,820,6
607343,821,820,6
607353,820,820,6
607363,822,820,6
607373,818,820,6
607384,821,820,6
607394,822,820,6
607404,819,820,6
607414,823,820,6
607424,818,820,6
607435,821,820,6
607445,824,820,6
607455,818,820,6
607465,822,820,6
607475,820,820,6
607486,820,820,6
607496,823,820,6
607506,818,820,6
607516,822,820,6
607526,821,820,6
607537,818,820,6
607547,823,820,6
OSM
607568,380,372,3
607578,379,372,3
607588,376,372,3
607598,375,372,3
607609,372,372,3
607619,375,372,3
607629,377,372,3
607639,371,372,3
607649,373,372,3
607660,374,372,3
607670,374,372,3
607680,375,372,3
607690,372,372,3
607700,375,372,3
607711,374,372,3
607721,372,372,3
607731,375,372,3
607741,373,372,3
607751,374,372,3
607762,376,372,3
607772,372,372,3
607782,373,372,3
607792,371,372,3
607802,372,372,3
607813,375,372,3
607823,371,372,3
607833,373,372,3
607843,373,372,3
607853,375,372,3
607863,374,372,3
607874,373,372,3
607884,373,372,3
607894,373,372,3
607904,372,372,3
607914,374,372,3
607925,371,372,3
607935,374,372,3
607945,374,373,2
607955,371,372,3
607965,373,372,3
607976,377,373,2
607986,373,373,2
607996,374,373,2
608006,371,373,2
608016,374,373,2
608027,378,373,3
608037,371,373,3
608047,375,373,3
608057,372,373,3
608067,373,373,3
608078,378,373,3
608088,370,373,3
608098,375,373,3
608108,371,373,3
608118,373,373,3
608129,379,373,3
608139,371,373,3
608149,374,373,3
608159,373,373,3
608169,373,373,3
608180,378,373,3
608190,371,373,3
608200,373,373,3
608210,374,373,3
608220,373,373,3
608231,380,373,4
608241,371,373,4
608251,374,373,4
608261,374,373,4
608271,371,373,4
608282,379,373,4
608292,371,373,4
608302,374,373,4
608312,374,373,4
608322,371,373,4
608333,378,373,4
608343,373,373,4
608353,373,373,4
608363,374,373,4
608373,371,373,4
608384,379,373,5
608394,374,373,5
608404,372,373,5
608414,374,373,4
608424,372,373,4
608435,373,373,4
608445,374,373,4
608455,371,373,4
608465,374,373,4
608475,372,373,4
608486,377,373,5
608496,375,373,5
608506,372,373,5
608516,373,373,5
608526,373,373,5
608537,376,373,5
608547,374,373,5
608557,372,373,5
608567,373,373,5
608577,374,373,5
608588,376,373,5
608598,374,373,5
608608,372,373,5
608618,373,373,5
608628,375,373,5
608639,376,373,5
608649,374,373,5
608659,373,373,5
608669,373,373,5
608679,374,373,5
608690,376,373,5
608700,373,373,5
608710,373,373,5
608720,372,373,5
608730,375,373,5
608741,377,373,5
608751,373,373,5
608761,374,373,5
608771,371,373,5
608781,374,373,5
SIM
608802,840,820,7
608812,826,820,8
608822,819,820,8
608832,825,820,8
608843,820,820,8
608853,822,820,8
608863,824,820,8
608873,817,820,8
608883,823,820,8
608894,821,820,8
608904,817,820,8
608914,823,820,8
608924,827,820,8
608934,822,820,8
608945,823,820,8
608955,817,820,8
608965,823,820,8
608975,817,820,8
608985,821,820,8
608996,823,820,8
609006,817,820,8
609016,823,820,8
609026,820,820,8
609036,819,820,8
609047,822,820,8
609057,817,820,8
609067,822,820,8
609077,821,820,8
609087,818,820,8
609098,824,820,9
609108,817,820,9
609118,821,820,9
609128,823,820,9
609138,816,820,9
609149,826,820,9
609159,817,820,9
609169,820,820,9
609179,822,820,9
609189,816,820,9
609200,822,820,9
609210,819,820,9
609220,818,820,9
609230,823,820,9
609240,816,820,9
609251,822,820,9
609261,821,820,9
609271,816,820,9
609281,823,820,9
609291,817,820,9
609302,821,820,9
609312,821,820,9
609322,816,820,9
609332,822,820,9
609342,818,820,9
609353,820,820,9
609363,822,820,9
609373,816,820,9
609383,822,820,9
609393,819,820,9
609404,819,820,9
609414,824,820,9
609424,816,820,9
609434,821,820,9
609444,822,820,9
609455,817,820,9
609465,822,820,9
609475,817,820,9
609485,821,820,9
609495,822,820,9
609506,815,820,10
609516,822,820,10
609526,819,820,9
609536,819,820,9
609546,823,820,9
609557,816,820,10
609567,822,820,10
609577,820,820,9
609587,818,820,10
609597,823,820,10
609608,817,820,10
609618,822,820,10
609628,824,820,10
609638,817,820,10
609649,824,820,10
609659,817,820,10
609669,821,820,10
609679,823,820,10
609689,816,820,10
609700,823,820,10
609710,820,820,10
609720,820,820,10
609730,823,820,10
609740,817,820,10
609751,822,820,10
609761,822,820,10
609771,819,820,10
609781,825,820,10
609791,818,820,10
609802,822,820,10
609812,823,820,10
609822,816,820,10
609832,822,820,10
609842,819,820,10
609853,819,820,10
609863,823,820,10
609873,816,820,10
609883,823,820,10
609893,821,820,10
609904,819,820,10
609914,822,820,10
609924,816,820,11
609934,822,820,11
609944,822,820,11
609955,816,820,11
609965,822,820,11
609975,817,820,11
609985,820,820,11
609995,823,820,11
610006,816,820,11
610016,822,820,11
RIM
610036,835,820,6
610046,828,820,7
610056,819,820,7
610067,826,820,7
610077,824,820,7
610087,820,820,7
610097,825,820,7
610107,819,820,7
610118,823,820,7
610128,824,821,7
610138,818,820,8
610148,824,820,8
610159,820,821,7
610169,822,821,7
610179,824,821,7
610189,817,821,7
610199,824,821,7
610210,822,821,7
610220,821,821,7
610230,825,821,7
610240,818,821,7
610250,824,821,7
610261,823,821,7
610271,819,821,7
610281,824,821,7
610291,818,821,7
610301,823,821,7
610312,824,821,7
610322,818,821,7
610332,825,821,7
610342,819,821,7
610352,822,821,7
610363,824,821,7
610373,818,821,7
610383,824,821,7
610393,821,821,7
610403,820,821,7
610414,824,821,7
610424,818,821,7
610434,823,821,7
610444,823,821,7
610454,819,821,7
610465,824,821,7
610475,819,821,7
610485,823,821,7
610495,823,821,7
610505,818,821,7
610516,824,821,7
610526,820,821,7
610536,821,821,7
610546,824,821,7
610556,817,821,7
610567,825,821,7
610577,823,821,7
610587,822,821,7
610597,827,821,7
610607,819,821,7
610617,824,821,7
610628,825,821,7
610638,819,821,7
610648,825,821,8
610658,819,821,7
610668,823,821,7
610679,825,821,8
610689,818,821,8
610699,825,821,8
610709,820,821,8
610720,820,821,8
610730,824,821,8
610740,817,821,8
610750,822,821,8
610760,822,821,8
610771,819,821,8
610781,823,821,8
610791,818,821,8
610801,822,821,8
610811,824,821,8
610822,817,821,8
610832,824,821,8
610842,818,821,8
610852,821,821,8
610862,825,821,8
610873,817,821,8
610883,823,821,8
610893,820,821,8
610903,819,821,8
610913,824,821,8
610924,818,821,8
610934,823,821,8
610944,822,821,8
610954,818,821,8
610964,824,821,8
610975,818,821,8
610985,822,821,8
610995,823,821,8
611005,818,821,8
611015,824,821,8
611026,820,821,8
611036,823,821,8
611046,823,821,8
611056,816,821,8
611066,823,821,8
611077,820,821,8
611087,820,821,8
611097,824,821,8
611107,818,821,8
611117,823,821,8
611128,823,821,8
611138,819,821,8
611148,825,821,9
611158,818,821,9
611168,822,821,9
611179,824,821,9
611189,817,821,9
611199,825,821,9
611209,819,821,9
611219,822,821,9
611230,824,821,9
611240,817,821,9
611250,824,821,9
OSM
611271,378,373,5
611281,378,373,4
611291,373,373,4
611301,374,373,4
611312,380,373,5
611322,372,373,5
611332,375,373,5
611342,373,373,5
611352,374,373,5
611363,376,373,5
611373,372,373,5
611383,374,373,5
611393,374,373,5
611403,373,373,5
611414,375,373,5
611424,372,373,5
611434,374,373,5
611444,375,373,5
611454,373,373,5
611465,376,373,5
611475,373,373,5
611485,374,373,5
611495,377,373,5
611505,372,373,5
611516,376,373,5
611526,373,373,5
611536,371,373,5
611546,373,373,5
611556,370,373,5
611567,374,373,5
611577,374,373,5
611587,371,373,5
611597,375,373,5
611607,373,373,5
611618,374,373,5
611628,375,373,5
611638,372,373,5
611648,377,373,5
611658,371,373,5
611669,373,373,5
611679,375,373,5
611689,371,373,5
611699,374,373,5
611709,374,373,5
611720,372,373,5
611730,375,373,5
611740,372,373,5
611750,376,373,5
611760,373,373,5
611771,373,373,5
611781,376,373,5
611791,372,373,5
611801,374,373,5
611811,375,373,5
611822,372,373,5
611832,376,373,4
611842,372,373,4
611852,374,373,4
611862,376,373,4
611873,372,373,4
611883,375,373,4
611893,373,373,4
611903,373,373,4
611913,375,373,4
611924,372,373,4
611934,375,373,4
611944,375,373,4
611954,373,373,4
611964,375,373,4
611975,372,373,4
611985,374,373,4
611995,376,373,4
612005,373,373,4
612015,375,373,4
612026,372,373,4
612036,373,373,3
612046,375,373,3
612056,371,373,3
612066,375,373,3
612077,374,373,3
612087,373,373,3
612097,376,373,3
612107,372,373,3
612117,375,373,3
612128,375,373,3
612138,372,373,3
612148,375,373,3
612158,373,373,3
612168,374,373,3
612179,375,373,3
612189,372,373,3
612199,376,373,3
612209,374,373,3
612219,374,373,3
612230,376,373,3
612240,372,373,3
612250,376,373,3
612260,374,373,3
612270,373,373,3
612281,376,373,3
612291,373,373,3
612301,375,373,3
612311,376,373,3
612321,372,373,3
612332,375,373,3
612342,373,373,3
612352,374,373,3
612362,376,373,3
612372,372,373,3
612383,375,373,3
612393,374,373,3
612403,373,373,3
612413,376,373,3
612423,372,373,3
612434,374,373,3
612444,374,373,3
612454,373,373,3
612464,376,373,3
612474,373,373,3
612485,374,373,3
SIM
612505,836,820,10
612515,826,820,10
612525,821,820,10
612535,823,820,9
612546,823,820,9
612556,817,820,10
612566,823,820,9
612576,819,820,9
612587,819,820,9
612597,822,820,9
612607,817,820,9
612617,821,820,9
612627,822,820,9
612638,818,820,9
612648,823,820,9
612658,817,820,9
612668,821,820,9
612678,823,820,9
612689,818,820,9
612699,821,820,9
612709,818,820,9
612719,819,820,9
612729,822,820,9
612740,817,820,9
612750,821,820,9
612760,820,820,9
612770,819,820,9
612781,822,820,9
612791,816,820,9
612801,821,820,9
612811,823,820,9
612821,819,820,9
612832,822,820,9
612842,818,820,9
612852,821,820,8
612862,823,820,8
612872,816,820,8
612883,822,820,8
612893,819,820,8
612903,819,820,8
612913,822,820,8
612923,817,820,8
612934,823,820,8
612944,820,820,8
612954,817,820,8
612964,821,820,8
612974,818,820,8
612985,821,820,8
612995,824,820,8
613005,817,820,8
613015,822,820,8
613025,818,820,8
613036,820,820,8
613046,822,820,8
613056,817,820,8
613066,821,820,8
613076,820,820,8
613087,819,820,8
613097,822,820,8
613107,817,820,8
613117,822,820,8
613127,821,820,8
613138,819,820,8
613148,821,820,8
613158,818,820,8
613168,820,820,8
613178,821,820,8
613189,818,820,8
613199,822,820,8
613209,820,820,7
613219,822,820,7
613229,824,820,8
613240,818,820,8
613250,822,820,8
613260,819,820,7
613270,818,820,7
613280,822,820,7
613291,818,820,7
613301,821,820,7
613311,821,820,7
613321,818,820,7
613331,822,820,7
613342,819,820,7
613352,820,820,7
613362,822,820,7
613372,817,820,7
613382,823,820,7
613393,820,820,7
613403,819,820,7
613413,822,820,7
613423,818,820,7
613433,821,820,7
613444,821,820,7
613454,818,820,7
613464,822,820,7
613474,818,820,7
613484,821,820,7
613495,822,820,7
613505,817,820,7
613515,822,820,7
613525,818,820,7
613535,820,820,6
613546,822,820,7
613556,817,820,7
613566,821,820,7
613576,819,820,6
613586,819,820,6
613597,824,820,6
613607,817,820,7
613617,821,820,6
613627,823,820,6
613637,818,820,6
613648,823,820,6
613658,818,820,6
613668,820,820,6
613678,822,820,6
613688,817,820,6
613699,822,820,6
613709,818,820,6
613719,820,820,6
RIM
613739,828,821,8
613750,822,821,7
613760,820,821,7
613770,820,821,7
613780,823,821,7
613790,817,821,7
613801,821,821,7
613811,822,821,7
613821,818,821,7
613831,822,821,7
613841,817,821,7
613852,820,821,7
613862,822,821,7
613872,817,821,7
613882,822,821,7
613892,818,821,7
613903,819,821,7
613913,822,821,7
613923,817,821,7
613933,821,821,7
613943,819,821,7
613954,819,821,7
613964,822,821,7
613974,818,821,7
613984,821,821,7
613994,821,821,7
614005,818,821,7
614015,822,821,7
614025,817,821,7
614035,821,821,7
614045,822,821,7
614056,817,821,7
614066,822,821,7
614076,819,821,7
614086,821,821,7
614096,822,821,7
614107,818,821,7
614117,822,821,7
614127,821,821,6
614137,819,821,6
614147,821,820,7
614158,819,820,7
614168,821,820,7
614178,822,820,7
614188,818,820,7
614198,821,820,7
614209,818,820,7
614219,821,820,7
614229,822,820,7
614239,818,820,7
614249,820,820,7
614260,820,820,7
614270,818,820,7
614280,822,820,7
614290,817,820,7
614300,820,820,6
614311,821,820,6
614321,817,820,6
614331,821,820,6
614341,817,820,6
614351,820,820,6
614362,822,820,6
614372,817,820,6
614382,822,820,6
614392,818,820,6
614402,819,820,6
614413,821,820,6
614423,816,820,6
614433,822,820,6
614443,820,820,6
614453,818,820,6
614464,822,820,6
614474,818,820,6
614484,821,820,6
614494,821,820,6
614504,819,820,5
614515,822,820,5
614525,818,820,5
614535,820,820,5
614545,821,820,5
614555,820,820,5
614566,825,820,5
614576,822,820,5
614586,821,820,5
614596,824,820,5
614606,820,820,5
614617,824,820,5
614627,823,820,5
614637,821,820,5
614647,824,820,5
614657,820,820,5
614668,823,820,5
614678,824,820,5
614688,820,820,5
614698,825,820,5
614708,819,820,5
614719,822,820,5
614729,824,820,5
614739,818,820,5
614749,824,820,5
614759,822,820,5
614770,822,820,5
614780,824,820,5
