Polling for available serial device...
Opening serial monitor for com port: "/dev/ttyACM0"
Serial monitor opened successfully:
1340451,535,537,3
1340461,537,537,3
1340471,538,537,2
1340481,535,537,2
1340492,537,537,2
1340502,536,537,2
1340512,537,537,2
1340522,538,537,2
1340532,540,537,2
1340543,537,537,2
1340553,538,537,2
1340563,538,537,2
1340573,537,537,2
1340583,535,537,2
1340594,537,537,2
1340604,537,537,2
1340614,535,537,2
1340624,539,537,2
1340634,537,537,2
1340645,537,537,2
1340655,540,537,2
1340665,537,537,2
1340675,539,537,2
1340685,538,537,2
1340696,538,537,2
1340706,539,537,2
1340716,535,537,2
1340726,539,537,2
1340736,539,537,2
1340747,537,537,2
1340757,539,537,2
1340767,537,537,2
1340777,538,537,2
1340787,540,537,2
1340798,536,537,2
1340808,539,537,2
1340818,536,537,2
1340828,537,537,2
1340838,539,537,2
1340849,536,537,2
1340859,539,537,2
1340869,538,537,2
1340879,537,537,2
1340889,538,537,2
1340900,536,537,2
1340910,539,537,2
1340920,540,537,2
1340930,537,537,2
1340940,540,537,2
1340951,537,537,2
1340961,538,537,2
1340971,537,537,2
1340981,536,537,2
1340991,539,537,2
1341002,538,537,2
1341012,538,537,2
1341022,537,537,2
1341032,536,537,2
1341042,538,537,2
1341053,538,537,2
1341063,538,537,2
1341073,539,537,2
1341083,537,537,2
1341093,538,537,2
1341104,538,537,2
1341114,536,537,2
1341124,538,537,2
1341134,536,537,2
1341144,538,537,2
1341155,539,537,2
1341165,536,537,2
1341175,538,537,2
1341185,537,537,2
1341195,537,537,2
1341206,539,537,2
1341216,536,537,2
1341226,538,537,2
1341236,539,537,2
1341246,538,537,2
1341257,539,537,2
1341267,536,537,2
1341277,537,537,2
1341287,539,537,2
1341297,537,537,2
1341308,538,537,2
1341318,537,537,2
1341328,537,537,2
1341338,539,537,2
1341348,537,537,2
1341359,539,537,2
1341369,537,537,2
1341379,536,537,2
1341389,539,537,2
1341399,536,537,2
1341410,538,537,2
1341420,540,537,2
1341430,537,537,2
1341440,539,537,2
1341450,537,537,2
1341461,539,537,2
1341471,539,537,2
1341481,535,537,2
1341491,539,537,2
1341501,537,537,2
1341512,539,537,2
1341522,539,537,2
1341532,535,537,2
1341542,538,537,2
1341552,539,537,2
SIM
1341573,825,805,8
1341583,807,805,8
1341593,808,805,8
1341603,809,805,8
1341614,804,805,8
1341624,809,805,8
1341634,803,805,8
1341644,806,805,8
1341654,810,805,8
1341665,802,805,9
1341675,809,805,9
1341685,806,805,9
1341695,806,805,9
1341705,809,805,9
1341716,802,805,9
1341726,808,805,9
1341736,805,805,9
1341746,803,805,9
1341756,808,805,9
1341767,802,805,9
1341777,806,805,9
1341787,808,805,9
1341797,803,805,9
1341807,809,805,9
1341818,803,805,9
1341828,805,805,9
1341838,807,805,9
1341848,801,805,9
1341858,807,805,9
1341869,804,805,9
1341879,804,805,9
1341889,808,805,9
1341899,802,805,9
1341909,807,805,9
1341920,806,805,9
1341930,804,805,9
1341940,807,805,9
1341950,802,805,9
1341960,805,805,9
1341971,807,805,9
1341981,802,805,9
1341991,808,805,9
1342001,804,805,9
1342011,804,805,9
1342022,809,805,9
1342032,802,805,9
1342042,807,805,9
1342052,805,805,9
1342062,804,805,9
1342073,807,805,9
1342083,803,805,9
1342093,807,805,9
1342103,806,805,9
1342113,803,805,9
1342124,808,805,9
1342134,802,805,9
1342144,806,805,9
1342154,808,805,9
1342164,801,805,9
1342175,809,805,9
1342185,804,805,9
1342195,806,805,9
1342205,808,805,9
1342215,802,805,9
1342226,807,805,9
1342236,805,805,9
1342246,804,805,9
1342256,808,805,9
1342266,802,805,9
1342277,806,805,9
1342287,807,805,9
1342297,802,805,9
1342307,807,805,9
1342317,803,805,9
1342328,807,805,9
1342338,807,805,9
1342348,802,805,9
1342358,807,805,8
1342368,804,805,8
1342379,805,805,8
1342389,807,805,8
1342399,800,805,9
1342409,807,805,9
1342419,805,805,9
1342430,802,805,9
1342440,807,805,9
1342450,801,805,9
1342460,806,805,9
1342470,807,805,9
1342481,801,805,9
1342491,807,805,9
1342501,802,805,9
1342511,805,805,9
1342521,807,805,9
1342532,801,805,9
1342542,807,805,9
1342552,804,805,9
1342562,804,805,9
1342572,808,805,8
1342583,800,805,9
1342593,806,805,9
1342603,806,805,9
1342613,803,805,9
1342623,807,805,9
1342634,801,805,9
1342644,805,805,9
1342654,806,805,9
1342664,803,805,9
1342674,806,805,9
1342685,802,805,9
1342695,805,805,9
1342705,808,805,9
1342715,803,805,9
1342725,807,805,9
1342736,806,805,9
1342746,803,805,9
1342756,807,805,9
1342766,801,805,9
1342776,807,805,9
1342787,806,805,9
RIM
1342807,790,776,6
1342817,778,776,6
1342827,781,776,6
1342837,782,776,6
1342848,776,776,6
1342858,781,776,6
1342868,778,776,6
1342878,781,776,7
1342888,782,777,6
1342899,776,777,6
1342909,781,777,6
1342919,780,777,6
1342929,779,777,6
1342939,783,777,6
1342950,776,777,6
1342960,780,777,6
1342970,781,777,6
1342980,775,777,6
1342991,779,777,6
1343001,774,777,6
1343011,789,777,8
1343021,777,777,8
1343031,773,777,8
1343042,777,777,8
1343052,774,777,8
1343062,775,777,8
1343072,777,777,7
1343082,776,777,7
1343093,780,777,7
1343103,779,777,7
1343113,776,777,7
1343123,780,777,7
1343133,775,777,7
1343144,779,777,7
1343154,780,777,8
1343164,775,777,8
1343174,779,777,8
1343184,776,777,7
1343195,778,777,7
1343205,780,777,8
1343215,774,777,8
1343225,779,777,8
1343235,777,777,7
1343246,777,777,7
1343256,779,777,8
1343266,775,777,7
1343276,779,777,7
1343286,779,777,7
1343297,776,777,7
1343307,779,777,7
1343317,775,777,7
1343327,778,777,7
1343337,781,777,7
1343348,775,777,7
1343358,779,777,7
1343368,776,777,7
1343378,777,777,7
1343388,781,777,7
1343399,775,777,7
1343409,779,777,7
1343419,777,777,7
1343429,776,777,7
1343439,779,777,7
1343450,775,777,7
1343460,778,777,7
1343470,778,777,7
1343480,775,777,7
1343490,781,777,8
1343501,776,777,7
1343511,777,777,7
1343521,779,777,7
1343531,774,777,8
1343541,780,777,8
1343552,777,777,8
1343562,776,777,8
1343572,780,777,8
1343582,774,777,8
1343592,780,777,8
1343603,778,777,8
1343613,776,777,8
1343623,779,777,8
1343633,775,777,8
1343643,779,777,8
1343654,780,777,8
1343664,775,777,8
1343674,779,777,8
1343684,775,777,8
1343694,778,777,8
1343705,780,777,8
1343715,774,777,8
1343725,779,777,8
1343735,777,777,8
1343745,776,777,8
1343756,780,777,8
1343766,775,777,8
1343776,778,777,8
1343786,778,777,8
1343796,776,777,8
1343807,780,777,8
1343817,775,777,7
1343827,778,777,7
1343837,779,777,8
1343847,776,777,7
1343858,779,777,7
1343868,776,777,7
1343878,778,777,7
1343888,779,777,7
1343898,774,777,8
1343909,779,777,7
1343919,777,777,7
1343929,776,777,7
1343939,779,777,7
1343949,776,777,7
1343960,779,777,7
1343970,779,777,7
1343980,775,777,7
1343990,779,777,7
1344000,776,777,7
1344011,778,777,7
1344021,779,777,7
OSM
1344042,542,537,2
1344052,539,537,2
1344062,538,537,2
1344073,538,537,2
1344083,535,537,2
1344093,536,537,2
1344103,537,537,2
1344113,536,537,2
1344124,538,537,2
1344134,535,537,2
1344144,537,537,2
1344154,540,537,2
1344164,534,537,2
1344175,538,537,2
1344185,537,537,2
1344195,538,537,2
1344205,539,537,2
1344215,536,537,2
1344226,538,537,2
1344236,538,537,2
1344246,536,537,2
1344256,539,537,2
1344266,536,537,2
1344277,537,537,2
1344287,539,537,2
1344297,537,537,2
1344307,539,537,2
1344317,536,537,2
1344328,537,537,2
1344338,539,537,2
1344348,536,537,2
1344358,539,537,2
1344368,538,537,2
1344379,536,537,2
1344389,539,537,2
1344399,536,537,2
1344409,538,537,2
1344419,538,537,2
1344430,536,537,2
1344440,539,537,2
1344450,537,537,2
1344460,539,537,2
1344470,539,537,2
1344481,534,537,2
1344491,539,537,2
1344501,536,537,2
1344511,538,537,2
1344521,538,537,2
1344532,535,537,2
1344542,538,537,2
1344552,537,537,2
1344562,538,537,2
1344572,538,537,2
1344583,535,537,2
1344593,539,537,2
1344603,539,537,2
1344613,537,537,2
1344623,538,537,2
1344634,535,537,2
1344644,538,537,2
1344654,538,537,2
1344664,537,537,2
1344674,537,537,2
1344685,536,537,2
1344695,538,537,2
1344705,540,537,2
1344715,536,537,2
1344725,539,537,2
1344736,538,537,2
1344746,537,537,2
1344756,539,537,2
1344766,537,537,2
1344776,539,537,2
1344787,539,537,2
1344797,538,537,2
1344807,541,537,2
1344817,542,537,2
1344827,538,537,2
1344838,546,537,3
1344848,536,537,3
1344858,539,537,3
1344868,538,537,3
1344878,537,537,3
1344889,539,537,3
1344899,536,537,3
1344909,539,537,3
1344919,539,537,3
1344929,537,537,3
1344940,539,537,3
1344950,537,537,3
1344960,539,537,3
1344970,540,537,3
1344980,537,537,3
1344991,539,537,3
1345001,538,537,3
1345011,539,537,3
1345021,539,537,3
1345031,536,537,3
1345042,539,537,3
1345052,538,537,3
1345062,537,537,3
1345072,539,537,3
1345082,537,537,3
1345093,538,537,3
1345103,539,537,3
1345113,537,537,3
1345123,539,537,3
1345133,537,537,3
1345144,539,537,3
1345154,539,537,3
1345164,537,537,3
1345174,539,537,3
1345184,537,537,3
1345195,537,537,3
1345205,540,537,3
1345215,537,537,3
1345225,539,537,3
1345235,539,537,3
1345246,538,537,3
1345256,539,537,3
SIM
1345276,825,805,9
1345286,812,805,9
1345297,804,805,9
1345307,809,805,9
1345317,803,805,9
1345327,806,805,9
1345337,807,805,9
1345348,803,805,9
1345358,809,805,9
1345368,805,805,9
1345378,806,805,9
1345388,808,805,9
1345399,803,805,9
1345409,807,805,9
1345419,806,805,9
1345429,805,805,9
1345439,808,805,9
1345450,802,805,9
1345460,806,805,9
1345470,808,805,9
1345480,802,805,9
1345490,808,805,9
1345501,803,805,9
1345511,806,805,9
1345521,808,805,9
1345531,803,805,9
1345541,808,805,9
1345552,805,805,9
1345562,806,805,9
1345572,809,805,9
1345582,803,805,9
1345592,808,805,9
1345603,807,805,9
1345613,804,805,9
1345623,808,805,9
1345633,802,805,9
1345643,807,805,9
1345654,808,805,9
1345664,802,805,9
1345674,808,805,9
1345684,802,805,9
1345694,805,805,9
1345705,806,805,9
1345715,801,805,9
1345725,806,805,9
1345735,804,805,9
1345745,803,805,9
1345756,807,805,9
1345766,800,805,9
1345776,806,805,9
1345786,806,805,9
1345796,802,805,9
1345807,806,805,9
1345817,802,805,9
1345827,805,805,9
1345837,805,805,9
1345848,802,805,9
1345858,807,805,9
1345868,803,805,9
1345878,805,805,9
1345888,809,805,9
1345899,802,805,9
1345909,806,805,9
1345919,806,805,9
1345929,804,805,9
1345939,809,805,9
1345950,804,805,9
1345960,806,805,9
1345970,807,805,9
1345980,803,805,9
1345990,807,805,9
1346001,802,805,9
1346011,806,805,9
1346021,807,805,9
1346031,802,805,9
1346041,807,805,9
1346052,805,805,9
1346062,804,805,9
1346072,808,805,9
1346082,802,805,9
1346092,808,805,9
1346103,807,805,9
1346113,803,805,9
1346123,808,805,9
1346133,804,805,9
1346143,806,805,9
1346154,808,805,9
1346164,803,805,9
1346174,809,805,9
1346184,804,805,9
1346194,807,805,9
1346205,807,805,9
1346215,803,805,9
1346225,809,805,9
1346235,806,805,9
1346245,804,805,9
1346256,809,805,9
1346266,803,805,9
1346276,808,805,9
1346286,807,805,9
1346296,805,805,9
1346307,810,805,9
1346317,804,805,9
1346327,807,805,9
1346337,809,805,9
1346347,802,805,9
1346358,808,805,9
1346368,804,805,9
1346378,805,805,9
1346388,808,805,9
1346398,802,805,9
1346409,806,805,9
1346419,806,805,9
1346429,804,805,9
1346439,810,805,9
1346449,802,805,9
1346460,805,805,9
1346470,806,805,9
1346480,801,805,9
1346490,806,805,9
RIM
1346511,791,777,7
1346521,781,777,8
1346531,772,777,8
1346541,779,777,7
1346551,777,777,7
1346562,776,777,7
1346572,778,777,7
1346582,773,777,7
1346592,778,777,7
1346602,776,777,7
1346613,774,777,7
1346623,778,777,7
1346633,773,777,7
1346643,777,777,7
1346653,778,777,7
1346664,773,777,7
1346674,778,777,7
1346684,773,777,7
1346694,776,777,7
1346704,778,777,7
1346715,772,777,6
1346725,777,777,6
1346735,775,777,6
1346745,775,777,6
1346755,777,777,6
1346766,772,777,6
1346776,777,777,6
1346786,776,777,6
1346796,774,777,6
1346806,778,777,6
1346817,773,777,6
1346827,776,777,6
1346837,777,777,6
1346847,773,777,6
1346857,777,777,6
1346868,774,777,6
1346878,776,777,6
1346888,777,777,6
1346898,772,777,6
1346908,777,776,7
1346919,775,777,6
1346929,774,776,7
1346939,778,776,7
1346949,773,776,7
1346959,777,776,7
1346970,777,776,7
1346980,773,776,7
1346990,777,776,7
1347000,773,776,7
1347010,776,776,7
1347021,777,776,7
1347031,772,776,7
1347041,777,776,7
1347051,775,776,7
1347061,775,776,7
1347072,777,776,7
1347082,772,776,7
1347092,776,776,7
1347102,776,776,7
1347112,774,776,7
1347123,777,776,7
1347133,772,776,7
1347143,775,776,7
1347153,777,776,7
1347163,773,776,7
1347174,778,776,7
1347184,773,776,7
1347194,775,776,7
1347204,779,776,7
1347214,772,776,7
1347225,778,776,7
1347235,774,776,7
1347245,774,776,7
1347255,779,776,7
1347265,772,776,7
1347276,776,776,7
1347286,776,776,7
1347296,774,776,7
1347306,778,776,7
1347316,773,776,7
1347327,776,776,7
1347337,777,776,7
1347347,773,776,7
1347357,778,776,6
1347367,773,776,6
1347378,775,776,6
1347388,777,776,6
1347398,772,776,7
1347408,777,776,6
1347418,776,776,6
1347429,774,776,6
1347439,778,776,6
1347449,773,776,6
1347459,777,776,6
1347469,776,776,6
1347480,772,775,7
1347490,778,775,7
1347500,772,775,7
1347510,776,775,7
1347520,778,775,7
1347531,772,775,7
1347541,777,775,7
1347551,773,775,7
1347561,776,775,7
1347571,777,775,7
1347582,771,775,7
1347592,777,775,7
1347602,775,775,7
1347612,774,775,7
1347622,777,775,7
1347633,773,775,7
1347643,776,775,7
1347653,777,775,7
1347663,774,775,7
1347673,777,775,7
1347684,772,775,7
1347694,776,775,7
1347704,777,775,7
1347714,773,775,7
1347724,777,775,6
OSM
1347746,537,537,3
1347756,538,537,3
1347766,535,537,3
1347776,539,537,3
1347787,540,537,3
1347797,537,537,3
1347807,541,537,3
1347817,539,537,3
1347827,538,537,3
1347838,539,537,3
1347848,535,537,3
1347858,539,537,3
1347868,539,537,3
1347878,537,537,3
1347889,538,537,3
1347899,535,537,3
1347909,539,537,3
1347919,538,537,3
1347929,537,537,3
1347940,538,537,3
1347950,535,537,3
1347960,538,537,3
1347970,540,537,3
1347980,537,537,3
1347991,538,537,3
1348001,536,537,3
1348011,538,537,3
1348021,541,537,3
1348031,535,537,3
1348042,538,537,3
1348052,538,537,3
1348062,538,537,3
1348072,540,537,3
1348082,536,537,3
1348093,537,537,3
1348103,537,537,3
1348113,537,537,3
1348123,540,537,3
1348133,536,537,3
1348144,537,537,3
1348154,538,537,3
1348164,537,537,3
1348174,539,537,3
1348184,538,537,3
1348195,536,537,3
1348205,537,537,3
1348215,536,537,3
1348225,538,537,3
1348235,537,537,3
1348246,536,537,3
1348256,539,537,3
1348266,537,537,3
1348276,539,537,3
1348286,538,537,3
1348297,536,537,3
1348307,538,537,3
1348317,537,537,3
1348327,538,537,3
1348337,539,537,3
1348348,536,537,3
1348358,538,537,3
1348368,538,537,3
1348378,537,537,3
1348388,538,538,2
1348399,535,537,3
1348409,538,537,3
1348419,539,537,3
1348429,537,537,3
1348439,538,537,3
1348450,536,537,3
1348460,537,537,3
1348470,538,537,3
1348480,535,537,3
1348490,537,537,3
1348501,537,537,3
1348511,537,537,3
1348521,538,537,2
1348531,536,537,2
1348541,538,537,2
1348552,537,537,2
1348562,536,537,2
1348572,538,537,2
1348582,536,537,2
1348592,537,537,2
1348603,537,537,2
1348613,536,537,2
1348623,538,537,2
1348633,536,537,2
1348643,537,537,2
1348654,537,537,2
1348664,535,537,2
1348674,538,537,2
1348684,536,537,2
1348694,537,537,2
1348705,538,537,2
1348715,535,537,2
1348725,538,537,2
1348735,538,537,2
1348745,536,537,2
1348756,539,537,2
1348766,536,537,2
1348776,538,537,2
1348786,539,537,2
1348796,536,537,2
1348807,538,537,2
1348817,536,537,2
1348827,536,537,2
1348837,540,537,2
1348847,536,537,2
1348858,538,537,2
1348868,536,537,2
1348878,537,537,2
1348888,539,537,2
1348898,536,537,2
1348909,538,537,2
1348919,537,537,2
1348929,536,537,1
1348939,539,537,1
1348949,536,537,1
1348960,537,537,1
SIM
1348980,821,805,8
1348990,811,805,8
1349000,805,805,8
1349011,806,805,8
1349021,808,805,8
1349031,802,805,8
1349041,807,805,8
1349051,804,805,8
1349062,805,805,7
1349072,808,805,8
1349082,802,805,8
1349092,806,805,8
1349102,807,805,8
1349113,804,805,8
1349123,809,805,8
1349133,803,805,8
1349143,807,805,8
1349153,808,805,8
1349164,803,805,8
1349174,808,805,8
1349184,804,805,8
1349194,806,805,8
1349204,808,805,8
1349215,803,805,8
1349225,808,805,8
1349235,805,805,8
1349245,805,805,7
1349255,808,805,8
1349266,803,805,8
1349276,807,805,7
1349286,808,805,8
1349296,803,805,7
1349307,807,805,7
1349317,803,805,7
1349327,807,805,7
1349337,808,805,7
1349347,803,805,7
1349358,809,805,8
1349368,803,805,7
1349378,805,805,7
1349388,808,805,7
1349398,803,805,7
1349409,807,805,7
1349419,805,805,7
1349429,804,805,7
1349439,807,805,7
1349449,802,805,7
1349460,807,805,7
1349470,808,805,7
1349480,803,805,7
1349490,807,805,7
1349500,803,805,7
1349511,807,805,7
1349521,808,805,7
1349531,801,805,7
1349541,807,805,7
1349551,804,805,7
1349562,803,805,7
1349572,808,805,7
1349582,802,805,8
1349592,807,805,7
1349602,806,805,7
1349613,803,805,7
1349623,808,805,7
1349633,801,805,8
1349643,806,805,7
1349653,808,805,7
1349664,802,805,8
1349674,808,805,8
1349684,803,805,8
1349694,805,805,8
1349704,807,805,8
1349715,801,805,8
1349725,807,805,8
1349735,804,805,8
1349745,804,805,8
1349755,808,805,8
1349766,801,805,8
1349776,807,805,8
1349786,807,805,8
1349796,802,805,8
1349806,806,805,8
1349817,801,805,8
1349827,806,805,8
1349837,807,805,8
1349847,802,805,8
1349857,808,805,8
1349868,803,805,8
1349878,805,805,8
1349888,807,805,8
1349898,802,805,8
1349908,807,805,8
1349919,805,805,8
1349929,803,805,8
1349939,807,805,8
1349949,801,805,8
1349959,806,805,8
1349970,807,805,8
1349980,802,805,8
1349990,805,805,8
1350000,802,805,8
1350010,807,805,7
1350021,807,805,7
1350031,802,805,8
1350041,808,805,7
1350051,803,805,7
1350061,806,805,7
1350072,808,805,7
1350082,802,805,8
1350092,805,805,7
1350102,805,805,7
1350112,803,805,7
1350123,808,805,7
1350133,801,805,8
1350143,806,805,7
1350153,806,805,7
1350163,801,805,7
1350174,808,805,8
1350184,802,805,7
1350194,806,805,7
RIM
1350214,785,775,5
1350224,783,775,5
1350235,779,775,5
1350245,779,775,5
1350255,782,775,6
1350265,776,775,6
1350275,780,775,6
1350286,783,775,6
1350296,778,775,6
1350306,781,775,7
1350316,776,775,7
1350326,779,775,7
1350337,780,775,7
1350347,776,775,7
1350357,782,775,7
1350367,777,775,7
1350377,779,775,7
1350388,780,775,8
1350398,776,775,8
1350408,780,775,8
1350418,777,775,8
1350428,777,775,8
1350439,781,776,7
1350449,776,776,7
1350459,779,776,7
1350469,779,776,7
1350479,776,776,7
1350490,781,776,7
1350500,776,776,7
1350510,779,776,7
1350520,780,776,7
1350530,775,776,7
1350541,780,776,7
1350551,776,776,7
1350561,777,776,7
1350571,779,776,7
1350582,772,776,7
1350592,778,776,7
1350602,775,776,7
1350612,774,776,7
1350622,778,776,7
1350633,773,776,7
1350643,777,776,7
1350653,777,776,7
1350663,773,776,7
1350673,778,776,7
1350684,773,776,7
1350694,776,776,7
1350704,778,776,7
1350714,772,776,7
1350724,778,776,7
1350735,776,776,7
1350745,775,776,7
1350755,778,776,7
1350765,772,776,7
1350775,778,776,7
1350786,776,776,7
1350796,775,776,7
1350806,778,776,7
1350816,773,776,7
1350826,777,776,7
1350837,779,776,7
1350847,773,776,7
1350857,778,776,7
1350867,774,776,7
1350877,777,776,7
1350888,778,776,7
1350898,773,776,7
1350908,778,776,7
1350918,776,776,7
1350928,775,776,7
1350939,778,776,7
1350949,773,776,7
1350959,777,776,7
1350969,777,776,7
1350979,774,776,7
1350990,779,776,7
1351000,773,776,7
1351010,777,776,7
1351020,778,776,7
1351030,773,776,7
1351041,779,776,7
1351051,774,776,7
1351061,777,776,7
1351071,779,776,7
1351081,773,776,7
1351092,778,776,7
1351102,776,776,7
1351112,775,776,7
1351122,778,776,7
1351132,773,776,7
1351143,776,776,7
1351153,776,776,7
1351163,774,776,7
1351173,778,776,7
1351183,774,776,7
1351194,777,776,7
1351204,777,776,7
1351214,772,776,7
1351224,778,776,7
1351234,774,776,7
1351245,775,776,7
1351255,778,776,7
1351265,772,776,7
1351275,777,776,7
1351285,776,776,7
1351296,774,776,7
1351306,777,776,7
1351316,773,776,7
1351326,777,776,7
1351336,777,776,7
1351347,773,776,7
1351357,778,776,7
1351367,773,776,7
1351377,776,776,7
1351387,778,776,7
1351398,773,776,7
1351408,777,776,7
1351418,774,776,7
1351428,775,776,7
OSM
1351449,539,537,1
1351459,539,537,2
1351469,541,537,2
1351479,539,537,2
1351490,539,537,2
1351500,537,537,2
1351510,539,537,1
1351520,539,537,1
1351530,537,537,1
1351541,539,537,1
1351551,537,537,1
1351561,542,537,2
1351571,544,537,2
1351581,540,537,2
1351592,539,537,2
1351602,538,537,2
1351612,537,537,2
1351622,540,537,2
1351632,540,537,2
1351643,539,537,2
1351653,539,537,2
1351663,537,537,2
1351673,539,537,2
1351683,541,537,2
1351694,539,537,2
1351704,539,537,2
1351714,537,537,2
1351724,539,537,2
1351734,541,537,2
1351745,539,537,2
1351755,539,537,2
1351765,538,537,2
1351775,539,537,2
1351785,540,537,2
1351796,538,537,2
1351806,540,537,2
1351816,537,537,2
1351826,539,537,2
1351836,546,537,3
1351847,537,537,3
1351857,539,537,3
1351867,538,537,3
1351877,539,537,3
1351887,544,537,4
1351898,537,537,4
1351908,539,537,4
1351918,538,537,4
1351928,538,537,4
1351938,544,538,3
1351949,537,538,3
1351959,539,538,3
1351969,539,538,3
1351979,538,538,3
1351989,543,538,3
1352000,538,538,3
1352010,538,538,3
1352020,540,538,3
1352030,536,538,3
1352040,543,538,3
1352051,538,538,3
1352061,538,538,3
1352071,540,538,3
1352081,537,538,3
1352091,543,538,4
1352102,539,538,3
1352112,537,538,3
1352122,540,538,3
1352132,537,538,3
1352142,543,538,4
1352153,538,538,4
1352163,537,538,4
1352173,540,538,4
1352183,537,538,4
1352193,543,538,4
1352204,540,538,4
1352214,537,538,4
1352224,540,538,4
1352234,538,538,4
1352244,543,538,4
1352255,539,538,4
1352265,536,538,4
1352275,540,538,4
1352285,538,538,4
1352295,542,538,4
1352306,540,538,4
1352316,537,538,4
1352326,539,538,4
1352336,544,538,4
1352346,539,538,4
1352357,540,538,4
1352367,537,538,4
1352377,539,538,4
1352387,540,538,4
1352397,540,538,4
1352408,540,538,4
1352418,538,538,4
1352428,539,538,4
1352438,540,538,4
1352448,540,538,4
1352459,539,538,4
1352469,538,538,4
1352479,540,538,4
1352489,540,538,4
1352499,538,538,4
1352510,540,538,4
1352520,539,539,3
1352530,541,539,3
1352540,540,539,3
1352550,541,539,3
1352561,538,539,3
1352571,539,539,3
1352581,536,539,3
1352591,539,539,3
1352601,538,539,3
1352612,539,539,3
1352622,539,539,3
1352632,540,539,3
1352642,543,539,3
1352652,543,539,3
1352663,538,539,3
SIM
1352683,820,805,7
1352693,810,805,7
1352703,810,805,7
1352713,803,805,7
1352724,808,805,7
1352734,802,805,7
1352744,806,805,7
1352754,808,805,7
1352765,802,805,7
1352775,808,805,7
1352785,805,805,7
1352795,804,805,7
1352805,809,805,7
1352816,802,805,8
1352826,807,805,7
1352836,806,805,7
1352846,803,805,7
1352856,808,805,7
1352867,803,805,7
1352877,806,805,7
1352887,807,805,7
1352897,803,805,7
1352907,808,805,7
1352918,804,805,7
1352928,806,805,7
1352938,809,805,7
1352948,802,805,8
1352958,807,805,7
1352969,805,805,7
1352979,804,805,7
1352989,808,805,7
1352999,802,805,7
1353009,807,805,7
1353020,807,805,7
1353030,802,805,8
1353040,809,805,8
1353050,803,805,8
1353060,805,805,7
1353071,808,805,7
1353081,802,805,8
1353091,808,805,8
1353101,804,805,8
1353111,805,805,7
1353122,808,805,8
1353132,802,805,8
1353142,807,805,8
1353152,807,805,8
1353162,805,805,8
1353173,809,805,8
1353183,802,805,8
1353193,806,805,8
1353203,807,805,8
1353213,802,805,8
1353224,810,805,8
1353234,803,805,8
1353244,806,805,8
1353254,808,805,8
1353264,802,805,8
1353275,807,805,8
1353285,805,805,8
1353295,806,805,8
1353305,808,805,8
1353315,802,805,8
1353326,808,805,8
1353336,807,805,8
1353346,804,805,8
1353356,808,805,8
1353366,803,805,8
1353377,806,805,8
1353387,808,805,8
1353397,802,805,8
1353407,810,805,8
1353417,803,805,8
1353428,806,805,8
1353438,809,805,8
1353448,802,805,8
1353458,808,805,8
1353468,805,805,8
1353479,804,805,8
1353489,807,805,8
1353499,803,805,8
1353509,807,805,8
1353519,806,805,8
1353530,804,805,8
1353540,808,805,8
1353550,803,805,8
1353560,807,805,8
1353570,808,805,8
1353581,803,805,8
1353591,808,805,8
1353601,804,805,8
1353611,806,805,8
1353621,808,805,8
1353632,803,805,8
1353642,808,805,8
1353652,806,805,8
1353662,805,805,8
1353672,809,805,8
1353683,804,805,8
1353693,808,805,8
1353703,807,805,8
1353713,803,805,8
1353723,808,805,8
1353734,804,805,8
1353744,807,805,8
1353754,809,805,8
1353764,802,805,8
1353774,808,805,8
1353785,805,805,8
1353795,806,805,8
1353805,808,805,8
1353815,803,805,8
1353825,808,805,8
1353836,807,805,8
1353846,805,805,8
1353856,808,805,8
1353866,803,805,8
1353876,806,805,8
1353887,808,805,8
1353897,802,805,8
RIM
1353917,785,776,7
1353927,777,776,7
1353938,780,776,7
1353948,775,776,7
1353958,780,776,6
1353968,777,776,6
1353978,777,776,6
1353989,780,776,6
1353999,776,776,6
1354009,779,776,6
1354019,780,776,6
1354029,777,776,6
1354040,779,776,6
1354050,775,776,6
1354060,777,776,6
1354070,777,776,6
1354080,772,776,6
1354091,778,776,5
1354101,774,776,6
1354111,776,776,5
1354121,777,776,5
1354131,773,776,5
1354142,778,776,5
1354152,775,776,5
1354162,775,776,5
1354172,777,776,5
1354182,773,776,5
1354193,777,776,5
1354203,776,776,5
1354213,773,776,5
1354223,778,776,5
1354233,773,776,5
1354244,777,776,5
1354254,777,776,5
1354264,772,776,5
1354274,778,776,5
1354284,774,776,5
1354295,776,776,5
1354305,778,776,5
1354315,772,776,5
1354325,777,776,5
1354335,775,776,5
1354346,774,776,5
1354356,778,776,5
1354366,773,776,5
1354376,777,776,5
1354386,777,776,5
1354397,773,776,5
1354407,779,776,5
1354417,774,776,5
1354427,776,776,5
1354437,778,776,5
1354448,772,776,5
1354458,777,776,5
1354468,774,776,5
1354478,775,775,6
1354488,778,776,5
1354499,772,775,6
1354509,777,775,6
1354519,777,776,5
1354529,774,775,6
1354539,778,775,6
1354550,774,775,6
1354560,776,775,6
1354570,778,776,5
1354580,773,775,6
1354590,779,775,6
1354601,774,775,6
1354611,776,775,6
1354621,777,775,6
1354631,772,775,6
1354641,777,775,6
1354652,775,775,6
1354662,775,775,6
1354672,778,775,6
1354682,773,775,6
1354692,777,775,6
1354703,777,775,6
1354713,773,775,6
1354723,778,775,6
1354733,773,775,6
1354743,776,775,6
1354754,778,775,6
1354764,773,775,6
1354774,778,775,6
1354784,774,775,6
1354794,776,775,6
1354805,778,775,6
1354815,772,775,6
1354825,778,775,6
1354835,775,775,6
1354845,774,775,6
1354856,777,775,6
1354866,772,775,6
1354876,777,775,6
1354886,777,775,6
1354896,773,775,6
1354907,777,775,6
1354917,774,775,6
1354927,776,775,6
1354937,778,775,6
1354947,772,775,6
1354958,778,775,6
1354968,774,775,6
1354978,774,775,6
1354988,777,775,6
1354998,772,775,6
1355009,777,775,6
1355019,776,775,6
1355029,774,775,6
1355039,778,775,6
1355049,773,775,6
1355060,777,775,6
1355070,778,775,6
1355080,773,775,6
1355090,778,775,6
1355100,773,775,6
1355111,776,775,6
1355121,778,775,6
1355131,772,775,6
OSM
1355152,539,539,3
1355162,536,539,3
1355172,538,539,3
1355182,539,539,3
1355193,538,539,3
1355203,542,539,3
1355213,539,539,3
1355223,541,539,3
1355233,539,539,3
1355244,539,539,3
1355254,539,539,3
1355264,538,539,3
1355274,541,539,3
1355284,540,539,3
1355295,538,539,3
1355305,539,539,3
1355315,539,539,3
1355325,541,539,3
1355335,541,539,3
1355346,537,539,3
1355356,539,539,3
1355366,539,539,3
1355376,540,539,3
1355386,542,539,3
1355397,537,539,3
1355407,539,539,3
1355417,539,539,3
1355427,540,539,3
1355437,542,539,3
1355448,537,539,3
1355458,539,539,3
1355468,539,539,3
1355478,540,539,3
1355488,541,539,3
1355499,536,539,3
1355509,539,539,3
1355519,540,539,3
1355529,540,539,3
1355539,541,539,3
1355550,537,539,3
1355560,539,539,3
1355570,539,539,3
1355580,538,539,3
1355590,541,539,3
1355601,537,539,3
1355611,538,539,3
1355621,541,539,3
1355631,539,539,3
1355641,541,539,3
1355652,538,539,3
1355662,538,539,3
1355672,541,539,3
1355682,538,539,3
1355692,541,539,3
1355703,539,539,3
1355713,537,539,3
1355723,541,539,3
1355733,539,539,3
1355743,541,539,2
1355754,540,539,2
1355764,537,539,2
1355774,541,539,2
1355784,539,539,2
1355794,541,539,2
1355805,540,539,2
1355815,537,539,2
1355825,540,539,2
1355835,540,539,2
1355845,540,539,2
1355856,540,539,2
1355866,537,539,2
1355876,541,539,2
1355886,541,539,2
1355896,539,539,2
1355907,540,539,2
1355917,537,539,2
1355927,540,539,2
1355937,541,539,2
1355947,539,539,2
1355958,540,539,2
1355968,538,539,2
1355978,540,539,2
1355988,542,539,2
1355998,539,539,2
1356009,539,539,2
1356019,538,539,2
1356029,540,539,2
1356039,542,539,2
1356049,540,539,2
1356060,539,539,2
1356070,539,539,2
1356080,538,539,2
1356090,542,539,2
1356100,540,539,2
1356111,538,539,2
1356121,539,539,2
1356131,539,539,2
1356141,541,539,2
1356151,541,539,2
1356162,539,539,2
1356172,539,539,2
1356182,536,539,2
1356192,541,539,2
1356202,541,539,2
1356213,537,539,2
1356223,539,539,2
1356233,539,539,2
1356243,541,539,2
1356253,543,539,2
1356264,537,539,2
1356274,538,539,2
1356284,539,539,2
1356294,540,539,2
1356304,541,539,2
1356315,537,539,2
1356325,538,539,2
1356335,540,539,2
1356345,540,539,2
1356355,541,539,2
1356366,537,539,2
SIM
1356386,822,805,8
1356396,805,805,8
1356406,807,805,8
1356417,803,805,8
1356427,806,805,8
1356437,807,805,8
1356447,802,805,8
1356457,808,805,8
1356468,804,805,8
1356478,806,805,8
1356488,806,805,8
1356498,801,805,8
1356508,807,805,8
1356519,804,805,8
1356529,805,805,8
1356539,807,805,8
1356549,800,805,8
1356559,807,805,8
1356570,806,805,8
1356580,802,805,8
1356590,808,805,8
1356600,802,805,8
1356610,806,805,8
1356621,807,805,8
1356631,800,805,8
1356641,806,805,8
1356651,803,805,8
1356661,804,805,8
1356672,807,805,8
1356682,800,805,8
1356692,806,805,8
1356702,804,805,8
1356712,802,805,8
1356723,807,805,8
1356733,802,805,8
1356743,806,805,8
1356753,807,805,8
1356763,803,805,8
1356774,807,805,8
1356784,803,805,8
1356794,806,805,8
1356804,808,805,8
1356814,804,805,8
1356825,808,805,8
1356835,806,805,8
1356845,805,805,8
1356855,809,805,8
1356865,804,805,8
1356876,808,805,8
1356886,807,805,8
1356896,804,805,8
1356906,809,805,8
1356916,803,805,8
1356927,806,805,8
1356937,808,805,8
1356947,802,805,8
1356957,808,805,8
1356967,804,805,8
1356978,806,805,8
1356988,808,805,8
1356998,802,805,8
1357008,807,805,8
1357018,804,805,8
1357029,804,805,7
1357039,808,805,8
1357049,802,805,8
1357059,807,805,8
1357069,806,805,8
1357080,802,805,8
1357090,808,805,8
1357100,804,805,8
1357110,806,805,7
1357121,806,805,7
1357131,802,805,7
1357141,807,805,7
1357151,802,805,7
1357161,806,805,7
1357172,807,805,7
1357182,801,805,7
1357192,807,805,7
1357202,805,805,7
1357212,804,805,7
1357223,808,805,7
1357233,802,805,7
1357243,806,805,7
1357253,808,805,7
1357263,803,805,7
1357274,808,805,7
1357284,805,805,7
1357294,806,805,7
1357304,808,805,7
1357314,802,805,7
1357325,807,805,7
1357335,804,805,7
1357345,805,805,7
1357355,806,805,7
1357365,802,805,7
1357376,809,805,7
1357386,807,805,7
1357396,805,805,7
1357406,809,805,7
1357416,802,805,7
1357427,808,805,7
1357437,809,805,8
1357447,802,805,8
1357457,808,805,8
1357467,804,805,8
1357478,807,805,7
1357488,809,805,8
1357498,802,805,8
1357508,808,805,8
1357518,806,805,8
1357529,805,805,8
1357539,808,805,8
1357549,803,805,8
1357559,807,805,8
1357569,806,805,8
1357580,803,805,8
1357590,807,805,8
1357600,802,805,8
RIM
1357620,790,775,7
1357631,778,775,7
1357641,782,775,7
1357651,778,775,7
1357661,780,775,7
1357671,781,775,7
1357682,776,775,7
1357692,781,775,8
1357702,779,776,7
1357712,779,776,7
1357722,782,776,7
1357733,776,776,7
1357743,782,776,7
1357753,780,776,7
1357763,776,776,7
1357773,782,776,7
1357784,774,776,7
1357794,777,776,7
1357804,777,776,7
1357814,773,776,7
1357824,778,776,7
1357835,774,776,7
1357845,776,776,7
1357855,779,776,7
1357865,772,776,7
1357875,777,776,7
1357886,776,776,7
1357896,774,776,7
1357906,779,776,8
1357916,772,776,8
1357926,776,776,8
1357937,778,776,7
1357947,774,776,8
1357957,778,776,8
1357967,773,776,7
1357977,777,776,7
1357988,778,776,7
1357998,772,776,8
1358008,778,776,8
1358018,775,776,7
1358028,775,776,7
1358039,778,776,7
1358049,773,776,8
1358059,777,776,8
1358069,777,776,7
1358079,774,776,7
1358090,778,776,7
1358100,773,776,7
1358110,777,776,7
1358120,778,776,7
1358130,773,776,8
1358141,778,776,8
1358151,774,776,7
1358161,776,776,7
1358171,778,776,7
1358181,772,776,8
1358192,777,776,7
1358202,776,776,7
1358212,775,776,7
1358222,778,776,7
1358232,772,776,7
1358243,777,776,7
1358253,776,776,7
1358263,774,776,7
1358273,778,776,7
1358283,773,776,7
1358294,776,776,7
1358304,778,776,7
1358314,772,776,8
1358324,778,776,8
1358334,775,776,7
1358345,776,776,7
1358355,778,776,7
1358365,773,776,8
1358375,777,776,7
1358385,776,776,7
1358396,775,776,7
1358406,778,776,7
1358416,773,776,7
1358426,778,776,7
1358436,777,776,7
1358447,774,776,7
1358457,778,776,7
1358467,774,776,7
1358477,776,776,7
1358487,778,776,7
1358498,773,776,7
1358508,778,776,7
1358518,775,776,7
1358528,775,776,7
1358538,778,776,7
1358549,773,776,7
1358559,778,776,7
1358569,776,776,7
1358579,774,776,7
1358589,778,776,7
1358600,773,776,7
1358610,776,776,7
1358620,778,776,7
1358630,773,776,7
1358640,777,776,7
1358651,774,776,7
1358661,776,776,7
1358671,778,776,7
1358681,772,776,7
1358691,777,776,7
1358702,776,776,7
1358712,775,776,7
1358722,778,776,7
1358732,773,776,7
1358742,777,776,7
1358753,776,776,7
1358763,774,776,7
1358773,778,776,7
1358783,773,776,7
1358793,776,776,7
1358804,778,776,7
1358814,773,776,7
1358824,778,776,7
1358834,774,776,7
OSM
1358855,541,539,2
1358865,535,539,2
1358875,538,539,2
1358885,540,539,2
1358896,535,539,2
1358906,538,539,2
1358916,536,539,2
1358926,538,539,2
1358936,538,539,2
1358947,536,539,2
1358957,538,539,2
1358967,537,539,2
1358977,538,539,2
1358987,537,539,2
1358998,536,539,2
1359008,541,539,2
1359018,535,539,2
1359028,536,539,3
1359038,538,539,2
1359049,535,539,3
1359059,537,539,3
1359069,536,539,3
1359079,535,538,4
1359089,539,538,4
1359100,535,538,4
1359110,537,538,4
1359120,537,538,4
1359130,535,538,4
1359140,537,538,4
1359151,536,538,4
1359161,537,538,4
1359171,539,538,4
1359181,537,538,4
1359191,539,538,4
1359202,537,538,4
1359212,537,538,4
1359222,538,538,3
1359232,537,538,3
1359242,539,538,3
1359253,538,538,3
1359263,536,538,3
1359273,538,538,3
1359283,537,538,3
1359293,538,538,3
1359304,538,538,3
1359314,536,538,3
1359324,538,538,3
1359334,538,538,3
1359344,538,538,3
1359355,538,538,3
1359365,535,538,3
1359375,539,538,3
1359385,537,538,3
1359395,538,538,3
1359406,538,538,3
1359416,536,538,3
1359426,539,538,3
1359436,537,538,3
1359446,538,538,3
1359457,539,538,3
1359467,537,538,3
1359477,538,538,3
1359487,539,538,3
1359497,537,538,3
1359508,539,538,3
1359518,537,538,3
1359528,538,538,3
1359538,539,538,3
1359548,537,538,3
1359559,538,538,3
1359569,537,538,3
1359579,537,538,3
1359589,539,538,3
1359599,537,538,3
1359610,539,538,3
1359620,539,538,3
1359630,537,538,3
1359640,539,538,2
1359650,537,538,2
1359661,538,538,2
1359671,538,538,2
1359681,536,538,2
1359691,538,538,2
1359701,537,538,2
1359712,537,538,2
1359722,539,538,2
1359732,537,538,2
1359742,539,537,3
1359752,539,537,3
1359763,537,537,3
1359773,539,537,3
1359783,537,537,3
1359793,539,537,3
1359803,539,537,3
1359814,537,537,3
1359824,539,537,3
1359834,537,537,3
1359844,539,537,3
1359854,539,537,3
1359865,536,537,3
1359875,538,537,3
1359885,537,537,2
1359895,538,537,2
1359905,539,537,2
1359916,537,537,2
1359926,539,537,2
1359936,539,537,2
1359946,537,537,2
1359956,539,537,2
1359967,537,537,2
1359977,538,537,2
1359987,538,537,2
1359997,535,537,2
1360007,539,537,2
1360018,537,537,2
1360028,538,537,2
1360038,538,537,2
1360048,537,537,2
1360058,539,537,1
1360069,538,537,1
SIM
1360089,826,805,9
1360099,806,805,9
1360109,809,805,9
1360119,808,805,9
1360130,804,805,9
1360140,808,805,9
1360150,804,805,9
1360160,806,805,9
1360170,807,805,9
1360181,801,805,9
1360191,807,805,9
1360201,804,805,9
1360211,805,805,9
1360222,808,805,9
1360232,802,805,9
1360242,807,805,9
1360252,805,805,9
1360262,805,805,9
1360273,808,805,9
1360283,801,805,9
1360293,806,805,9
1360303,806,805,9
1360313,801,805,9
1360324,808,805,9
1360334,802,805,9
1360344,805,805,9
1360354,805,805,9
1360364,801,805,9
1360375,807,805,9
1360385,805,805,9
1360395,805,805,9
1360405,807,805,9
1360415,801,805,9
1360426,807,805,9
1360436,805,805,9
1360446,803,805,9
1360456,806,805,9
1360466,802,805,9
1360477,807,805,9
1360487,807,805,9
1360497,802,805,9
1360507,807,805,9
1360517,803,805,9
1360528,805,805,9
1360538,808,805,9
1360548,801,805,9
1360558,808,805,9
1360568,804,805,9
1360579,805,805,9
1360589,808,805,9
1360599,802,805,9
1360609,806,805,9
1360619,806,805,9
1360630,804,805,9
1360640,808,805,9
1360650,802,805,9
1360660,806,805,9
1360670,808,805,9
1360681,802,805,9
1360691,808,805,9
1360701,803,805,9
1360711,806,805,9
1360721,807,805,9
1360732,802,805,9
1360742,808,805,9
1360752,805,805,9
1360762,804,805,9
1360772,808,805,9
1360783,803,805,9
1360793,806,805,9
1360803,806,805,9
1360813,803,805,9
1360823,809,805,9
1360834,802,805,9
1360844,806,805,9
1360854,808,805,9
1360864,802,805,9
1360874,812,805,9
1360885,804,805,9
1360895,807,805,9
1360905,808,805,9
1360915,807,805,9
1360925,809,805,9
1360936,806,805,9
1360946,804,805,9
1360956,808,805,9
1360966,803,805,9
1360976,807,805,9
1360987,807,805,9
1360997,803,805,9
1361007,809,805,9
1361017,803,805,9
1361027,806,805,9
1361038,808,805,9
1361048,802,805,9
1361058,809,805,10
1361068,805,805,9
1361078,805,805,9
1361089,808,805,9
1361099,803,805,9
1361109,807,805,9
1361119,806,805,9
1361129,804,805,9
1361140,808,805,9
1361150,802,805,9
1361160,807,805,9
1361170,808,805,9
1361180,803,805,9
1361191,808,805,9
1361201,804,805,9
1361211,806,805,9
1361221,807,805,9
1361231,802,805,9
1361242,808,805,9
1361252,804,805,9
1361262,805,805,9
1361272,809,805,9
1361282,803,805,9
1361293,807,805,9
1361303,806,805,9
RIM
1361323,785,776,6
1361333,774,776,6
1361343,776,776,6
1361354,780,776,6
1361364,776,776,6
1361374,781,776,6
1361384,777,776,6
1361395,779,776,6
1361405,781,776,6
1361415,774,776,6
1361425,780,776,6
1361435,779,776,6
1361446,778,776,5
1361456,780,776,5
1361466,777,776,5
1361476,779,776,5
1361486,779,776,5
1361497,777,776,5
1361507,781,776,5
1361517,776,776,5
1361527,778,776,5
1361537,780,776,5
1361548,776,776,5
1361558,780,776,5
1361568,776,776,5
1361578,777,776,5
1361588,780,776,5
1361599,774,776,5
1361609,779,776,5
1361619,778,776,5
1361629,776,776,5
1361639,779,776,5
1361650,774,776,5
1361660,780,776,5
1361670,780,776,6
1361680,776,776,6
1361690,780,776,6
1361701,776,776,6
1361711,779,776,6
1361721,780,776,6
1361731,775,776,6
1361741,779,776,6
1361752,776,776,6
1361762,777,776,6
1361772,780,776,6
1361782,775,776,6
1361792,778,776,6
1361803,777,776,6
1361813,776,776,6
1361823,780,776,6
1361833,775,776,6
1361843,778,776,6
1361854,779,776,6
1361864,776,776,6
1361874,779,776,6
1361884,776,776,6
1361894,777,776,6
1361905,779,776,6
1361915,775,776,6
1361925,779,776,6
1361935,776,776,6
1361945,776,776,6
1361956,778,776,6
1361966,774,776,6
1361976,779,776,6
1361986,778,776,6
1361996,775,776,6
1362007,778,776,6
1362017,775,776,6
1362027,778,776,6
1362037,779,776,6
1362047,775,776,6
1362058,779,776,6
1362068,776,776,6
1362078,777,776,6
1362088,780,776,6
1362098,774,776,6
1362109,779,776,6
1362119,777,777,5
1362129,776,777,5
1362139,779,777,5
1362149,774,777,5
1362160,778,777,5
1362170,778,777,5
1362180,776,777,5
1362190,779,777,5
1362200,775,777,5
1362211,777,777,5
1362221,779,777,5
1362231,774,777,5
1362241,779,777,5
1362251,776,777,5
1362262,777,777,5
1362272,780,777,5
1362282,775,777,5
1362292,779,777,5
1362302,778,777,4
1362313,776,777,4
1362323,780,777,4
1362333,775,777,4
1362343,778,777,4
1362353,779,777,4
1362364,775,777,4
1362374,781,777,5
1362384,776,777,4
1362394,778,777,4
1362404,780,777,4
1362415,776,777,4
1362425,781,777,4
1362435,779,777,4
1362445,779,777,4
1362455,782,777,5
1362466,776,777,5
1362476,781,777,5
1362486,781,777,5
1362496,778,777,5
1362506,782,777,5
1362517,777,777,5
1362527,781,777,5
1362537,781,777,5
OSM
1362558,543,537,2
1362568,540,537,2
1362578,538,537,2
1362588,539,537,2
1362599,536,537,2
1362609,539,537,2
1362619,539,537,2
1362629,540,537,2
1362639,542,537,2
1362650,541,537,2
1362660,538,537,2
1362670,543,537,2
1362680,539,537,2
1362690,543,537,3
1362701,541,537,3
1362711,538,537,3
1362721,543,537,3
1362731,539,538,2
1362741,542,538,2
1362752,541,538,2
1362762,537,538,2
1362772,543,538,2
1362782,540,538,2
1362792,543,538,2
1362803,542,538,2
1362813,537,538,2
1362823,542,538,3
1362833,541,538,3
1362843,543,538,3
1362854,543,538,3
1362864,537,538,3
1362874,543,538,3
1362884,542,538,3
1362894,543,538,4
1362905,543,538,4
1362915,536,538,4
1362925,542,538,4
1362935,542,538,4
1362945,542,538,4
1362956,543,538,4
1362966,537,538,4
1362976,541,538,4
1362986,543,538,5
1362996,541,538,5
1363007,542,538,5
1363017,537,538,5
1363027,538,538,5
1363037,545,538,5
1363047,539,538,5
1363058,543,539,4
1363068,538,539,4
1363078,541,539,4
1363088,542,539,4
1363098,541,539,4
1363109,542,539,4
1363119,539,539,4
1363129,541,539,4
1363139,542,539,4
1363149,541,539,4
1363160,542,539,4
1363170,539,539,4
1363180,540,539,4
1363190,542,539,5
1363200,540,539,5
1363211,542,539,5
1363221,540,539,5
1363231,541,539,5
1363241,543,539,5
1363251,540,539,5
1363262,542,539,5
1363272,540,539,5
1363282,539,539,5
1363292,541,539,5
1363302,543,539,5
1363313,541,539,5
1363323,539,539,5
1363333,539,539,5
1363343,543,539,5
1363353,542,539,5
1363364,541,539,5
1363374,539,539,5
1363384,540,539,5
1363394,542,539,5
1363404,542,539,5
1363415,541,539,5
1363425,539,539,5
1363435,541,539,5
1363445,542,540,4
1363455,543,540,4
1363466,541,540,4
1363476,539,540,4
1363486,541,540,4
1363496,541,540,4
1363506,542,540,4
1363517,541,540,4
1363527,539,540,4
1363537,544,540,4
1363547,541,540,4
1363557,543,540,4
1363568,541,540,4
1363578,538,540,4
1363588,542,540,4
1363598,539,540,4
1363608,542,540,4
1363619,542,540,4
1363629,538,540,4
1363639,543,540,4
1363649,541,540,4
1363659,541,540,4
1363670,543,540,4
1363680,537,540,4
1363690,542,540,4
1363700,540,540,4
1363710,541,540,4
1363721,544,540,4
1363731,536,540,4
1363741,543,540,4
1363751,540,540,4
1363761,542,540,4
1363772,543,540,4
SIM
1363792,822,805,8
1363802,807,805,8
1363812,805,805,8
1363822,808,805,8
1363833,802,805,8
1363843,808,805,8
1363853,807,805,8
1363863,804,805,8
1363874,809,805,8
1363884,804,805,8
1363894,808,805,8
1363904,808,805,8
1363914,803,805,8
1363925,808,805,8
1363935,805,805,8
1363945,806,805,8
1363955,809,805,8
1363965,803,805,8
1363976,809,805,8
1363986,807,805,8
1363996,805,805,8
1364006,810,805,8
1364016,803,805,8
1364027,808,805,8
1364037,809,805,8
1364047,803,805,8
1364057,807,805,8
1364067,803,805,8
1364078,805,805,8
1364088,807,805,8
1364098,802,805,8
1364108,808,805,8
1364118,804,805,8
1364129,805,805,8
1364139,808,805,8
1364149,801,805,8
1364159,808,805,8
1364169,805,805,8
1364180,804,805,8
1364190,807,805,8
1364200,801,805,8
1364210,806,805,8
1364220,806,805,8
1364231,802,805,8
1364241,807,805,8
1364251,803,805,8
1364261,805,805,8
1364271,806,805,8
1364282,802,805,8
1364292,806,805,8
1364302,804,805,8
1364312,804,805,8
1364322,808,805,8
1364333,802,805,8
1364343,808,805,8
1364353,806,805,8
1364363,803,805,8
1364373,807,805,8
1364384,801,805,8
1364394,806,805,8
1364404,807,805,8
1364414,802,805,8
1364424,807,805,8
1364435,803,805,8
1364445,805,805,8
1364455,808,805,8
1364465,801,805,8
1364475,806,805,8
1364486,805,805,8
1364496,803,805,8
1364506,807,805,8
1364516,801,805,8
1364526,806,805,8
1364537,806,805,8
1364547,802,805,8
1364557,807,805,8
1364567,802,805,8
1364577,806,805,8
1364588,807,805,8
1364598,801,805,8
1364608,807,805,8
1364618,803,805,8
1364628,805,805,8
1364639,808,805,8
1364649,802,805,8
1364659,807,805,8
1364669,804,805,8
1364679,803,805,8
1364690,807,805,8
1364700,802,805,8
1364710,804,805,8
1364720,806,805,7
1364730,801,805,8
1364741,807,805,8
1364751,802,805,8
1364761,805,805,7
1364771,806,805,7
1364781,800,805,8
1364792,806,805,8
1364802,803,805,8
1364812,804,805,8
1364822,808,805,8
1364832,801,805,8
1364843,806,805,8
1364853,807,805,8
1364863,803,805,8
1364873,807,805,8
1364883,802,805,8
1364894,806,805,8
1364904,806,805,8
1364914,801,805,8
1364924,807,805,8
1364934,802,805,8
1364945,805,805,8
1364955,807,805,8
1364965,801,805,8
1364975,807,805,8
1364985,803,805,8
1364996,803,805,8
1365006,806,805,8
RIM
1365026,788,777,5
1365036,779,777,5
1365046,774,777,5
1365057,778,777,5
1365067,774,777,5
1365077,776,777,5
1365087,778,777,5
1365097,772,777,5
1365108,778,777,5
1365118,774,777,5
1365128,776,777,5
1365138,778,777,5
1365148,772,777,5
1365159,778,777,5
1365169,776,777,5
1365179,775,777,5
1365189,778,777,5
1365199,772,777,6
1365210,779,777,5
1365220,779,777,6
1365230,775,777,6
1365240,780,777,6
1365251,776,777,6
1365261,778,777,5
1365271,779,777,6
1365281,773,777,6
1365291,777,777,6
1365302,775,777,6
1365312,776,777,5
1365322,779,777,6
1365332,773,777,6
1365342,777,777,6
1365353,776,777,6
1365363,774,777,6
1365373,778,777,5
1365383,773,777,6
1365393,777,777,6
1365404,778,777,6
1365414,773,777,6
1365424,778,777,6
1365434,774,777,6
1365444,776,777,6
1365455,778,777,6
1365465,773,777,6
1365475,778,777,6
1365485,776,777,6
1365495,774,777,6
1365506,779,777,6
1365516,773,777,6
1365526,777,777,6
1365536,777,777,6
1365546,774,777,6
1365557,778,777,6
1365567,773,777,6
1365577,777,777,6
1365587,778,777,6
1365597,772,777,6
1365608,778,777,6
1365618,775,777,6
1365628,776,776,7
1365638,778,777,6
1365648,773,776,7
1365659,777,776,7
1365669,776,776,7
1365679,774,776,7
1365689,777,776,7
1365699,772,776,7
1365710,777,776,7
1365720,777,776,7
1365730,773,776,7
1365740,778,776,7
1365750,773,776,7
1365761,776,776,7
1365771,778,776,7
1365781,772,776,7
1365791,777,776,7
1365801,774,776,7
1365812,775,776,7
1365822,777,776,7
1365832,772,776,7
1365842,777,776,7
1365852,776,776,7
1365863,775,776,7
1365873,778,776,7
1365883,772,776,7
1365893,776,776,7
1365903,777,776,7
1365914,773,776,7
1365924,777,776,7
1365934,774,776,7
1365944,776,776,7
1365954,778,776,7
1365965,772,776,7
1365975,778,776,7
1365985,774,776,7
1365995,775,776,7
1366005,778,776,7
1366016,773,776,7
1366026,778,776,7
1366036,776,776,7
1366046,774,776,7
1366056,778,776,7
1366067,772,776,7
1366077,777,776,7
1366087,778,776,7
1366097,772,776,7
1366107,778,776,7
1366118,774,776,7
1366128,776,776,7
1366138,777,776,7
1366148,773,776,7
1366158,777,776,6
1366169,775,776,6
1366179,775,776,6
1366189,777,776,6
1366199,773,776,6
1366209,777,775,7
1366220,776,775,7
1366230,774,775,6
1366240,778,775,6
OSM
1366261,538,540,4
1366271,537,540,4
1366281,535,540,4
1366291,540,540,4
1366302,535,540,4
1366312,541,540,4
1366322,537,540,4
1366332,534,540,5
1366342,537,540,5
1366353,538,540,5
1366363,536,540,5
1366373,539,540,5
1366383,537,540,5
1366393,539,540,5
1366404,540,540,5
1366414,536,540,5
1366424,538,540,5
1366434,538,540,5
1366444,539,540,5
1366455,540,540,5
1366465,536,540,5
1366475,539,540,5
1366485,538,540,5
1366495,539,540,5
1366506,539,540,5
1366516,537,540,5
1366526,538,540,5
1366536,539,540,5
1366546,537,540,5
1366557,538,540,5
1366567,538,540,5
1366577,538,540,5
1366587,540,540,5
1366597,537,540,5
1366608,539,540,4
1366618,537,540,4
1366628,538,539,5
1366638,540,539,5
1366648,536,539,5
1366659,540,539,5
1366669,538,539,5
1366679,537,539,5
1366689,539,539,5
1366699,537,539,5
1366710,538,539,5
1366720,539,539,5
1366730,536,539,5
1366740,540,539,5
1366750,538,539,5
1366761,538,539,5
1366771,539,539,5
1366781,536,539,5
1366791,539,539,5
1366801,538,539,5
1366812,538,539,4
1366822,539,539,4
1366832,536,539,5
1366842,539,539,4
1366852,539,539,4
1366863,537,539,4
1366873,538,539,4
1366883,539,539,4
1366893,540,539,4
1366903,541,539,4
1366914,538,539,4
1366924,539,539,4
1366934,539,539,4
1366944,540,539,4
1366954,540,539,4
1366965,536,539,4
1366975,539,539,4
1366985,539,539,4
1366995,540,539,4
1367005,541,539,4
1367016,537,539,4
1367026,538,539,4
1367036,538,539,4
1367046,539,539,4
1367056,541,539,4
1367067,537,539,4
1367077,538,539,4
1367087,539,539,4
1367097,538,539,4
1367107,541,539,4
1367118,537,539,4
1367128,538,539,4
1367138,539,539,4
1367148,538,538,5
1367158,540,538,4
1367169,539,538,4
1367179,538,538,4
1367189,538,538,4
1367199,539,538,4
1367209,540,538,4
1367220,540,538,4
1367230,536,538,4
1367240,539,538,4
1367250,539,538,4
1367260,540,538,4
1367271,539,538,3
1367281,536,538,3
1367291,539,538,3
1367301,539,538,3
1367311,542,538,3
1367322,540,538,3
1367332,536,538,3
1367342,539,538,3
1367352,540,538,3
1367362,539,538,3
1367373,540,538,3
1367383,536,538,3
1367393,538,538,3
1367403,541,538,3
1367413,541,538,3
1367424,538,538,2
1367434,537,538,2
1367444,538,538,2
1367454,539,538,2
1367464,539,538,2
1367475,540,538,2
SIM
1367495,823,805,8
1367505,811,805,8
1367515,804,805,8
1367526,808,805,8
1367536,805,805,8
1367546,804,805,8
1367556,807,805,8
1367566,802,805,8
1367577,806,805,8
1367587,806,805,8
1367597,801,805,8
1367607,806,805,8
1367617,803,805,8
1367628,805,805,8
1367638,808,805,8
1367648,802,805,8
1367658,806,805,8
1367668,803,805,8
1367679,804,804,9
1367689,807,804,9
1367699,801,804,9
1367709,806,804,9
1367719,805,804,9
1367730,803,804,8
1367740,805,804,8
1367750,802,804,8
1367760,805,804,8
1367770,806,804,8
1367781,801,804,8
1367791,807,804,8
1367801,803,804,8
1367811,804,804,8
1367821,807,804,8
1367832,801,804,8
1367842,808,804,8
1367852,805,804,8
1367862,804,804,8
1367872,806,804,8
1367883,802,804,8
1367893,808,804,8
1367903,807,804,8
1367913,804,804,8
1367923,809,804,8
1367934,803,804,8
1367944,806,804,8
1367954,808,804,8
1367964,802,804,8
1367974,808,804,9
1367985,804,804,9
1367995,805,804,9
1368005,808,804,9
1368015,802,804,9
1368025,806,804,9
1368036,806,804,9
1368046,805,804,8
1368056,807,804,8
1368066,801,804,9
1368076,807,804,9
1368087,806,804,9
1368097,802,804,9
1368107,806,804,8
1368117,803,804,8
1368127,805,804,8
1368138,807,804,8
1368148,801,804,9
1368158,807,804,8
1368168,803,804,8
1368178,805,804,8
1368189,807,804,8
1368199,801,804,9
1368209,806,804,8
1368219,804,804,8
1368229,802,804,8
1368240,806,804,8
1368250,802,804,8
1368260,807,804,8
1368270,807,804,8
1368281,802,804,8
1368291,808,804,8
1368301,805,804,8
1368311,806,804,8
1368321,808,804,9
1368332,802,804,9
1368342,808,804,9
1368352,806,804,9
1368362,805,804,8
1368372,809,804,9
1368383,802,804,9
1368393,807,804,9
1368403,807,805,8
1368413,804,805,8
1368423,807,805,8
1368434,801,805,8
1368444,805,805,8
1368454,807,805,8
1368464,801,805,8
1368474,807,805,8
1368485,804,805,8
1368495,805,805,8
1368505,807,805,8
1368515,802,805,8
1368525,808,805,8
1368536,806,805,8
1368546,805,805,8
1368556,808,805,8
1368566,803,805,8
1368576,807,805,8
1368587,807,805,8
1368597,804,805,8
1368607,808,805,8
1368617,803,805,8
1368627,807,805,8
1368638,808,805,8
1368648,804,805,8
1368658,808,805,8
1368668,803,805,7
1368678,804,805,7
1368689,809,805,8
1368699,802,805,8
1368709,808,805,8
RIM
1368729,791,775,7
1368740,784,775,7
1368750,775,775,7
1368760,778,775,7
1368770,779,775,8
1368780,774,775,8
1368791,778,775,8
1368801,774,775,7
1368811,777,775,7
1368821,778,776,6
1368831,772,775,8
1368842,778,775,8
1368852,775,776,6
1368862,775,775,7
1368872,778,776,6
1368882,773,775,8
1368893,778,775,8
1368903,777,776,6
1368913,774,775,7
1368923,778,775,7
1368933,774,775,7
1368944,777,775,7
1368954,778,775,7
1368964,774,775,7
1368974,779,775,7
1368984,773,775,7
1368995,777,775,7
1369005,778,775,7
1369015,773,775,7
1369025,778,775,7
1369035,776,775,7
1369046,774,775,7
1369056,778,775,7
1369066,774,775,7
1369076,778,775,7
1369086,777,775,7
1369097,774,775,7
1369107,778,775,7
1369117,774,775,7
1369127,777,775,7
1369137,778,775,7
1369148,773,775,7
1369158,778,775,7
1369168,775,775,7
1369178,777,775,7
1369188,778,775,7
1369199,772,775,7
1369209,778,775,7
1369219,776,775,7
1369229,774,775,7
1369239,778,775,7
1369250,773,775,7
1369260,777,775,7
1369270,778,775,7
1369280,774,775,7
1369290,778,775,7
1369301,774,775,7
1369311,779,775,7
1369321,783,776,7
1369331,775,776,7
1369341,781,776,7
1369352,778,776,7
1369362,778,776,7
1369372,781,776,7
1369382,776,776,7
1369392,780,776,7
1369403,779,776,7
1369413,777,776,7
1369423,781,776,7
1369433,776,776,7
1369443,779,776,7
1369454,781,776,7
1369464,776,776,7
1369474,779,776,7
1369484,776,776,7
1369494,778,776,7
1369505,780,776,7
1369515,775,776,7
1369525,780,776,7
1369535,777,776,7
1369545,777,776,7
1369556,781,776,8
1369566,776,776,8
1369576,779,776,8
1369586,779,776,8
1369596,775,776,8
1369607,780,776,8
1369617,776,776,8
1369627,779,776,8
1369637,780,776,8
1369647,774,776,8
1369658,780,776,8
1369668,776,776,8
1369678,777,776,8
1369688,779,776,8
1369698,774,776,8
1369709,778,776,8
1369719,778,776,8
1369729,776,776,8
1369739,778,776,8
1369749,772,776,8
1369760,777,776,8
1369770,777,776,8
1369780,773,776,8
1369790,778,776,8
1369800,773,776,8
1369811,775,776,8
1369821,779,776,8
1369831,773,776,8
1369841,777,776,8
1369851,775,776,8
1369862,776,776,8
1369872,778,776,8
1369882,773,776,8
1369892,778,776,8
1369902,776,776,8
1369913,775,776,8
1369923,779,776,8
1369933,773,776,8
1369943,777,776,8
OSM
1369964,536,538,2
1369974,537,538,2
1369984,535,538,2
1369994,537,538,2
1370005,538,538,2
1370015,534,538,2
1370025,537,538,2
1370035,536,538,2
1370045,537,538,2
1370056,538,538,2
1370066,534,538,2
1370076,536,538,2
1370086,537,538,2
1370096,538,538,2
1370107,537,538,2
1370117,535,538,2
1370127,537,538,2
1370137,540,538,2
1370147,535,538,2
1370158,538,538,2
1370168,536,538,2
1370178,539,538,2
1370188,538,538,2
1370198,535,538,2
1370209,538,538,2
1370219,537,538,2
1370229,535,538,2
1370239,538,538,2
1370249,536,538,2
1370260,537,538,2
1370270,537,538,2
1370280,536,538,2
1370290,538,538,2
1370300,536,538,2
1370311,537,538,2
1370321,538,538,2
1370331,535,538,2
1370341,537,538,2
1370351,536,538,2
1370362,538,538,2
1370372,539,538,2
1370382,535,537,3
1370392,537,537,3
1370402,538,537,3
1370413,537,537,3
1370423,538,537,3
1370433,536,537,3
1370443,537,537,3
1370453,538,537,3
1370464,536,537,3
1370474,538,537,3
1370484,536,537,3
1370494,537,537,3
1370504,538,537,3
1370515,536,537,3
1370525,539,537,3
1370535,536,537,3
1370545,536,537,3
1370555,538,537,3
1370566,536,537,3
1370576,538,537,3
1370586,537,537,3
1370596,536,537,3
1370606,539,537,3
1370617,536,537,3
1370627,537,537,3
1370637,538,537,3
1370647,536,537,3
1370657,539,537,3
1370668,538,537,3
1370678,538,537,3
1370688,539,537,3
1370698,535,537,3
1370708,538,537,2
1370719,538,537,2
1370729,538,537,2
1370739,539,537,2
1370749,535,537,2
1370759,538,537,2
1370770,539,537,2
1370780,538,537,2
1370790,539,537,2
1370800,536,537,2
1370810,537,537,2
1370821,539,537,2
1370831,537,537,2
1370841,539,537,2
1370851,536,537,2
1370861,537,537,2
1370872,539,537,2
1370882,537,537,2
1370892,539,537,2
1370902,537,537,2
1370912,537,537,2
1370923,539,537,2
1370933,538,537,2
1370943,538,537,2
1370953,538,537,2
1370963,536,537,2
1370974,539,537,2
1370984,537,537,2
1370994,538,537,2
1371004,538,537,2
1371014,535,537,2
1371025,538,537,2
1371035,538,537,2
1371045,538,537,2
1371055,538,537,2
1371065,535,537,2
1371076,539,537,2
1371086,539,537,2
1371096,537,537,2
1371106,539,537,1
1371116,535,537,1
1371127,539,537,1
1371137,538,537,1
1371147,537,537,1
1371157,538,537,1
1371167,535,537,1
1371178,537,537,1
SIM
1371198,820,805,7
1371208,811,805,7
1371218,807,805,7
1371228,807,805,7
1371239,810,805,7
1371249,802,805,7
1371259,809,805,7
1371269,807,805,7
1371280,805,805,7
1371290,810,805,7
1371300,803,805,7
1371310,807,805,7
1371320,807,805,7
1371331,802,805,7
1371341,809,805,7
1371351,803,805,7
1371361,806,805,7
1371371,809,805,7
1371382,803,805,7
1371392,808,805,8
1371402,805,805,7
1371412,805,805,7
1371422,808,805,7
1371433,802,805,7
1371443,807,805,8
1371453,807,805,7
1371463,803,805,8
1371473,808,805,8
1371484,802,805,8
1371494,807,805,8
1371504,808,805,8
1371514,801,805,8
1371524,808,805,8
1371535,804,805,8
1371545,806,805,8
1371555,810,805,8
1371565,801,805,8
1371575,808,805,8
1371586,807,805,8
1371596,804,805,8
1371606,810,805,8
1371616,802,805,8
1371626,808,805,8
1371637,808,805,8
1371647,804,805,8
1371657,809,805,8
1371667,803,805,8
1371677,807,805,8
1371688,809,805,8
1371698,802,805,8
1371708,808,805,8
1371718,805,805,8
1371728,806,805,8
1371739,808,805,8
1371749,803,805,8
1371759,807,805,8
1371769,808,805,8
1371779,806,805,8
1371790,809,805,8
1371800,802,805,8
1371810,806,805,8
1371820,808,805,8
1371830,802,805,8
1371841,807,805,8
1371851,804,805,8
1371861,805,805,8
1371871,807,805,8
1371881,802,805,8
1371892,807,805,8
1371902,805,805,8
1371912,804,805,8
1371922,808,805,8
1371932,800,805,8
1371943,806,805,8
1371953,806,805,8
1371963,802,805,8
1371973,807,805,8
1371983,802,805,8
1371994,805,805,8
1372004,807,805,8
1372014,801,805,8
1372024,808,805,8
1372034,802,805,8
1372045,805,805,8
1372055,807,805,8
1372065,801,805,9
1372075,806,805,8
1372085,804,805,8
1372096,803,805,8
1372106,807,805,8
1372116,801,805,8
1372126,805,805,8
1372136,806,805,8
1372147,802,805,8
1372157,806,805,8
1372167,802,805,8
1372177,806,805,8
1372187,807,805,8
1372198,800,805,9
1372208,807,805,9
1372218,803,805,8
1372228,805,805,8
1372238,807,805,8
1372249,800,805,9
1372259,806,805,9
1372269,805,805,9
1372279,802,805,9
1372289,807,805,9
1372300,802,805,9
1372310,805,805,9
1372320,806,805,9
1372330,802,805,9
1372340,807,805,9
1372351,803,805,9
1372361,806,805,8
1372371,808,805,9
1372381,801,805,9
1372391,806,805,9
1372402,803,805,8
1372412,804,805,8
RIM
1372432,789,776,7
1372442,783,776,7
1372452,780,776,7
1372463,777,776,7
1372473,780,776,7
1372483,773,776,7
1372493,777,776,7
1372503,778,776,7
1372514,773,776,8
1372524,778,776,8
1372534,774,776,7
1372544,777,776,7
1372554,779,776,7
1372565,774,776,7
1372575,779,776,8
1372585,775,776,7
1372595,775,776,7
1372605,779,776,7
1372616,774,776,7
1372626,777,776,7
1372636,777,776,7
1372646,775,776,7
1372656,779,776,7
1372667,774,776,7
1372677,777,776,7
1372687,778,776,7
1372697,772,776,8
1372707,778,776,8
1372718,775,776,7
1372728,776,776,7
1372738,778,776,7
1372748,773,776,7
1372758,778,776,7
1372769,776,776,7
1372779,776,776,7
1372789,777,776,7
1372799,774,776,7
1372809,777,776,7
1372820,778,776,7
1372830,774,776,7
1372840,778,776,7
1372850,774,776,7
1372860,778,776,7
1372871,778,776,7
1372881,773,776,7
1372891,778,776,7
1372901,774,776,7
1372911,776,776,7
1372922,778,776,7
1372932,773,776,7
1372942,778,776,7
1372952,776,776,7
1372962,775,776,7
1372973,778,776,7
1372983,776,776,7
1372993,779,777,6
1373003,779,777,6
1373014,775,777,6
1373024,780,776,7
1373034,776,776,7
1373044,778,776,7
1373054,779,776,7
1373065,774,776,7
1373075,780,776,7
1373085,777,776,7
1373095,777,776,7
1373105,780,776,7
1373116,775,776,7
1373126,779,776,7
1373136,778,776,7
1373146,775,776,7
1373156,779,776,6
1373167,776,776,6
1373177,778,776,6
1373187,780,776,7
1373197,775,776,7
1373207,779,776,6
1373218,776,776,6
1373228,778,776,6
1373238,779,776,6
1373248,774,776,6
1373258,779,776,6
1373269,777,776,6
1373279,778,776,6
1373289,779,776,6
1373299,774,776,6
1373309,778,776,6
1373320,778,776,6
1373330,776,776,6
1373340,780,776,6
1373350,775,776,6
1373360,778,776,6
1373371,780,776,6
1373381,775,776,6
1373391,780,776,6
1373401,776,776,6
1373411,777,776,6
1373422,780,776,6
1373432,775,776,6
1373442,779,776,6
1373452,777,776,6
1373462,776,776,6
1373473,780,776,6
1373483,775,776,6
1373493,779,776,6
1373503,778,776,6
1373513,775,776,6
1373524,779,776,6
1373534,776,776,6
1373544,779,776,6
1373554,780,777,5
1373564,775,777,5
1373575,779,777,5
1373585,776,777,5
1373595,777,777,5
1373605,779,777,5
1373615,775,777,5
1373626,779,777,5
1373636,778,777,5
1373646,776,777,5
OSM
1373667,540,537,1
1373677,539,537,1
1373687,547,537,2
1373697,537,537,2
1373708,540,537,2
1373718,537,537,2
1373728,538,537,2
1373738,539,537,2
1373748,537,537,2
1373759,539,537,2
1373769,539,537,2
1373779,538,537,2
1373789,540,537,2
1373799,541,537,2
1373810,543,537,3
1373820,540,537,3
1373830,537,537,3
1373840,541,537,3
1373850,538,537,3
1373861,539,537,3
1373871,540,537,3
1373881,537,537,3
1373891,539,537,3
1373901,542,537,3
1373912,538,537,3
1373922,540,537,3
1373932,536,537,3
1373942,543,537,3
1373952,543,537,4
1373963,541,537,4
1373973,540,537,4
1373983,537,537,4
1373993,539,537,4
1374003,543,538,3
1374014,540,538,3
1374024,540,538,3
1374034,538,538,3
1374044,542,538,3
1374054,543,538,3
1374065,541,538,3
1374075,539,538,3
1374085,538,538,3
1374095,538,538,3
1374105,544,538,4
1374116,539,538,4
1374126,540,538,4
1374136,539,538,4
1374146,542,538,4
1374156,544,538,4
1374167,541,538,4
1374177,539,538,4
1374187,539,538,4
1374197,537,538,4
1374207,542,538,4
1374218,541,538,4
1374228,540,538,4
1374238,539,538,4
1374248,541,538,4
1374258,543,538,5
1374269,542,538,5
1374279,538,538,5
1374289,539,538,5
1374299,537,538,5
1374309,542,538,5
1374320,543,538,5
1374330,537,538,5
1374340,539,538,5
1374350,540,538,5
1374360,543,538,5
1374371,543,538,5
1374381,537,538,5
1374391,540,538,5
1374401,538,539,4
1374411,539,539,4
1374422,545,539,5
1374432,537,539,5
1374442,540,539,5
1374452,540,539,4
1374462,542,539,5
1374473,543,539,5
1374483,537,539,5
1374493,539,539,5
1374503,540,539,5
1374513,539,539,5
1374524,543,539,5
1374534,538,539,5
1374544,539,539,5
1374554,540,539,5
1374564,541,539,5
1374575,543,539,5
1374585,538,539,5
1374595,538,539,5
1374605,539,539,5
1374615,539,539,5
1374626,542,539,5
1374636,539,539,5
1374646,538,539,5
1374656,539,539,5
1374666,541,539,5
1374677,542,539,5
1374687,540,539,5
1374697,538,539,5
1374707,539,539,5
1374717,538,539,5
1374728,539,539,5
1374738,539,539,5
1374748,537,539,5
1374758,540,539,5
1374768,542,539,5
1374779,541,539,5
1374789,540,539,5
1374799,537,539,5
1374809,541,539,5
1374819,539,539,5
1374830,537,539,5
1374840,539,539,5
1374850,537,539,5
1374860,541,539,5
1374870,541,539,4
1374881,540,539,4
SIM
1374901,822,805,9
1374911,809,805,9
1374921,810,805,9
1374931,803,805,9
1374942,807,805,9
1374952,805,805,9
1374962,805,805,9
1374972,807,805,9
1374983,801,805,9
1374993,809,805,9
1375003,808,805,9
1375013,804,805,9
1375023,808,805,9
1375034,804,805,9
1375044,806,805,9
1375054,808,805,9
1375064,804,805,9
1375074,808,805,8
1375085,804,805,8
1375095,805,805,8
1375105,809,805,9
1375115,803,805,9
1375125,808,805,9
1375136,806,805,8
1375146,804,805,8
1375156,808,805,9
1375166,803,805,9
1375176,808,805,9
1375187,808,805,9
1375197,803,805,9
1375207,808,805,9
1375217,803,805,8
1375227,807,805,8
1375238,809,805,8
1375248,803,805,9
1375258,807,805,8
1375268,805,805,8
1375278,805,805,8
1375289,809,805,8
1375299,802,805,8
1375309,809,805,8
1375319,807,805,8
1375329,804,805,8
1375340,807,805,8
1375350,803,805,8
1375360,806,805,8
1375370,808,805,8
1375380,802,805,8
1375391,809,805,8
1375401,804,805,8
1375411,806,805,8
1375421,809,805,8
1375431,803,805,8
1375442,809,805,8
1375452,805,805,8
1375462,805,805,8
1375472,810,805,8
1375482,804,805,8
1375493,809,805,8
1375503,807,805,8
1375513,804,805,8
1375523,809,805,8
1375533,803,805,8
1375544,807,805,8
1375554,808,805,8
1375564,803,805,8
1375574,810,805,8
1375584,803,805,8
1375595,807,805,8
1375605,810,805,9
1375615,804,805,9
1375625,808,805,9
1375635,806,805,8
1375646,804,805,8
1375656,807,805,8
1375666,803,805,8
1375676,807,805,8
1375686,807,805,8
1375697,805,805,8
1375707,809,805,8
1375717,804,805,8
1375727,807,805,8
1375737,808,805,8
1375748,802,805,8
1375758,807,805,8
1375768,804,805,8
1375778,807,805,8
1375788,808,805,8
1375799,803,805,8
1375809,809,805,8
1375819,805,805,8
1375829,804,805,8
1375839,809,805,8
1375850,804,805,8
1375860,807,805,8
1375870,807,805,8
1375880,804,805,8
1375890,808,805,8
1375901,805,805,8
1375911,806,805,8
1375921,808,805,8
1375931,803,805,8
1375941,808,805,8
1375952,804,805,8
1375962,805,805,8
1375972,807,806,7
1375982,803,806,7
1375992,807,806,7
1376003,808,806,7
1376013,804,806,7
1376023,808,806,7
1376033,803,806,7
1376043,807,806,7
1376054,807,806,7
1376064,802,806,7
1376074,808,806,7
1376084,803,806,7
1376094,807,806,7
1376105,809,806,7
1376115,802,806,7
RIM
1376135,789,777,5
1376145,779,777,5
1376155,781,777,5
1376166,777,777,5
1376176,779,777,5
1376186,778,777,5
1376196,775,777,5
1376207,779,777,5
1376217,774,777,5
1376227,776,777,5
1376237,777,777,5
1376247,773,777,5
1376258,777,777,5
1376268,776,777,5
1376278,778,777,5
1376288,779,777,5
1376298,775,777,5
1376309,780,777,5
1376319,778,777,5
1376329,777,777,5
1376339,780,777,5
1376349,775,777,5
1376360,779,777,5
1376370,779,777,5
1376380,776,777,5
1376390,780,777,5
1376400,776,777,5
1376411,779,777,5
1376421,780,777,5
1376431,775,777,5
1376441,779,777,5
1376451,777,777,5
1376462,778,777,5
1376472,779,777,5
1376482,775,777,5
1376492,779,777,5
1376502,778,777,5
1376513,777,777,5
1376523,779,777,5
1376533,776,777,5
1376543,779,777,5
1376553,780,777,5
1376564,776,777,5
1376574,779,777,5
1376584,776,777,4
1376594,778,777,4
1376604,780,777,4
1376615,775,777,4
1376625,779,777,5
1376635,777,777,4
1376645,778,777,4
1376655,780,777,4
1376666,776,777,4
1376676,779,777,4
1376686,779,777,4
1376696,776,777,4
1376706,780,777,4
1376717,775,777,4
1376727,778,777,4
1376737,781,777,5
1376747,775,777,5
1376757,780,777,5
1376768,777,777,5
1376778,777,777,4
1376788,780,777,5
1376798,775,777,5
1376808,779,777,5
1376819,778,777,4
1376829,777,777,4
1376839,779,777,4
1376849,775,777,4
1376859,779,777,4
1376870,779,777,5
1376880,775,777,5
1376890,780,777,5
1376900,776,777,5
1376910,779,777,5
1376921,780,777,5
1376931,775,777,5
1376941,780,777,5
1376951,777,777,5
1376961,777,777,5
1376972,780,777,5
1376982,774,777,5
1376992,779,777,5
1377002,778,777,5
1377012,776,777,5
1377023,780,777,5
1377033,775,777,5
1377043,779,777,5
1377053,779,777,5
1377063,776,777,5
1377074,781,777,5
1377084,775,777,5
1377094,779,777,5
1377104,780,777,5
1377114,774,777,5
1377125,780,777,5
1377135,776,777,5
1377145,778,777,5
1377155,780,777,5
1377165,775,777,5
1377176,779,777,5
1377186,778,777,5
1377196,776,777,5
1377206,780,777,5
1377216,775,777,5
1377227,779,777,5
1377237,779,777,5
1377247,776,777,5
1377257,779,777,5
1377267,776,777,5
1377278,778,777,5
1377288,780,777,5
1377298,775,777,5
1377308,780,777,5
1377318,777,777,5
1377329,776,777,5
1377339,779,777,5
1377349,776,777,5
OSM
1377370,539,539,4
1377380,535,539,5
1377390,539,539,4
1377401,541,539,4
1377411,537,539,4
1377421,539,539,4
1377431,537,539,4
1377441,539,539,4
1377452,537,539,4
1377462,538,539,4
1377472,540,539,4
1377482,536,539,4
1377492,540,539,4
1377503,539,539,4
1377513,538,539,4
1377523,540,539,4
1377533,536,539,4
1377543,538,539,4
1377554,540,539,4
1377564,537,539,4
1377574,539,539,4
1377584,537,539,4
1377594,538,539,4
1377605,538,539,4
1377615,537,539,4
1377625,540,539,4
1377635,538,539,4
1377645,539,539,4
1377656,540,539,4
1377666,537,539,4
1377676,538,539,4
1377686,538,539,4
1377696,538,539,4
1377707,539,539,4
1377717,537,539,4
1377727,539,539,4
1377737,539,539,4
1377747,537,539,3
1377758,539,539,3
1377768,538,539,3
1377778,538,539,3
1377788,538,539,3
1377798,537,539,3
1377809,539,539,3
1377819,539,539,3
1377829,537,539,3
1377839,538,539,3
1377849,537,539,3
1377860,539,539,3
1377870,540,539,3
1377880,537,539,3
1377890,539,539,3
1377900,537,539,3
1377911,538,539,3
1377921,539,539,3
1377931,537,539,3
1377941,538,539,3
1377951,538,539,3
1377962,538,538,4
1377972,540,538,4
1377982,536,538,4
1377992,538,538,4
1378002,538,538,4
1378013,538,538,3
1378023,539,538,3
1378033,537,538,3
1378043,539,538,3
1378053,539,538,3
1378064,537,538,3
1378074,540,538,3
1378084,537,538,3
1378094,538,538,3
1378104,539,538,3
1378115,536,538,3
1378125,539,538,2
1378135,538,538,2
1378145,537,538,2
1378155,539,538,2
1378166,537,538,2
1378176,539,538,2
1378186,538,538,2
1378196,537,538,2
1378206,540,538,2
1378217,537,538,2
1378227,539,538,2
1378237,539,538,2
1378247,535,538,2
1378257,539,538,2
1378268,537,538,2
1378278,539,538,2
1378288,539,538,2
1378298,537,538,2
1378308,539,538,2
1378319,539,538,2
1378329,538,538,2
1378339,540,538,2
1378349,536,538,2
1378359,539,538,2
1378370,539,538,2
1378380,538,538,1
1378390,539,538,1
1378400,536,538,1
1378410,539,538,1
1378421,540,538,1
1378431,537,538,1
1378441,539,538,1
1378451,537,538,1
1378461,538,538,1
1378472,539,538,1
1378482,537,538,1
1378492,539,538,1
1378502,538,538,1
1378512,538,538,1
1378523,540,538,1
1378533,537,538,1
1378543,539,538,1
1378553,539,538,1
1378563,536,538,1
1378574,539,538,1
1378584,538,538,1
SIM
1378604,823,806,7
1378614,804,806,7
1378625,806,806,7
1378635,803,806,7
1378645,805,806,7
1378655,807,806,7
1378665,801,806,7
1378676,806,806,7
1378686,806,806,7
1378696,805,806,7
1378706,808,806,7
1378716,803,806,7
1378727,807,806,7
1378737,807,806,7
1378747,802,806,7
1378757,807,806,7
1378767,803,805,8
1378778,806,805,8
1378788,807,806,7
1378798,801,805,8
1378808,807,805,8
1378818,804,805,8
1378829,804,805,8
1378839,807,805,8
1378849,803,805,8
1378859,806,805,8
1378869,806,805,8
1378880,803,805,8
1378890,808,805,8
1378900,805,805,8
1378910,806,805,8
1378920,807,805,8
1378931,803,805,8
1378941,809,805,8
1378951,804,805,8
1378961,806,805,8
1378971,809,805,8
1378982,803,805,8
1378992,808,805,8
1379002,806,805,8
1379012,805,805,8
1379022,808,805,8
1379033,803,805,8
1379043,808,805,8
1379053,808,805,8
1379063,804,805,8
1379073,809,805,8
1379084,803,805,8
1379094,808,805,8
1379104,808,805,8
1379114,802,805,8
1379124,807,805,8
1379135,804,805,8
1379145,804,805,8
1379155,807,805,8
1379165,802,805,8
1379175,806,805,8
1379186,806,805,8
1379196,803,805,8
1379206,807,805,8
1379216,801,805,8
1379227,805,805,7
1379237,807,805,7
1379247,803,805,7
1379257,808,805,7
1379267,803,805,7
1379278,806,805,7
1379288,807,805,7
1379298,803,805,7
1379308,807,805,7
1379318,806,805,7
1379329,805,805,7
1379339,808,805,7
1379349,801,805,7
1379359,806,805,7
1379369,806,805,7
1379380,804,805,7
1379390,807,805,7
1379400,803,805,7
1379410,807,805,7
1379420,808,805,7
1379431,803,805,7
1379441,808,805,7
1379451,804,805,7
1379461,807,805,7
1379471,808,805,7
1379482,803,805,7
1379492,808,805,7
1379502,805,805,7
1379512,804,805,7
1379522,808,805,7
1379533,803,805,7
1379543,806,805,7
1379553,809,805,7
1379563,805,805,7
1379573,809,805,7
1379584,803,805,7
1379594,807,805,7
1379604,807,805,7
1379614,802,805,7
1379624,807,805,7
1379635,804,805,7
1379645,805,805,7
1379655,807,805,7
1379665,802,805,7
1379675,807,805,7
1379686,805,805,7
1379696,803,805,7
1379706,807,805,7
1379716,802,805,7
1379727,806,805,7
1379737,807,805,7
1379747,802,805,7
1379757,806,805,7
1379767,802,805,7
1379778,805,805,7
1379788,807,805,7
1379798,802,805,7
1379808,806,805,7
1379818,804,805,7
RIM
1379839,786,777,4
1379849,775,777,4
1379859,779,777,4
1379869,777,777,4
1379879,774,777,4
1379890,779,777,4
1379900,773,777,4
1379910,778,777,4
1379920,777,777,4
1379930,773,777,4
1379941,779,777,4
1379951,774,777,4
1379961,777,777,4
1379971,778,777,4
1379981,773,777,5
1379992,777,777,4
1380002,775,777,4
1380012,775,777,4
1380022,777,777,4
1380032,773,777,5
1380043,777,777,5
1380053,778,777,4
1380063,774,777,5
1380073,777,777,4
1380083,773,777,5
1380094,776,777,5
1380104,777,777,5
1380114,773,777,5
1380124,777,777,5
1380134,775,777,5
1380145,775,777,5
1380155,778,777,5
1380165,772,777,5
1380175,776,777,5
1380185,776,777,5
1380196,774,777,5
1380206,778,777,5
1380216,773,777,5
1380226,777,777,5
1380236,777,777,5
1380247,774,777,5
1380257,779,777,5
1380267,774,777,5
1380277,777,777,5
1380287,778,777,5
1380298,773,777,5
1380308,778,777,5
1380318,777,777,5
1380328,778,777,5
1380338,780,777,5
1380349,776,777,5
1380359,780,777,5
1380369,778,777,5
1380379,776,777,5
1380389,780,777,5
1380400,776,777,5
1380410,780,777,5
1380420,779,777,5
1380430,775,777,5
1380440,779,777,5
1380451,776,777,5
1380461,779,777,5
1380471,780,777,5
1380481,775,777,5
1380491,780,777,5
1380502,779,777,5
1380512,778,777,5
1380522,781,777,5
1380532,775,777,5
1380542,780,777,5
1380553,779,777,5
1380563,776,777,5
1380573,780,777,5
1380583,775,777,5
1380593,779,777,5
1380604,780,777,5
1380614,776,777,5
1380624,780,777,5
1380634,776,777,5
1380644,778,777,5
1380655,781,777,5
1380665,775,777,5
1380675,780,777,5
1380685,777,777,5
1380695,777,777,5
1380706,780,777,5
1380716,777,777,5
1380726,779,777,5
1380736,778,777,5
1380746,776,777,5
1380757,780,777,5
1380767,776,777,5
1380777,779,777,5
1380787,779,777,5
1380797,774,777,5
1380808,779,777,5
1380818,777,777,5
1380828,778,777,5
1380838,780,777,5
1380848,775,777,5
1380859,780,777,5
1380869,778,777,5
1380879,777,777,5
1380889,779,777,5
1380899,775,777,5
1380910,778,777,5
1380920,780,777,5
1380930,776,777,5
1380940,780,777,5
1380950,776,777,5
1380961,778,777,5
1380971,780,777,5
1380981,774,777,5
1380991,780,777,5
1381001,777,777,5
1381012,777,777,5
1381022,782,777,5
1381032,776,777,5
1381042,779,777,5
1381052,778,777,5
OSM
1381074,540,538,1
1381084,537,538,1
1381094,538,538,1
1381104,539,538,1
1381115,537,538,1
1381125,538,538,1
1381135,537,538,1
1381145,537,538,1
1381155,538,538,1
1381166,536,538,1
1381176,538,538,1
1381186,538,538,1
1381196,537,538,1
1381206,538,538,1
1381217,536,538,1
1381227,538,538,1
1381237,538,538,1
1381247,535,538,1
1381257,538,538,1
1381268,536,538,1
1381278,537,538,1
1381288,538,538,1
1381298,537,538,1
1381308,538,538,1
1381319,537,538,1
1381329,537,538,1
1381339,539,538,1
1381349,537,537,2
1381359,538,537,2
1381370,538,537,2
1381380,536,537,2
1381390,538,537,2
1381400,537,537,2
1381410,537,537,2
1381421,539,537,2
1381431,536,537,2
1381441,538,537,2
1381451,538,537,2
1381461,538,537,2
1381472,538,537,2
1381482,536,537,2
1381492,538,537,2
1381502,539,537,2
1381512,536,537,2
1381523,538,537,2
1381533,536,537,2
1381543,538,537,2
1381553,540,537,2
1381563,537,537,2
1381574,538,537,2
1381584,536,537,2
1381594,537,537,2
1381604,539,537,2
1381614,535,537,2
1381625,538,537,2
1381635,537,537,2
1381645,537,537,2
1381655,538,537,2
1381665,536,537,2
1381676,538,537,2
1381686,538,537,2
1381696,536,537,2
1381706,538,537,2
1381716,536,537,2
1381727,537,537,1
1381737,539,537,2
1381747,536,537,2
1381757,539,537,2
1381767,537,537,2
1381778,537,537,1
1381788,538,537,1
1381798,536,537,1
1381808,539,537,1
1381818,537,537,1
1381829,537,537,1
1381839,538,537,1
1381849,535,537,1
1381859,538,537,1
1381869,539,537,1
1381880,537,537,1
1381890,538,537,1
1381900,537,537,1
1381910,538,537,1
1381920,538,537,1
1381931,536,537,1
1381941,538,537,1
1381951,537,537,1
1381961,538,537,1
1381971,539,537,1
1381982,536,537,1
1381992,538,537,1
1382002,537,537,1
1382012,536,537,1
1382022,538,537,1
1382033,537,537,1
1382043,539,537,1
1382053,538,537,1
1382063,538,537,1
1382073,539,537,1
1382084,536,537,1
1382094,537,537,1
1382104,538,537,1
1382114,536,537,1
1382124,537,537,1
1382135,537,537,1
1382145,536,537,1
1382155,538,537,1
1382165,536,537,1
1382175,537,537,1
1382186,537,537,1
1382196,537,537,1
1382206,538,537,1
1382216,537,537,1
1382226,538,537,1
1382237,538,537,1
1382247,536,537,1
1382257,539,537,1
1382267,537,537,1
1382277,538,537,1
1382288,538,537,1
SIM
1382308,826,805,8
1382318,808,805,8
1382328,808,805,8
1382339,809,805,8
1382349,803,805,8
1382359,808,805,8
1382369,806,805,8
1382379,805,805,8
1382390,807,805,8
1382400,802,805,8
1382410,806,805,8
1382420,807,805,8
1382430,802,805,8
1382441,806,805,8
1382451,803,805,8
1382461,807,805,8
1382471,808,805,8
1382481,804,805,8
1382492,808,805,8
1382502,806,805,8
1382512,805,805,8
1382522,809,805,8
1382533,802,805,8
1382543,807,805,8
1382553,807,805,8
1382563,805,805,8
1382573,809,805,8
1382584,804,805,8
1382594,806,805,8
1382604,808,805,8
1382614,802,805,8
1382624,807,805,8
1382635,803,805,8
1382645,805,805,8
1382655,807,805,8
1382665,801,805,8
1382675,807,805,8
1382686,805,805,8
1382696,804,805,8
1382706,807,805,8
1382716,801,805,8
1382726,805,805,8
1382737,807,805,8
1382747,803,805,8
1382757,807,805,8
1382767,802,805,8
1382777,806,805,8
1382788,806,805,8
1382798,801,805,8
1382808,807,805,8
1382818,804,805,8
1382828,804,805,8
1382839,807,805,8
1382849,802,805,8
1382859,807,805,8
1382869,805,805,8
1382879,803,805,8
1382890,807,805,8
1382900,801,805,8
1382910,806,805,8
1382920,806,805,8
1382930,801,805,8
1382941,807,805,8
1382951,802,805,8
1382961,805,805,8
1382971,807,805,8
1382981,801,805,8
1382992,806,805,8
1383002,804,805,8
1383012,804,805,8
1383022,807,805,8
1383032,801,805,8
1383043,806,805,8
1383053,806,805,8
1383063,804,805,8
1383073,807,805,8
1383083,802,805,8
1383094,805,805,8
1383104,807,805,8
1383114,801,805,8
1383124,807,805,8
1383134,802,805,8
1383145,805,805,8
1383155,807,805,8
1383165,801,805,8
1383175,807,805,8
1383185,805,805,8
1383196,804,805,8
1383206,807,805,8
1383216,803,805,8
1383226,806,805,8
1383236,805,805,8
1383247,804,805,8
1383257,807,805,8
1383267,802,805,8
1383277,805,805,8
1383287,808,805,8
1383298,803,805,8
1383308,808,805,8
1383318,804,805,8
1383328,803,805,8
1383338,807,805,8
1383349,801,805,8
1383359,807,805,8
1383369,806,805,8
1383379,803,805,8
1383389,806,805,8
1383400,802,805,8
1383410,806,805,8
1383420,806,805,8
1383430,803,805,8
1383440,806,805,8
1383451,804,805,8
1383461,806,805,8
1383471,808,805,8
1383481,804,805,8
1383491,807,805,8
1383502,804,805,8
1383512,805,805,8
1383522,808,805,8
RIM
1383542,790,777,6
1383552,782,777,6
1383563,777,777,6
1383573,781,777,6
1383583,776,777,6
1383593,779,777,6
1383604,780,777,6
1383614,776,777,6
1383624,781,777,6
1383634,776,777,6
1383644,778,777,6
1383655,780,777,6
1383665,775,777,6
1383675,779,777,6
1383685,777,777,6
1383695,777,777,6
1383706,780,777,6
1383716,775,777,6
1383726,779,777,6
1383736,778,777,6
1383746,776,777,6
1383757,780,777,6
1383767,775,777,6
1383777,778,777,6
1383787,779,777,6
1383797,775,777,6
1383808,780,777,6
1383818,776,777,6
1383828,778,777,6
1383838,780,777,6
1383848,775,777,6
1383859,780,777,6
1383869,777,777,6
1383879,777,777,6
1383889,779,777,6
1383899,775,777,6
1383910,780,777,6
1383920,779,777,6
1383930,776,777,6
1383940,778,777,6
1383950,776,777,6
1383961,778,777,6
1383971,780,778,5
1383981,776,778,5
1383991,778,778,5
1384001,776,778,4
1384012,777,778,4
1384022,779,778,4
1384032,775,778,4
1384042,778,778,4
1384052,778,778,4
1384063,776,777,5
1384073,780,778,4
1384083,776,778,4
1384093,778,777,5
1384103,779,778,4
1384114,775,777,5
1384124,780,777,5
1384134,776,777,5
1384144,778,777,5
1384154,780,778,4
1384165,775,777,5
1384175,779,777,5
1384185,777,777,5
1384195,776,777,5
1384205,780,777,5
1384216,775,777,5
1384226,779,777,5
1384236,778,777,5
1384246,776,777,5
1384256,780,777,5
1384267,776,777,5
1384277,779,777,5
1384287,780,777,5
1384297,775,777,5
1384307,780,777,5
1384318,776,777,5
1384328,778,777,5
1384338,780,777,5
1384348,774,777,5
1384358,779,777,5
1384369,778,777,5
1384379,776,777,5
1384389,780,777,5
1384399,775,777,5
1384409,779,777,5
1384420,779,777,5
1384430,776,777,5
1384440,779,777,5
1384450,775,777,5
1384460,778,777,5
1384471,779,777,5
1384481,775,777,5
1384491,779,777,5
1384501,776,777,5
1384511,778,777,5
1384522,780,777,5
1384532,775,777,5
1384542,779,777,5
1384552,777,777,5
1384562,776,777,5
1384573,780,777,5
1384583,775,777,5
1384593,779,777,5
1384603,779,777,5
1384613,775,777,5
1384624,780,777,5
1384634,776,777,5
1384644,778,777,5
1384654,779,777,5
1384664,775,777,5
1384675,780,777,5
1384685,777,777,5
1384695,776,777,5
1384705,779,777,5
1384715,775,777,5
1384726,779,777,5
1384736,777,777,5
1384746,775,777,5
1384756,780,777,5
OSM
1384777,541,537,1
1384787,540,537,1
1384797,543,537,1
1384807,540,537,1
1384818,537,537,1
1384828,538,537,1
1384838,539,537,1
1384848,537,537,1
1384858,539,537,1
1384869,538,537,1
1384879,537,537,1
1384889,544,537,2
1384899,538,537,2
1384909,538,537,2
1384920,539,537,2
1384930,537,537,2
1384940,542,537,2
1384950,537,537,2
1384960,539,537,2
1384971,540,537,2
1384981,537,537,2
1384991,539,537,2
1385001,538,537,2
1385011,538,537,2
1385022,540,537,2
1385032,536,537,2
1385042,542,537,2
1385052,538,537,2
1385062,538,537,2
1385073,540,537,2
1385083,537,537,2
1385093,538,537,2
1385103,540,537,2
1385113,537,537,2
1385124,539,537,2
1385134,537,537,2
1385144,542,537,3
1385154,540,537,3
1385164,537,537,3
1385175,540,537,3
1385185,538,537,3
1385195,539,537,3
1385205,540,537,3
1385215,538,537,3
1385226,539,537,3
1385236,539,537,3
1385246,538,537,3
1385256,540,537,3
1385266,538,537,3
1385277,539,537,3
1385287,539,538,2
1385297,538,538,2
1385307,540,538,2
1385317,538,538,2
1385328,539,538,2
1385338,540,538,2
1385348,537,538,2
1385358,539,538,2
1385368,539,538,2
1385379,538,538,2
1385389,539,538,2
1385399,537,538,2
1385409,539,538,2
1385419,539,538,2
1385430,537,538,2
1385440,540,538,2
1385450,537,538,2
1385460,539,538,2
1385470,539,538,2
1385481,537,538,2
1385491,540,538,2
1385501,538,538,2
1385511,539,538,2
1385521,540,538,2
1385532,537,538,2
1385542,539,538,2
1385552,539,538,2
1385562,538,538,2
1385572,539,538,2
1385583,537,538,2
1385593,539,538,2
1385603,539,538,2
1385613,537,538,2
1385623,540,538,2
1385634,537,538,2
1385644,539,538,2
1385654,540,538,2
1385664,537,538,2
1385674,539,538,2
1385685,538,538,2
1385695,538,538,2
1385705,539,538,2
1385715,537,538,2
1385725,539,538,2
1385736,539,538,2
1385746,538,538,2
1385756,544,538,2
1385766,538,538,2
1385776,539,538,2
1385787,540,538,2
1385797,537,538,2
1385807,539,538,2
1385817,537,538,2
1385827,539,538,2
1385838,539,538,2
1385848,537,538,2
1385858,540,538,2
1385868,539,538,2
1385878,538,538,2
1385889,539,538,2
1385899,538,538,2
1385909,540,538,2
1385919,539,538,2
1385929,538,538,2
1385940,539,538,2
1385950,538,538,2
1385960,539,538,2
1385970,540,538,2
1385980,537,538,2
1385991,540,538,2
SIM
1386011,822,805,7
1386021,809,805,7
1386031,803,805,7
1386041,807,805,7
1386052,805,805,7
1386062,806,805,7
1386072,807,805,7
1386082,802,805,7
1386093,807,805,7
1386103,806,805,7
1386113,805,805,7
1386123,807,805,7
1386133,804,805,7
1386144,807,805,7
1386154,807,805,7
1386164,803,805,7
1386174,808,805,7
1386184,805,805,7
1386195,805,805,6
1386205,807,805,7
1386215,802,805,7
1386225,807,805,6
1386235,806,805,6
1386246,804,805,6
1386256,807,805,6
1386266,802,805,6
1386276,807,805,6
1386286,807,805,6
1386297,804,805,6
1386307,807,805,6
1386317,803,805,6
1386327,806,805,6
1386337,807,805,6
1386348,802,805,6
1386358,808,805,6
1386368,804,805,6
1386378,805,805,6
1386388,807,805,6
1386399,802,805,6
1386409,807,805,6
1386419,805,805,6
1386429,804,805,6
1386439,808,805,6
1386450,802,805,6
1386460,806,805,6
1386470,807,805,6
1386480,804,805,6
1386490,808,805,6
1386501,803,805,6
1386511,806,805,6
1386521,807,805,6
1386531,802,805,6
1386541,808,805,6
1386552,804,805,6
1386562,804,805,6
1386572,807,805,6
1386582,803,805,6
1386592,807,805,6
1386603,806,805,6
1386613,803,805,6
1386623,809,805,6
1386633,803,805,6
1386643,806,805,6
1386654,807,805,6
1386664,805,805,6
1386674,807,805,6
1386684,803,805,6
1386694,805,805,6
1386705,807,805,6
1386715,801,805,6
1386725,806,805,6
1386735,805,805,6
1386745,805,805,6
1386756,808,805,6
1386766,801,805,6
1386776,806,805,6
1386786,806,805,6
1386796,803,805,6
1386807,806,805,6
1386817,804,805,6
1386827,806,805,6
1386837,807,805,6
1386847,801,805,6
1386858,807,805,6
1386868,803,805,6
1386878,805,805,6
1386888,806,805,6
1386898,802,805,6
1386909,806,805,6
1386919,805,805,6
1386929,803,805,6
1386939,807,805,6
1386949,802,805,6
1386960,807,805,6
1386970,806,805,6
1386980,802,805,6
1386990,806,805,6
1387000,801,805,6
1387011,806,805,6
1387021,807,805,6
1387031,801,805,6
1387041,806,805,6
1387051,803,805,6
1387062,805,805,6
1387072,806,805,6
1387082,800,805,6
1387092,806,805,6
1387102,805,805,6
1387113,803,805,6
1387123,807,805,6
1387133,802,805,6
1387143,805,805,6
1387153,806,805,6
1387164,804,805,6
1387174,804,805,6
1387184,802,805,6
1387194,805,805,6
1387204,808,805,6
1387215,801,805,6
1387225,807,805,6
RIM
1387245,793,777,6
1387255,783,777,6
1387265,778,777,6
1387276,781,777,6
1387286,780,777,6
1387296,777,777,6
1387306,780,777,6
1387317,775,777,6
1387327,778,777,6
1387337,778,777,6
1387347,773,777,6
1387357,777,777,6
1387368,774,777,6
1387378,775,777,6
1387388,778,777,6
1387398,775,777,6
1387408,780,777,6
1387419,777,777,6
1387429,777,777,6
1387439,781,777,6
1387449,776,777,6
1387459,779,777,6
1387470,780,777,6
1387480,776,777,6
1387490,780,777,6
1387500,776,777,6
1387510,779,777,6
1387521,780,777,6
1387531,774,777,6
1387541,779,777,6
1387551,777,777,6
1387561,778,777,6
1387572,779,777,6
1387582,775,777,6
1387592,779,777,6
1387602,778,777,6
1387612,776,777,6
1387623,780,777,6
1387633,775,777,6
1387643,779,777,6
1387653,780,777,6
1387663,775,777,6
1387674,780,777,6
1387684,776,777,6
1387694,778,777,6
1387704,781,777,6
1387714,775,777,6
1387725,780,777,6
1387735,777,777,6
1387745,777,777,6
1387755,780,777,6
1387765,775,777,6
1387776,779,777,6
1387786,778,777,6
1387796,776,777,6
1387806,780,777,6
1387816,776,777,6
1387827,779,777,6
1387837,779,777,6
1387847,775,777,6
1387857,780,777,6
1387867,776,777,6
1387878,778,777,6
1387888,779,777,6
1387898,774,777,6
1387908,780,777,6
1387918,778,777,6
1387929,777,777,6
1387939,779,777,6
1387949,775,777,6
1387959,780,777,6
1387969,778,777,6
1387980,776,777,6
1387990,779,777,6
