Polling for available serial device...
Opening serial monitor for com port: "/dev/ttyACM0"
Serial monitor opened successfully:
2292161,793,792,2
2292171,792,792,2
2292182,795,792,2
2292192,791,792,2
2292202,795,792,2
2292212,796,792,2
2292222,792,792,2
2292233,796,792,2
2292243,794,792,2
2292253,795,792,2
2292263,795,792,2
2292273,791,792,2
2292284,796,792,2
2292294,795,792,2
2292304,794,792,2
2292314,796,792,3
2292324,792,792,2
2292335,795,792,3
2292345,796,792,3
2292355,794,792,3
2292365,796,792,3
2292375,792,792,3
2292386,795,792,3
2292396,796,792,3
2292406,793,792,3
2292416,795,792,3
2292426,792,792,3
2292437,793,792,3
2292447,796,792,3
2292457,793,792,3
2292467,796,792,3
2292477,793,792,3
2292488,796,792,3
2292498,796,792,3
2292508,794,792,3
2292518,796,792,4
2292528,793,792,4
2292539,791,792,4
2292549,796,792,4
2292559,793,792,4
2292569,796,793,3
2292579,793,793,3
2292590,791,793,3
2292600,795,793,3
2292610,794,793,3
2292620,795,793,3
2292630,794,793,3
2292641,794,793,3
2292651,796,793,3
2292661,795,793,3
2292671,794,793,3
2292681,793,793,3
2292692,791,793,3
2292702,795,793,3
2292712,796,793,3
2292722,793,793,3
2292732,794,793,3
2292743,795,793,3
2292753,795,793,3
2292763,795,793,3
2292773,794,793,3
2292783,794,793,3
2292794,792,793,3
2292804,794,793,3
SIM
2292824,799,786,17
2292834,791,786,17
2292845,788,786,17
2292855,786,786,17
2292865,790,786,17
2292875,783,786,17
2292885,788,786,17
2292896,789,786,17
2292906,782,786,17
2292916,790,786,17
2292926,784,786,17
2292936,786,786,17
2292947,788,786,17
2292957,781,786,17
2292967,790,786,17
2292977,785,786,17
2292987,785,786,17
2292998,790,786,17
2293008,783,786,17
2293018,788,786,17
2293028,790,786,17
2293038,784,786,17
2293049,788,786,17
2293059,783,786,17
2293069,788,786,17
2293079,789,786,17
2293090,783,786,17
2293100,789,786,17
2293110,786,786,16
2293120,787,786,16
2293130,790,786,17
2293141,784,786,16
2293151,789,786,16
2293161,787,786,16
2293171,783,786,17
2293181,789,786,16
2293192,783,786,16
2293202,787,786,16
2293212,787,786,16
2293222,782,786,17
2293232,788,786,17
2293243,783,786,17
2293253,787,786,17
2293263,790,786,17
2293273,783,786,17
2293283,791,786,17
2293294,786,786,17
2293304,787,786,17
2293314,790,786,17
2293324,782,786,17
2293335,787,786,12
2293345,787,786,9
2293355,783,786,9
2293365,789,786,9
2293375,785,786,9
2293386,788,786,9
2293396,791,786,9
2293406,783,786,9
2293416,790,786,9
2293426,785,786,9
2293437,788,786,9
2293447,790,786,9
2293457,783,786,9
2293467,791,786,9
2293477,787,786,9
2293488,786,786,9
2293498,791,786,9
2293508,783,786,9
2293518,790,786,9
2293528,789,786,9
2293539,784,786,9
2293549,790,786,9
2293559,784,786,9
2293569,789,786,9
2293579,790,786,9
2293590,784,786,9
2293600,790,786,9
2293610,791,786,9
2293620,788,786,10
2293630,790,786,10
2293641,783,786,10
2293651,788,786,9
2293661,787,786,9
2293671,788,786,9
2293681,790,786,9
2293692,782,786,9
2293702,787,786,9
2293712,789,786,9
2293722,785,786,9
2293732,789,786,9
2293743,783,786,9
2293753,788,786,9
2293763,789,786,10
2293773,783,786,10
2293783,788,786,9
2293794,785,786,9
2293804,785,786,9
2293814,789,786,9
2293824,782,786,9
2293834,787,786,9
2293845,786,786,9
2293855,783,786,9
2293865,789,786,9
2293875,782,786,9
2293885,787,786,9
2293896,788,786,9
2293906,782,786,9
2293916,789,786,9
2293926,785,786,9
2293937,787,786,9
2293947,788,786,9
2293957,781,786,9
2293967,788,786,9
2293977,786,786,9
2293988,784,786,9
2293998,789,786,9
2294008,782,786,9
2294018,789,786,9
2294028,789,786,9
2294039,783,786,9
RIM
2294059,731,718,7
2294069,724,718,7
2294079,721,718,7
2294090,715,718,7
2294100,720,718,7
2294110,718,718,7
2294120,718,718,7
2294130,723,718,7
2294141,717,718,7
2294151,721,718,7
2294161,721,718,7
2294171,719,718,7
2294181,722,718,7
2294192,717,718,7
2294202,721,718,7
2294212,721,718,7
2294222,717,718,7
2294232,721,718,7
2294243,718,718,7
2294253,720,719,6
2294263,721,719,6
2294273,716,719,6
2294283,722,719,6
2294294,720,719,6
2294304,719,719,6
2294314,721,718,7
2294324,717,719,6
2294334,721,719,6
2294345,722,719,6
2294355,718,719,6
2294365,722,719,6
2294375,718,719,6
2294385,720,719,6
2294396,721,719,6
2294406,716,719,6
2294416,721,719,6
2294426,718,719,6
2294436,719,719,6
2294447,722,719,6
2294457,715,719,6
2294467,722,719,6
2294477,719,719,6
2294487,718,719,6
2294498,722,719,6
2294508,716,719,6
2294518,720,719,6
2294528,721,719,6
2294538,717,719,6
2294549,721,719,6
2294559,717,719,6
2294569,721,719,6
2294579,722,719,6
2294589,717,719,6
2294600,721,719,6
2294610,718,719,6
2294620,720,719,6
2294630,721,719,6
2294640,717,719,6
2294651,721,719,6
2294661,720,719,6
2294671,718,719,6
2294681,721,719,6
2294691,717,719,5
2294702,720,719,5
2294712,721,719,5
2294722,717,719,5
2294732,721,719,5
2294742,718,719,5
2294753,720,719,5
2294763,721,719,5
2294773,716,719,5
2294783,720,719,5
2294793,719,719,5
2294804,718,719,5
2294814,721,719,5
2294824,716,719,5
2294834,720,719,5
2294844,720,719,5
2294855,717,719,5
2294865,721,719,5
2294875,717,719,5
2294885,720,719,5
2294895,722,719,5
2294906,716,719,5
2294916,721,719,5
2294926,717,719,5
2294936,719,719,5
2294946,721,719,5
2294957,716,719,5
2294967,720,719,5
2294977,720,719,5
2294987,718,719,5
2294997,722,719,5
2295008,717,719,5
2295018,721,719,5
2295028,721,719,5
2295038,717,719,5
2295048,721,719,5
2295059,717,719,5
2295069,719,719,5
2295079,722,719,5
2295089,716,719,5
2295099,720,719,5
2295110,719,719,5
2295120,719,719,5
2295130,721,719,5
2295140,716,719,5
2295150,721,719,5
2295161,720,719,5
2295171,717,719,5
2295181,721,719,5
2295191,716,719,5
2295201,720,719,5
2295212,721,719,5
2295222,716,719,5
2295232,721,719,5
2295242,716,719,5
2295252,720,719,5
2295263,721,719,5
2295273,716,719,5
OSM
2295294,790,793,3
2295304,790,793,3
2295314,792,793,3
2295324,792,793,3
2295335,796,793,3
2295345,792,793,3
2295355,792,793,3
2295365,794,793,3
2295375,792,793,3
2295386,792,793,3
2295396,793,793,3
2295406,790,793,3
2295416,794,793,3
2295426,792,793,3
2295437,792,793,3
2295447,792,793,3
2295457,792,793,3
2295467,793,793,3
2295477,793,793,3
2295488,791,793,3
2295498,793,793,3
2295508,791,793,3
2295518,793,793,3
2295528,793,793,3
2295539,789,793,3
2295549,793,793,3
2295559,792,793,3
2295569,792,793,3
2295579,794,793,3
2295590,789,793,3
2295600,792,793,3
2295610,792,793,3
2295620,793,793,3
2295630,794,793,3
2295641,790,793,3
2295651,792,793,3
2295661,793,793,3
2295671,792,793,3
2295681,794,793,3
2295692,790,793,3
2295702,792,793,3
2295712,793,793,3
2295722,791,793,3
2295732,794,793,3
2295743,791,793,3
2295753,793,793,3
2295763,794,793,3
2295773,791,793,3
2295783,794,793,3
2295794,791,793,3
2295804,791,793,3
2295814,793,793,3
2295824,792,793,3
2295834,793,793,3
2295845,792,793,3
2295855,791,793,3
2295865,793,793,3
2295875,792,793,3
2295885,794,793,3
2295896,793,793,3
2295906,791,793,3
2295916,794,793,3
2295926,793,793,3
2295936,792,793,3
2295947,792,793,3
2295957,790,793,3
2295967,793,793,3
2295977,793,793,3
2295987,792,793,2
2295998,792,793,2
2296008,791,793,2
2296018,793,792,3
2296028,793,793,2
2296038,792,792,3
2296049,794,792,3
2296059,790,792,3
2296069,793,792,3
2296079,795,792,3
2296089,792,792,3
2296100,793,792,3
2296110,791,792,3
2296120,792,792,3
2296130,794,792,3
2296140,792,792,3
2296151,792,792,3
2296161,793,792,3
2296171,792,792,3
2296181,794,792,3
2296191,792,792,3
2296202,792,792,2
2296212,792,792,2
2296222,792,792,2
2296232,794,792,2
2296242,791,792,2
2296253,791,792,2
2296263,792,792,2
2296273,792,792,2
2296283,794,792,2
2296293,792,792,2
2296304,792,792,2
2296314,793,792,2
2296324,791,792,2
2296334,794,792,2
2296344,793,792,2
2296355,791,792,2
2296365,793,792,2
2296375,791,792,2
2296385,794,792,2
2296395,794,792,2
2296406,791,792,2
2296416,793,792,1
2296426,792,792,1
2296436,792,792,1
2296446,793,792,1
2296457,790,792,1
2296467,792,792,1
2296477,792,792,1
2296487,794,792,1
2296497,794,792,1
2296508,790,792,1
SIM
2296528,806,786,11
2296538,788,786,11
2296548,789,786,11
2296559,782,786,11
2296569,787,786,11
2296579,790,786,11
2296589,783,786,11
2296599,789,786,11
2296610,784,786,11
2296620,788,786,11
2296630,790,786,11
2296640,783,786,11
2296650,790,786,11
2296661,785,786,11
2296671,785,786,11
2296681,790,786,11
2296691,781,786,11
2296702,788,786,11
2296712,788,786,11
2296722,782,786,11
2296732,790,786,11
2296742,783,786,11
2296753,789,786,11
2296763,790,786,11
2296773,783,786,11
2296783,788,786,11
2296793,784,786,11
2296804,787,786,11
2296814,790,786,11
2296824,783,786,11
2296834,791,786,12
2296844,788,786,12
2296855,785,786,11
2296865,790,786,12
2296875,783,786,12
2296885,787,786,12
2296896,790,786,12
2296906,783,786,12
2296916,789,786,12
2296926,783,786,12
2296936,786,786,12
2296947,791,786,12
2296957,783,786,12
2296967,789,786,12
2296977,785,786,12
2296987,784,786,12
2296998,789,786,12
2297008,781,786,12
2297018,789,786,12
2297028,788,786,12
2297038,783,786,12
2297049,790,786,12
2297059,783,786,12
2297069,787,786,12
2297079,790,786,12
2297089,784,786,12
2297100,790,786,12
2297110,785,786,12
2297120,788,786,12
2297130,791,786,12
2297140,782,786,12
2297151,789,786,12
2297161,787,786,12
2297171,785,786,12
2297181,790,786,12
2297192,781,786,12
2297202,787,786,12
2297212,788,786,12
2297222,783,786,12
2297232,789,786,12
2297243,783,786,12
2297253,787,786,12
2297263,789,786,12
2297273,783,786,12
2297283,787,786,12
2297294,784,786,12
2297304,785,786,11
2297314,789,786,11
2297324,781,786,11
2297334,788,786,11
2297345,787,786,11
2297355,785,786,11
2297365,791,786,11
2297375,783,786,11
2297385,789,786,11
2297396,789,786,11
2297406,783,786,11
2297416,789,786,11
2297426,784,786,11
2297436,788,786,11
2297447,789,786,11
2297457,781,786,12
2297467,789,786,12
2297477,785,786,12
2297488,784,786,12
2297498,789,786,12
2297508,781,786,12
2297518,787,786,12
2297528,788,786,12
2297539,784,786,12
2297549,789,786,12
2297559,783,786,12
2297569,788,786,12
2297579,789,786,12
2297590,783,786,12
2297600,790,786,12
2297610,784,786,12
2297620,788,786,12
2297630,790,786,12
2297641,783,786,12
2297651,789,786,12
2297661,787,786,12
2297671,786,786,12
2297681,791,786,12
2297692,783,786,12
2297702,789,786,12
2297712,788,786,12
2297722,782,786,12
2297733,789,786,12
2297743,782,786,12
RIM
2297763,731,719,5
2297773,718,719,5
2297783,723,719,5
2297794,722,719,5
2297804,720,719,5
2297814,724,719,5
2297824,719,719,5
2297834,722,719,5
2297845,722,719,5
2297855,720,719,5
2297865,724,719,5
2297875,718,719,5
2297885,722,719,5
2297896,723,719,5
2297906,719,719,5
2297916,723,719,5
2297926,721,719,5
2297936,722,719,5
2297947,724,719,6
2297957,718,719,6
2297967,722,719,6
2297977,721,719,6
2297987,720,719,6
2297998,723,719,6
2298008,718,719,6
2298018,722,719,6
2298028,722,719,6
2298038,719,719,6
2298049,723,719,6
2298059,718,719,6
2298069,722,719,6
2298079,723,719,6
2298089,716,719,6
2298100,719,719,6
2298110,716,719,6
2298120,717,719,6
2298130,720,719,6
2298140,714,719,6
2298151,719,719,6
2298161,719,719,6
2298171,717,719,6
2298181,720,719,6
2298191,715,719,6
2298202,718,719,6
2298212,720,719,6
2298222,715,719,6
2298232,720,719,6
2298242,715,719,6
2298253,717,719,6
2298263,721,719,6
2298273,714,719,6
2298283,719,719,6
2298293,717,719,6
2298304,717,719,6
2298314,719,719,6
2298324,714,719,6
2298334,718,719,6
2298344,718,719,6
2298355,715,719,6
2298365,719,719,6
2298375,715,719,7
2298385,718,719,7
2298395,720,719,7
2298406,714,719,7
2298416,718,719,7
2298426,715,719,7
2298436,717,719,7
2298446,719,719,7
2298457,714,719,7
2298467,719,719,7
2298477,717,719,7
2298487,717,719,7
2298497,720,719,7
2298508,714,719,7
2298518,719,719,7
2298528,718,719,7
2298538,715,719,7
2298548,719,719,7
2298559,715,719,7
2298569,719,718,8
2298579,719,719,7
2298589,714,718,8
2298599,719,718,8
2298610,716,718,8
2298620,717,718,8
2298630,719,718,8
2298640,711,718,9
2298650,719,718,8
2298661,719,718,8
2298671,719,718,8
2298681,719,718,8
2298691,715,718,8
2298701,720,718,8
2298712,720,718,8
2298722,714,718,8
2298732,720,718,8
2298742,715,718,8
2298752,718,718,8
2298763,719,718,8
2298773,714,718,9
2298783,719,718,8
2298793,716,718,8
2298803,717,718,8
2298814,719,718,8
2298824,715,718,8
2298834,719,718,8
2298844,719,718,8
2298854,716,718,8
2298865,719,718,8
2298875,714,718,8
2298885,719,718,8
2298895,720,718,8
2298905,715,718,8
2298916,719,718,8
2298926,715,718,8
2298936,718,718,8
2298946,720,718,8
2298956,714,718,8
2298967,719,718,8
2298977,717,718,8
OSM
2298998,794,792,1
2299008,791,792,1
2299018,794,792,1
2299028,795,792,1
2299039,792,792,1
2299049,795,792,1
2299059,793,792,1
2299069,795,792,1
2299079,795,792,1
2299090,793,792,1
2299100,798,792,2
2299110,794,792,2
2299120,793,792,2
2299130,794,792,2
2299141,792,792,2
2299151,793,792,2
2299161,793,792,2
2299171,793,792,2
2299181,794,792,2
2299192,795,792,2
2299202,794,792,2
2299212,794,792,2
2299222,793,792,2
2299232,797,792,2
2299243,794,792,2
2299253,793,792,2
2299263,797,792,2
2299273,794,792,2
2299283,796,792,2
2299294,795,792,2
2299304,792,792,2
2299314,794,792,2
2299324,792,792,2
2299334,797,792,3
2299345,796,792,3
2299355,793,792,3
2299365,797,792,3
2299375,795,792,3
2299385,796,792,3
2299396,796,793,2
2299406,792,793,2
2299416,797,793,2
2299426,793,793,2
2299436,793,793,2
2299447,801,793,3
2299457,792,793,3
2299467,797,793,3
2299477,795,793,3
2299487,797,793,3
2299498,794,793,3
2299508,791,793,3
2299518,794,793,3
2299528,794,793,3
2299538,795,793,3
2299549,796,793,3
2299559,793,793,3
2299569,794,793,3
2299579,797,793,3
2299589,795,793,3
2299600,796,793,3
2299610,793,793,3
2299620,796,793,3
2299630,797,793,3
2299640,795,793,3
2299651,796,793,3
2299661,792,793,3
2299671,793,793,3
2299681,796,793,4
2299691,795,793,4
2299702,796,793,4
2299712,794,793,4
2299722,793,793,4
2299732,797,793,4
2299742,792,793,4
2299753,796,793,4
2299763,794,793,4
2299773,794,793,4
2299783,797,793,4
2299793,793,793,4
2299804,795,793,4
2299814,793,793,4
2299824,792,793,4
2299834,796,793,4
2299844,798,793,4
2299855,795,793,4
2299865,794,793,4
2299875,794,793,4
2299885,796,793,4
2299895,795,793,4
2299906,795,793,4
2299916,794,794,3
2299926,793,794,3
2299936,793,794,3
2299946,800,794,3
2299957,794,794,3
2299967,794,794,3
2299977,796,794,3
2299987,795,794,3
2299997,794,794,3
2300008,794,794,3
2300018,797,794,3
2300028,796,794,3
2300038,794,794,3
2300048,795,794,3
2300059,794,794,3
2300069,795,794,3
2300079,797,794,3
2300089,792,794,3
2300099,798,794,3
2300110,795,794,3
2300120,793,794,3
2300130,797,794,3
2300140,794,794,3
2300150,797,794,3
2300161,795,794,3
2300171,793,794,3
2300181,796,794,3
2300191,793,794,3
2300201,794,794,3
2300212,796,794,3
SIM
2300232,808,786,13
2300242,786,786,13
2300252,790,786,13
2300262,790,786,13
2300273,785,786,13
2300283,797,786,14
2300293,785,786,13
2300303,786,786,13
2300314,788,786,13
2300324,783,786,13
2300334,788,786,13
2300344,786,786,13
2300354,785,786,13
2300365,790,786,13
2300375,785,786,13
2300385,788,786,13
2300395,789,786,13
2300405,785,786,13
2300416,791,786,13
2300426,784,786,13
2300436,789,786,13
2300446,790,786,13
2300456,783,786,13
2300467,789,786,13
2300477,783,786,13
2300487,784,786,13
2300497,788,786,13
2300507,782,786,13
2300518,788,786,13
2300528,787,786,13
2300538,785,786,13
2300548,791,786,13
2300558,783,786,13
2300569,789,786,13
2300579,790,786,13
2300589,783,786,13
2300599,789,786,13
2300610,784,786,13
2300620,786,786,13
2300630,789,786,13
2300640,783,786,13
2300650,788,786,13
2300661,787,786,13
2300671,786,786,13
2300681,789,786,13
2300691,783,786,13
2300701,789,786,13
2300712,788,786,13
2300722,784,786,13
2300732,790,786,13
2300742,784,786,13
2300752,789,786,13
2300763,790,786,13
2300773,782,786,13
2300783,790,786,13
2300793,786,786,13
2300803,786,786,13
2300814,790,786,13
2300824,783,786,13
2300834,789,786,13
2300844,786,786,12
2300855,784,786,12
2300865,789,786,12
2300875,782,786,13
2300885,788,786,13
2300895,787,786,12
2300906,784,786,12
2300916,789,786,12
2300926,784,786,12
2300936,787,786,12
2300946,789,786,12
2300957,782,786,12
2300967,789,786,12
2300977,786,786,12
2300987,787,786,12
2300997,791,786,12
2301008,785,786,12
2301018,786,786,12
2301028,787,786,12
2301038,784,786,12
2301048,790,786,12
2301059,783,786,12
2301069,786,786,12
2301079,789,786,12
2301089,783,786,12
2301099,790,786,12
2301110,784,786,12
2301120,786,786,12
2301130,789,786,12
2301140,783,786,12
2301151,788,786,12
2301161,785,786,12
2301171,785,786,12
2301181,789,786,12
2301191,783,786,12
2301202,789,786,12
2301212,789,786,12
2301222,784,786,12
2301232,791,786,12
2301242,784,786,12
2301253,789,786,12
2301263,790,786,12
2301273,784,786,12
2301283,790,786,12
2301293,784,786,12
2301304,786,786,12
2301314,789,786,12
2301324,781,786,12
2301334,789,786,12
2301344,786,786,12
2301355,784,786,12
2301365,790,786,12
2301375,784,786,12
2301385,788,786,12
2301396,790,786,12
2301406,782,786,12
2301416,788,786,12
2301426,784,786,12
2301436,789,786,12
2301447,792,786,12
RIM
2301467,733,718,9
2301477,722,718,9
2301487,720,718,9
2301498,720,718,9
2301508,715,718,9
2301518,718,718,8
2301528,719,718,8
2301538,716,718,8
2301549,720,718,8
2301559,716,718,8
2301569,718,718,8
2301579,719,718,8
2301589,714,718,8
2301600,720,718,8
2301610,716,718,8
2301620,718,718,8
2301630,720,718,7
2301640,714,717,8
2301651,719,717,8
2301661,717,717,8
2301671,716,717,8
2301681,719,717,8
2301691,715,717,8
2301702,719,717,7
2301712,719,717,7
2301722,715,717,7
2301732,720,717,7
2301742,715,717,7
2301753,718,717,7
2301763,720,717,7
2301773,714,717,7
2301783,719,717,7
2301793,716,717,7
2301804,717,717,7
2301814,720,717,7
2301824,715,717,7
2301834,719,717,7
2301844,718,717,7
2301855,717,717,6
2301865,719,717,6
2301875,715,717,7
2301885,718,717,6
2301895,719,717,6
2301906,715,717,6
2301916,720,717,6
2301926,715,717,6
2301936,718,717,6
2301946,719,717,6
2301957,714,717,6
2301967,720,717,6
2301977,716,717,6
2301987,717,717,6
2301997,720,717,6
2302008,715,717,6
2302018,719,717,6
2302028,719,717,6
2302038,716,717,6
2302048,719,717,6
2302059,715,717,6
2302069,718,717,6
2302079,720,717,6
2302089,714,717,6
2302099,720,717,6
2302110,716,717,6
2302120,718,717,6
2302130,720,717,6
2302140,714,717,7
2302150,718,717,7
2302161,718,717,6
2302171,717,717,6
2302181,719,717,6
2302191,714,717,7
2302201,718,717,6
2302212,719,717,6
2302222,715,717,6
2302232,719,717,6
2302242,716,717,6
2302252,718,717,6
2302263,720,717,6
2302273,715,717,6
2302283,719,717,6
2302293,715,717,6
2302303,718,717,6
2302314,720,717,6
2302324,715,717,6
2302334,719,717,6
2302344,718,717,6
2302354,717,717,6
2302365,719,717,6
2302375,715,717,6
2302385,718,717,6
2302395,719,717,6
2302405,715,717,6
2302416,721,717,6
2302426,717,717,6
2302436,721,717,6
2302446,722,717,6
2302456,716,717,6
2302467,721,717,6
2302477,719,717,6
2302487,719,717,6
2302497,721,717,6
2302507,716,717,6
2302518,721,717,7
2302528,720,717,7
2302538,718,717,7
2302548,721,717,7
2302558,717,717,7
2302569,720,717,7
2302579,721,717,7
2302589,717,717,7
2302599,721,717,7
2302609,717,717,7
2302620,719,717,7
2302630,722,718,6
2302640,716,717,7
2302650,721,718,6
2302660,720,718,6
2302671,719,718,6
2302681,721,718,6
OSM
2302702,791,794,3
2302712,793,794,3
2302722,791,794,3
2302732,792,794,3
2302743,790,794,3
2302753,791,794,3
2302763,793,794,3
2302773,790,794,4
2302783,794,794,4
2302794,792,794,4
2302804,793,794,3
2302814,794,794,3
2302824,791,794,4
2302834,794,794,4
2302845,792,794,4
2302855,793,794,4
2302865,794,794,3
2302875,792,794,4
2302885,794,794,4
2302896,794,794,4
2302906,792,794,4
2302916,794,794,4
2302926,792,794,4
2302936,793,794,4
2302947,794,794,4
2302957,791,794,4
2302967,794,794,3
2302977,793,794,4
2302987,793,794,3
2302998,794,794,3
2303008,792,794,3
2303018,793,794,3
2303028,794,794,3
2303038,792,794,3
2303049,795,794,3
2303059,792,794,3
2303069,794,794,3
2303079,794,794,3
2303089,792,794,3
2303100,794,794,3
2303110,792,794,3
2303120,793,794,3
2303130,794,794,3
2303140,792,794,3
2303151,795,794,3
2303161,792,794,3
2303171,793,794,3
2303181,794,794,3
2303191,792,793,4
2303202,794,793,4
2303212,794,793,4
2303222,792,793,4
2303232,794,793,4
2303242,792,793,4
2303253,792,793,4
2303263,793,793,4
2303273,791,793,4
2303283,794,793,3
2303293,792,793,3
2303304,792,793,3
2303314,794,793,3
2303324,791,793,3
2303334,793,793,3
2303344,793,793,3
2303355,791,793,3
2303365,792,793,3
2303375,791,793,3
2303385,793,793,3
2303395,794,793,3
2303406,791,793,3
2303416,794,793,3
2303426,792,793,3
2303436,792,793,3
2303446,795,793,3
2303457,791,793,3
2303467,793,793,3
2303477,793,793,3
2303487,792,793,3
2303497,794,793,3
2303508,791,793,3
2303518,793,793,3
2303528,794,793,3
2303538,792,793,3
2303548,794,793,2
2303559,791,793,2
2303569,793,793,2
2303579,794,793,2
2303589,792,793,2
2303599,794,793,2
2303610,791,793,2
2303620,793,793,2
2303630,795,793,2
2303640,792,793,2
2303650,794,793,2
2303661,792,793,2
2303671,792,793,2
2303681,794,793,2
2303691,792,793,2
2303701,793,793,2
2303712,792,793,2
2303722,792,793,2
2303732,794,793,2
2303742,792,793,2
2303752,793,793,2
2303763,793,793,2
2303773,791,792,3
2303783,794,792,2
2303793,792,792,2
2303803,793,792,2
2303814,793,792,2
2303824,791,792,2
2303834,793,792,2
2303844,793,792,2
2303854,793,792,2
2303865,793,792,2
2303875,791,792,2
2303885,794,792,2
2303895,794,792,2
2303905,792,792,2
2303916,793,792,1
SIM
2303936,805,786,11
2303946,792,786,12
2303956,782,786,12
2303966,789,786,11
2303977,785,786,11
2303987,786,786,10
2303997,790,786,11
2304007,784,786,11
2304018,789,786,11
2304028,786,786,11
2304038,784,786,11
2304048,788,786,11
2304058,783,786,11
2304069,789,786,11
2304079,788,786,11
2304089,784,786,11
2304099,788,786,11
2304109,784,786,11
2304120,787,786,10
2304130,789,786,10
2304140,783,786,10
2304150,789,786,10
2304160,786,786,10
2304171,786,786,10
2304181,790,786,10
2304191,782,786,10
2304201,787,786,10
2304211,786,786,10
2304222,783,786,10
2304232,789,786,10
2304242,782,786,10
2304252,787,786,10
2304263,790,786,10
2304273,783,786,10
2304283,790,786,10
2304293,783,786,10
2304303,787,786,10
2304314,788,786,10
2304324,781,786,10
2304334,787,786,10
2304344,786,786,10
2304354,784,786,10
2304365,790,786,10
2304375,783,786,11
2304385,788,786,11
2304395,788,786,10
2304405,784,786,10
2304416,791,786,11
2304426,783,786,11
2304436,787,786,11
2304446,790,786,11
2304456,784,786,11
2304467,790,786,11
2304477,785,786,10
2304487,786,786,10
2304497,789,786,10
2304507,781,786,11
2304518,789,786,11
2304528,786,786,10
2304538,784,786,10
2304548,788,786,10
2304559,783,786,10
2304569,788,786,10
2304579,789,786,10
2304589,783,786,10
2304599,789,786,11
2304610,784,786,11
2304620,786,786,10
2304630,788,786,10
2304640,781,786,11
2304650,788,786,11
2304661,784,786,10
2304671,785,786,10
2304681,789,786,10
2304691,782,786,11
2304701,788,786,10
2304712,789,786,11
2304722,784,786,11
2304732,789,786,11
2304742,784,786,11
2304752,790,786,11
2304763,789,786,11
2304773,782,786,11
2304783,790,786,11
2304793,785,786,11
2304803,786,786,11
2304814,789,786,11
2304824,781,786,11
2304834,788,786,11
2304844,786,786,11
2304855,786,786,11
2304865,790,786,11
2304875,783,786,11
2304885,789,786,11
2304895,789,786,11
2304906,784,786,11
2304916,789,786,11
2304926,784,786,11
2304936,788,786,11
2304946,790,786,11
2304957,783,786,11
2304967,788,786,11
2304977,785,786,11
2304987,787,786,11
2304997,790,786,11
2305008,782,786,11
2305018,788,786,11
2305028,787,786,11
2305038,784,786,10
2305048,788,786,11
2305059,783,786,11
2305069,787,786,10
2305079,789,786,10
2305089,783,786,11
2305100,790,786,11
2305110,784,786,10
2305120,787,786,10
2305130,789,786,10
2305140,782,786,10
2305151,788,786,10
RIM
2305171,730,718,5
2305181,722,718,5
2305191,716,718,5
2305201,719,718,5
2305212,719,718,5
2305222,715,718,5
2305232,719,718,5
2305242,715,718,5
2305252,718,718,5
2305263,720,718,5
2305273,715,718,5
2305283,719,718,5
2305293,716,718,5
2305303,717,718,5
2305314,721,718,5
2305324,716,718,5
2305334,721,718,5
2305344,721,718,5
2305355,719,718,5
2305365,722,718,5
2305375,717,718,5
2305385,720,718,5
2305395,722,718,5
2305406,719,718,5
2305416,722,718,6
2305426,719,718,6
2305436,721,718,6
2305446,721,718,6
2305457,715,718,6
2305467,719,718,6
2305477,717,718,6
2305487,717,718,6
2305497,719,718,5
2305508,715,718,6
2305518,720,718,6
2305528,718,718,5
2305538,715,718,6
2305548,720,718,6
2305559,716,718,6
2305569,719,718,6
2305579,720,718,6
2305589,715,718,6
2305599,720,718,6
2305610,716,718,6
2305620,718,718,6
2305630,721,718,6
2305640,714,718,6
2305650,720,718,6
2305661,719,718,6
2305671,719,718,6
2305681,722,718,6
2305691,716,718,6
2305701,720,718,6
2305712,721,718,6
2305722,719,718,6
2305732,721,718,6
2305742,718,718,6
2305752,720,718,6
2305763,721,718,6
2305773,716,718,6
2305783,720,718,6
2305793,718,718,6
2305803,719,718,6
2305814,722,718,6
2305824,716,718,6
2305834,721,718,6
2305844,720,718,6
2305854,719,718,6
2305865,722,718,6
2305875,717,718,6
2305885,720,718,6
2305895,721,718,6
2305905,717,718,6
2305916,721,718,6
2305926,717,718,6
2305936,720,718,6
2305946,721,718,6
2305956,716,718,6
2305967,721,718,6
2305977,719,718,6
2305987,719,718,6
2305997,721,718,6
2306007,716,718,6
2306018,721,718,6
2306028,720,718,6
2306038,718,718,6
2306048,721,718,6
2306058,717,718,6
2306069,720,718,6
2306079,721,719,5
2306089,717,719,5
2306099,721,719,5
2306109,718,719,5
2306120,720,719,5
2306130,721,719,5
2306140,716,719,5
2306150,721,719,5
2306160,719,719,5
2306171,720,719,5
2306181,721,719,5
2306191,716,719,5
2306201,720,719,5
2306211,720,719,5
2306222,718,719,5
2306232,721,719,5
2306242,717,719,5
2306252,719,719,5
2306262,722,719,5
2306273,717,719,5
2306283,721,719,5
2306293,718,719,5
2306303,719,719,5
2306313,722,719,5
2306324,717,719,5
2306334,720,719,5
2306344,719,719,5
2306354,719,719,5
2306364,721,719,5
2306375,717,719,5
2306385,720,719,5
OSM
2306406,791,792,1
2306416,793,792,1
2306426,792,792,1
2306436,794,792,1
2306447,793,792,1
2306457,791,792,1
2306467,792,792,1
2306477,792,792,1
2306487,794,792,1
2306498,793,792,1
2306508,794,792,1
2306518,792,792,1
2306528,792,792,1
2306538,791,792,1
2306549,793,792,1
2306559,790,792,1
2306569,792,792,1
2306579,792,792,1
2306589,791,792,1
2306600,792,792,1
2306610,790,792,1
2306620,792,792,1
2306630,793,792,1
2306640,790,792,1
2306651,793,792,1
2306661,791,792,1
2306671,793,792,1
2306681,794,792,1
2306691,792,792,1
2306702,794,792,1
2306712,793,792,1
2306722,792,792,1
2306732,793,792,1
2306742,792,792,1
2306753,792,792,1
2306763,793,792,1
2306773,792,792,1
2306783,793,792,1
2306793,792,792,1
2306804,792,792,1
2306814,793,792,1
2306824,791,792,1
2306834,793,792,1
2306844,793,792,1
2306855,791,792,1
2306865,793,792,1
2306875,791,792,1
2306885,793,792,1
2306895,793,792,1
2306906,791,792,1
2306916,793,792,1
2306926,791,792,1
2306936,792,792,1
2306946,794,792,1
2306957,790,792,1
2306967,793,792,1
2306977,791,792,1
2306987,792,792,1
2306997,794,792,1
2307008,791,792,1
2307018,793,792,1
2307028,793,792,1
2307038,792,792,1
2307048,793,792,1
2307059,791,792,1
2307069,792,792,1
2307079,794,792,1
2307089,791,792,1
2307099,793,792,1
2307110,791,792,1
2307120,792,792,1
2307130,794,792,1
2307140,791,792,1
2307150,793,792,1
2307161,792,792,1
2307171,792,792,1
2307181,793,792,1
2307191,792,792,1
2307201,793,792,1
2307212,793,792,1
2307222,791,792,1
2307232,794,792,1
2307242,792,792,1
2307252,793,792,1
2307263,793,792,1
2307273,791,792,1
2307283,793,792,1
2307293,792,792,1
2307303,793,792,1
2307314,793,792,1
2307324,790,792,1
2307334,793,792,1
2307344,792,792,1
2307354,792,792,1
2307365,794,792,1
2307375,791,792,1
2307385,793,792,1
2307395,793,792,1
2307405,791,792,1
2307416,793,792,1
2307426,791,792,1
2307436,791,792,1
2307446,795,792,1
2307456,791,792,1
2307467,793,792,1
2307477,791,792,1
2307487,792,792,1
2307497,793,792,1
2307507,791,792,1
2307518,792,792,1
2307528,792,792,1
2307538,791,792,1
2307548,794,792,1
2307558,791,792,1
2307569,793,792,1
2307579,793,792,1
2307589,792,792,1
2307599,793,792,1
2307609,792,792,1
2307620,792,792,1
SIM
2307640,802,786,9
2307650,793,786,9
2307660,787,786,9
2307671,788,786,9
2307681,790,786,9
2307691,782,786,10
2307701,788,786,9
2307711,789,786,9
2307722,785,786,9
2307732,789,786,9
2307742,783,786,10
2307752,788,786,10
2307762,790,786,10
2307773,784,786,10
2307783,789,786,10
2307793,785,786,10
2307803,788,786,10
2307813,789,786,10
2307824,782,786,10
2307834,789,786,10
2307844,787,786,10
2307854,784,786,10
2307864,789,786,10
2307875,782,786,10
2307885,789,786,10
2307895,789,786,10
2307905,784,786,10
2307916,789,786,10
2307926,785,786,10
2307936,789,786,10
2307946,790,786,10
2307956,783,786,10
2307967,789,786,10
2307977,784,786,10
2307987,787,786,10
2307997,789,786,10
2308007,782,786,10
2308018,789,786,10
2308028,787,786,10
2308038,785,786,10
2308048,790,786,10
2308058,784,786,10
2308069,789,786,10
2308079,789,786,10
2308089,783,786,10
2308099,788,786,10
2308109,784,786,10
2308120,787,786,9
2308130,789,786,9
2308140,781,786,10
2308150,789,786,10
2308160,785,786,10
2308171,786,786,9
2308181,789,786,10
2308191,784,786,10
2308201,788,786,10
2308212,787,786,9
2308222,784,786,9
2308232,789,786,9
2308242,783,786,9
2308252,787,786,9
2308263,789,786,9
2308273,783,786,9
2308283,789,786,9
2308293,784,786,9
2308303,787,786,9
2308314,790,786,9
2308324,784,786,9
2308334,789,786,9
2308344,787,786,9
2308354,786,786,9
2308365,791,786,9
2308375,784,786,9
2308385,789,786,9
2308395,790,786,9
2308405,786,786,9
2308416,790,786,9
2308426,785,786,9
2308436,788,786,9
2308446,788,786,9
2308456,783,786,9
2308467,789,786,9
2308477,785,786,9
2308487,786,786,9
2308497,789,786,9
2308507,782,786,9
2308518,789,786,9
2308528,786,786,9
2308538,784,786,9
2308548,789,786,9
2308558,783,786,9
2308569,787,786,9
2308579,788,786,9
2308589,783,786,9
2308599,790,786,9
2308609,783,786,9
2308620,787,786,9
2308630,789,786,9
2308640,782,786,9
2308650,788,786,9
2308660,786,786,9
2308671,785,786,9
2308681,789,786,9
2308691,782,786,9
2308701,786,786,9
2308711,787,786,9
2308722,784,786,9
2308732,788,786,9
2308742,782,786,9
2308752,786,786,9
2308762,788,786,9
2308773,783,786,9
2308783,789,786,9
2308793,784,786,9
2308803,786,786,9
2308814,789,786,9
2308824,782,786,9
2308834,788,786,9
2308844,786,786,9
2308854,786,786,9
RIM
2308875,727,719,4
2308885,719,718,5
2308895,720,719,4
2308905,716,719,4
2308915,720,719,4
2308926,715,719,4
2308936,718,719,4
2308946,719,719,4
2308956,715,719,4
2308966,719,719,4
2308977,716,719,4
2308987,717,718,5
2308997,719,719,4
2309007,714,718,5
2309017,718,718,5
2309028,718,718,5
2309038,717,718,5
2309048,719,718,5
2309058,714,718,5
2309068,718,718,5
2309079,722,718,5
2309089,719,718,5
2309099,722,718,5
2309109,718,718,5
2309119,721,718,5
2309130,723,718,5
2309140,716,718,5
2309150,721,718,5
2309160,720,718,5
2309170,720,718,5
2309181,722,718,5
2309191,717,718,5
2309201,721,718,5
2309211,721,719,4
2309221,718,719,4
2309232,721,719,4
2309242,717,719,4
2309252,720,719,4
2309262,721,719,4
2309272,717,719,4
2309283,721,719,4
2309293,719,719,4
2309303,719,719,4
2309313,721,719,4
2309323,717,719,4
2309334,721,719,4
2309344,720,719,4
2309354,719,719,4
2309364,722,719,4
2309374,717,719,4
2309385,722,719,4
2309395,722,719,4
2309405,717,719,4
2309415,721,719,4
2309425,717,719,4
2309436,720,719,4
2309446,721,719,4
2309456,716,719,4
2309466,721,719,4
2309476,718,719,4
2309487,720,719,4
2309497,721,719,4
2309507,717,719,4
2309517,720,719,4
2309527,719,719,4
2309538,719,719,4
2309548,722,719,4
2309558,717,719,4
2309568,721,719,4
2309578,721,719,4
2309589,718,719,4
2309599,722,719,4
2309609,718,719,4
2309619,720,719,4
2309629,721,719,4
2309640,718,719,4
2309650,721,719,4
2309660,719,719,4
2309670,719,719,4
2309680,721,719,4
2309691,717,719,4
2309701,722,719,4
2309711,721,719,4
2309721,719,719,4
2309731,721,719,4
2309742,718,719,4
2309752,720,719,4
2309762,722,719,4
2309772,717,719,4
2309782,721,719,4
2309793,718,719,4
2309803,720,719,4
2309813,721,719,4
2309823,716,719,4
2309833,721,719,4
2309844,720,719,4
2309854,719,719,4
2309864,721,719,4
2309874,717,719,4
2309884,720,719,4
2309895,722,719,4
2309905,718,719,4
2309915,721,719,4
2309925,717,719,4
2309935,720,719,4
2309946,721,719,4
2309956,716,719,4
2309966,721,719,4
2309976,718,719,4
2309987,718,719,4
2309997,719,719,4
2310007,714,719,4
2310017,719,719,4
2310027,718,719,4
2310038,717,719,4
2310048,719,719,4
2310058,715,719,4
2310068,718,719,4
2310078,719,719,4
2310089,715,719,4
OSM
2310110,792,792,1
2310120,794,792,1
2310130,794,792,1
2310141,791,792,1
2310151,796,792,1
2310161,793,792,1
2310171,793,792,1
2310181,794,792,1
2310192,792,792,1
2310202,793,792,1
2310212,794,792,1
2310222,792,792,1
2310232,795,792,1
2310243,792,792,1
2310253,794,792,1
2310263,794,792,1
2310273,792,792,1
2310283,794,792,1
2310294,792,792,1
2310304,792,792,1
2310314,793,792,1
2310324,792,792,1
2310334,794,792,1
2310345,794,792,1
2310355,792,792,1
2310365,795,792,1
2310375,793,792,1
2310385,794,792,1
2310396,794,792,1
2310406,791,792,1
2310416,794,792,1
2310426,794,792,1
2310436,792,792,1
2310447,800,792,2
2310457,792,792,2
2310467,793,792,2
2310477,794,792,2
2310487,795,792,2
2310498,797,792,2
2310508,792,792,2
2310518,793,792,2
2310528,795,792,2
2310538,794,792,2
2310549,797,792,2
2310559,792,792,2
2310569,794,792,2
2310579,795,792,2
2310589,793,792,2
2310600,796,792,2
2310610,792,792,2
2310620,793,792,2
2310630,794,792,2
2310640,793,792,2
2310651,796,792,3
2310661,793,792,3
2310671,792,792,3
2310681,796,792,3
2310691,793,792,3
2310702,796,792,3
2310712,793,792,3
2310722,792,792,3
2310732,796,792,3
2310742,794,793,2
2310753,795,793,2
2310763,794,793,2
2310773,792,793,2
2310783,795,793,2
2310793,794,793,2
2310804,794,793,2
2310814,794,793,2
2310824,792,793,2
2310834,794,793,2
2310844,794,793,2
2310855,793,793,2
2310865,795,793,2
2310875,792,793,2
2310885,794,793,2
2310895,794,793,2
2310906,793,793,2
2310916,793,793,2
2310926,792,793,2
2310936,793,793,2
2310946,800,793,2
2310957,792,793,2
2310967,794,793,2
2310977,793,793,2
2310987,793,793,2
2310997,795,793,2
2311008,792,793,2
2311018,794,793,2
2311028,794,793,2
2311038,793,793,2
2311048,794,793,2
2311059,793,793,2
2311069,793,793,2
2311079,795,793,2
2311089,793,793,2
2311099,794,793,2
2311110,793,793,2
2311120,793,793,2
2311130,794,793,2
2311140,792,793,2
2311150,794,793,2
2311161,794,793,2
2311171,793,793,2
2311181,794,793,2
2311191,792,793,2
2311201,795,793,2
2311212,794,793,2
2311222,792,793,2
2311232,794,793,2
2311242,793,793,2
2311252,793,793,2
2311263,794,793,2
2311273,792,793,2
2311283,793,793,2
2311293,793,793,2
2311303,793,793,2
2311314,795,793,2
2311324,792,793,2
SIM
2311344,802,786,9
2311354,787,786,8
2311364,790,786,9
2311375,783,786,9
2311385,790,786,9
2311395,790,786,9
2311405,784,786,9
2311415,789,786,9
2311426,784,786,9
2311436,788,786,9
2311446,790,786,9
2311456,784,786,9
2311467,790,786,9
2311477,785,786,9
2311487,788,786,9
2311497,789,786,9
2311507,782,786,9
2311518,789,786,9
2311528,786,786,9
2311538,784,786,9
2311548,789,786,9
2311558,782,786,9
2311569,788,786,9
2311579,788,786,9
2311589,784,786,9
2311599,789,786,9
2311609,784,786,9
2311620,787,786,9
2311630,789,786,9
2311640,783,786,9
2311650,787,786,8
2311660,786,786,8
2311671,786,786,8
2311681,789,786,8
2311691,783,786,8
2311701,789,786,8
2311711,788,786,8
2311722,784,786,8
2311732,789,786,8
2311742,783,786,8
2311752,788,786,8
2311762,789,786,8
2311773,783,786,8
2311783,790,786,8
2311793,785,786,8
2311803,786,786,8
2311813,789,786,8
2311824,782,786,8
2311834,788,786,8
2311844,786,786,8
2311854,785,786,8
2311864,789,786,8
2311875,783,786,8
2311885,788,786,8
2311895,787,786,8
2311905,784,786,8
2311915,789,786,8
2311926,785,786,8
2311936,787,786,8
2311946,790,786,8
2311956,783,786,8
2311966,789,786,8
2311977,785,786,8
2311987,786,786,8
2311997,788,786,8
2312007,783,786,8
2312017,789,786,8
2312028,787,786,8
2312038,786,786,8
2312048,789,786,8
2312058,783,786,8
2312068,788,786,8
2312079,789,786,8
2312089,784,786,8
2312099,789,786,8
2312109,785,786,8
2312119,787,786,8
2312130,789,786,8
2312140,782,786,8
2312150,790,786,8
2312160,785,786,8
2312170,786,786,8
2312181,789,786,8
2312191,782,786,8
2312201,788,786,8
2312211,787,786,8
2312221,783,786,8
2312232,789,786,8
2312242,782,786,8
2312252,787,786,8
2312262,789,786,8
2312272,782,786,8
2312283,788,786,8
2312293,783,786,8
2312303,786,786,8
2312313,788,786,8
2312323,782,786,8
2312334,787,786,8
2312344,785,786,8
2312354,785,786,8
2312364,788,786,8
2312374,781,786,8
2312385,789,786,8
2312395,787,786,8
2312405,783,786,8
2312415,789,786,8
2312425,783,786,8
2312436,787,786,8
2312446,788,786,8
2312456,782,786,8
2312466,787,786,8
2312476,783,786,8
2312487,786,786,8
2312497,787,786,8
2312507,783,786,8
2312517,788,786,8
2312527,785,786,8
2312538,784,786,8
2312548,788,786,8
2312558,782,786,8
RIM
2312578,729,719,5
2312588,717,719,5
2312599,723,719,5
2312609,718,719,5
2312619,721,719,5
2312629,722,719,5
2312640,718,719,5
2312650,722,719,5
2312660,719,719,5
2312670,720,719,5
2312680,722,719,5
2312690,717,719,5
2312701,722,719,5
2312711,721,719,5
2312721,719,719,5
2312731,722,719,5
2312741,717,719,5
2312752,722,719,5
2312762,722,719,5
2312772,717,719,5
2312782,721,719,4
2312792,717,719,5
2312803,720,719,4
2312813,721,719,4
2312823,716,719,5
2312833,720,719,4
2312843,719,719,4
2312854,720,719,4
2312864,722,719,4
2312874,717,719,4
2312884,720,719,4
2312894,720,719,4
2312905,717,719,4
2312915,722,719,4
2312925,716,719,4
2312935,720,719,4
2312945,721,719,4
2312956,718,719,4
2312966,721,719,4
2312976,717,719,4
2312986,719,719,4
2312996,721,719,4
2313007,717,719,4
2313017,721,719,4
2313027,720,719,4
2313037,718,719,4
2313047,721,719,4
2313058,717,719,4
2313068,722,719,4
2313078,721,719,4
2313088,718,719,4
2313098,721,719,4
2313109,718,719,4
2313119,720,719,4
2313129,722,719,4
2313139,716,719,4
2313149,721,719,4
2313160,719,719,4
2313170,720,719,4
2313180,722,719,4
2313190,716,719,4
2313200,720,719,4
2313211,720,719,4
2313221,718,719,4
2313231,722,719,4
2313241,717,719,4
2313251,720,719,4
2313262,721,719,4
2313272,716,719,4
2313282,720,719,4
2313292,715,719,5
2313303,718,719,4
2313313,720,719,4
2313323,713,719,5
2313333,719,719,5
2313343,716,719,5
2313354,718,719,5
2313364,720,719,5
2313374,714,719,5
2313384,719,719,5
2313394,718,719,5
2313405,716,719,5
2313415,719,719,5
2313425,716,719,5
2313435,718,719,5
2313445,719,719,5
2313456,715,719,5
2313466,719,719,5
2313476,715,719,5
2313486,718,719,5
2313496,720,719,5
2313507,715,718,6
2313517,719,718,6
2313527,717,718,6
2313537,717,718,6
2313547,719,718,6
2313558,715,718,6
2313568,718,718,6
2313578,719,718,6
2313588,715,718,6
2313598,720,718,6
2313609,715,718,6
2313619,718,718,6
2313629,720,718,6
2313639,714,718,6
2313649,719,718,6
2313660,716,718,6
2313670,717,718,6
2313680,721,718,6
2313690,713,718,6
2313700,719,718,6
2313711,718,718,6
2313721,716,718,6
2313731,719,718,6
2313741,715,718,6
2313751,718,718,6
2313762,719,718,6
2313772,715,718,6
2313782,720,718,6
2313792,715,718,6
OSM
2313813,791,793,2
2313823,790,793,2
2313833,792,793,2
2313843,793,793,2
2313854,791,793,2
2313864,794,793,2
2313874,790,793,2
2313884,792,793,2
2313894,791,793,2
2313905,791,793,2
2313915,794,793,2
2313925,791,793,2
2313935,794,793,2
2313945,795,793,2
2313956,792,793,2
2313966,794,793,2
2313976,791,793,2
2313986,791,793,2
2313996,794,793,2
2314007,792,793,2
2314017,794,793,2
2314027,793,793,2
2314037,792,793,2
2314047,794,793,2
2314058,791,793,2
2314068,794,793,2
2314078,793,793,2
2314088,792,793,2
2314098,794,793,2
2314109,793,793,2
2314119,794,793,2
2314129,793,793,2
2314139,792,793,2
2314149,794,793,2
2314160,793,793,2
2314170,792,793,2
2314180,795,793,2
2314190,792,793,2
2314200,793,793,2
2314211,793,793,2
2314221,793,793,2
2314231,794,793,2
2314241,792,793,2
2314251,794,793,2
2314262,795,793,2
2314272,792,793,2
2314282,794,793,2
2314292,793,793,2
2314302,794,793,1
2314313,794,793,1
2314323,792,793,1
2314333,794,793,1
2314343,793,793,1
2314353,793,793,1
2314364,794,793,1
2314374,792,793,1
2314384,793,793,1
2314394,793,793,1
2314404,793,793,1
2314415,794,793,1
2314425,792,793,1
2314435,793,793,1
2314445,794,793,1
2314455,791,793,1
2314466,794,793,1
2314476,792,793,1
2314486,793,793,1
2314496,794,793,1
2314506,791,793,1
2314517,794,793,1
2314527,793,793,1
2314537,793,793,1
2314547,793,793,1
2314557,791,793,1
2314568,794,793,1
2314578,793,793,1
2314588,791,793,1
2314598,795,793,1
2314608,792,793,1
2314619,793,793,1
2314629,794,793,1
2314639,792,793,1
2314649,794,793,1
2314659,791,792,2
2314670,793,792,2
2314680,794,792,2
2314690,790,792,2
2314700,792,792,2
2314710,792,792,2
2314721,792,792,2
2314731,793,792,2
2314741,792,792,2
2314751,793,792,2
2314761,793,792,2
2314772,792,792,2
2314782,795,792,2
2314792,791,792,2
2314802,792,792,2
2314812,794,792,2
2314823,792,792,2
2314833,794,792,2
2314843,791,792,2
2314853,793,792,2
2314863,794,792,2
2314874,792,792,2
2314884,794,792,2
2314894,794,792,2
2314904,792,792,2
2314914,793,792,2
2314925,792,792,2
2314935,793,792,2
2314945,793,792,2
2314955,792,792,2
2314965,794,792,2
2314976,792,792,2
2314986,794,792,2
2314996,793,792,2
2315006,791,792,2
2315016,793,792,2
2315027,793,792,2
SIM
2315047,806,786,9
2315057,785,786,9
2315067,790,786,9
2315077,787,786,9
2315088,785,786,9
2315098,792,786,9
2315108,783,786,9
2315118,787,786,9
2315129,788,786,9
2315139,783,786,9
2315149,790,786,9
2315159,783,786,10
2315169,789,786,9
2315180,789,786,10
2315190,782,786,10
2315200,789,786,10
2315210,787,786,9
2315220,786,786,9
2315231,790,786,10
2315241,783,786,10
2315251,788,786,10
2315261,788,786,9
2315271,785,786,9
2315282,790,786,10
2315292,783,786,10
2315302,788,786,10
2315312,790,786,10
2315322,782,786,10
2315333,788,786,10
2315343,784,786,10
2315353,786,786,10
2315363,788,786,10
2315373,781,786,10
2315384,789,786,10
2315394,786,786,10
2315404,786,786,10
2315414,790,786,10
2315424,784,786,10
2315435,788,786,10
2315445,788,786,10
2315455,783,786,10
2315465,790,786,10
2315476,782,786,10
2315486,786,786,10
2315496,790,786,10
2315506,782,786,10
2315516,788,786,10
2315527,786,786,10
2315537,786,786,10
2315547,790,786,10
2315557,782,786,10
2315567,789,786,10
2315578,787,786,10
2315588,785,786,10
2315598,789,786,10
2315608,782,786,10
2315618,787,786,10
2315629,789,786,10
2315639,782,786,10
2315649,789,786,10
2315659,783,786,10
2315669,786,786,10
2315680,788,786,10
2315690,782,786,10
2315700,788,786,10
2315710,785,786,10
2315721,785,786,10
2315731,790,786,10
2315741,783,786,10
2315751,789,786,10
2315761,789,786,10
2315772,784,786,10
2315782,790,786,10
2315792,784,786,10
2315802,789,786,10
2315812,789,786,11
2315823,782,786,11
2315833,787,786,11
2315843,784,786,10
2315853,787,786,10
2315863,788,786,10
2315874,782,786,11
2315884,789,786,11
2315894,787,786,10
2315904,785,786,10
2315914,790,786,10
2315925,782,786,11
2315935,787,786,10
2315945,789,786,10
2315955,784,786,10
2315966,790,786,10
2315976,785,786,10
2315986,788,786,10
2315996,790,786,10
2316006,782,786,11
2316017,790,786,11
2316027,785,786,11
2316037,785,786,11
2316047,790,786,11
2316057,782,786,11
2316068,787,786,11
2316078,785,786,11
2316088,784,786,11
2316098,789,786,11
2316108,783,786,11
2316119,788,786,11
2316129,790,786,11
2316139,783,786,11
2316149,789,786,11
2316159,785,786,11
2316170,787,786,11
2316180,788,786,11
2316190,781,786,11
2316200,787,786,11
2316211,785,786,11
2316221,784,786,11
2316231,789,786,11
2316241,782,786,11
2316251,787,786,11
2316262,788,786,11
RIM
2316282,733,718,7
2316292,720,718,7
2316302,721,718,7
2316313,722,718,7
2316323,714,718,7
2316333,719,718,7
2316343,717,718,7
2316353,718,718,7
2316364,719,718,7
2316374,714,718,7
2316384,719,718,7
2316394,719,718,7
2316404,717,718,7
2316415,721,718,7
2316425,716,718,7
2316435,718,718,7
2316445,720,718,7
2316455,714,718,7
2316466,719,718,7
2316476,716,718,7
2316486,718,718,6
2316496,720,718,7
2316506,714,718,7
2316517,719,718,7
2316527,718,718,7
2316537,717,718,6
2316547,720,718,7
2316557,715,718,7
2316568,718,718,6
2316578,719,718,6
2316588,715,718,6
2316598,719,718,6
2316608,716,718,6
2316619,717,718,6
2316629,720,718,6
2316639,715,718,6
2316649,719,718,6
2316659,716,718,6
2316670,719,718,6
2316680,719,718,6
2316690,714,718,6
2316700,718,718,6
2316710,718,718,6
2316721,716,718,6
2316731,720,718,6
2316741,714,718,6
2316751,718,718,6
2316761,719,718,6
2316772,715,717,7
2316782,720,717,7
2316792,715,717,7
2316802,718,717,7
2316812,719,717,7
2316823,715,717,7
2316833,719,717,7
2316843,716,717,7
2316853,717,717,7
2316863,719,717,7
2316874,713,717,7
2316884,719,717,7
2316894,718,717,7
2316904,716,717,7
2316914,719,717,6
2316925,715,717,7
2316935,719,717,6
2316945,720,717,6
2316955,715,717,6
2316965,719,717,6
2316976,715,717,6
2316986,718,717,6
2316996,719,717,6
2317006,714,717,6
2317016,719,717,6
2317027,717,717,6
2317037,717,717,6
2317047,720,717,6
2317057,714,717,6
2317067,718,717,6
2317078,718,717,6
2317088,715,717,6
2317098,719,717,6
2317108,715,717,6
2317118,718,717,6
2317129,720,717,6
2317139,715,717,6
2317149,718,717,6
2317159,716,717,6
2317169,718,717,6
2317180,720,717,6
2317190,714,717,6
2317200,719,717,6
2317210,718,717,6
2317220,716,717,6
2317231,720,717,6
2317241,715,717,6
2317251,718,717,6
2317261,719,717,6
2317271,715,717,6
2317282,719,717,6
2317292,715,717,6
2317302,718,717,6
2317312,720,717,6
2317322,714,717,6
2317333,719,717,6
2317343,717,717,6
2317353,717,717,6
2317363,719,717,6
2317373,714,717,6
2317384,718,717,6
2317394,718,717,6
2317404,716,717,6
2317414,719,717,6
2317424,715,717,6
2317435,718,717,6
2317445,720,717,6
2317455,714,717,6
2317465,719,717,6
2317475,715,717,6
2317486,717,717,6
2317496,719,717,6
OSM
2317517,794,792,2
2317527,797,792,2
2317537,793,792,2
2317547,794,792,2
2317558,792,792,2
2317568,793,792,2
2317578,795,792,2
2317588,793,792,2
2317598,794,792,2
2317609,791,792,2
2317619,792,792,2
2317629,794,792,2
2317639,793,792,2
2317649,794,792,2
2317660,793,792,2
2317670,793,792,2
2317680,793,792,2
2317690,792,792,2
2317700,794,792,2
2317711,792,792,2
2317721,792,792,2
2317731,794,792,2
2317741,792,792,2
2317751,793,792,2
2317762,793,792,2
2317772,791,792,2
2317782,793,792,2
2317792,792,792,2
2317802,794,792,2
2317813,793,792,2
2317823,791,792,2
2317833,794,792,2
2317843,793,792,2
2317853,793,792,2
2317864,792,792,2
2317874,791,792,2
2317884,793,792,2
2317894,793,792,2
2317904,792,792,2
2317915,793,792,2
2317925,791,792,2
2317935,792,792,2
2317945,794,792,2
2317955,792,792,2
2317966,793,792,1
2317976,790,792,1
2317986,792,792,1
2317996,795,792,2
2318006,792,792,1
2318017,792,792,1
2318027,792,792,1
2318037,791,792,1
2318047,794,792,1
2318057,793,792,1
2318068,793,792,1
2318078,792,792,1
2318088,791,792,1
2318098,794,792,1
2318108,792,792,1
2318119,791,792,1
2318129,793,792,1
2318139,791,792,1
2318149,794,792,1
2318159,793,792,1
2318170,793,792,1
2318180,794,792,1
2318190,791,792,1
2318200,794,792,1
2318210,793,792,1
2318221,791,792,1
2318231,794,792,1
2318241,792,792,1
2318251,794,792,1
2318261,794,792,1
2318272,793,792,1
2318282,794,792,1
2318292,792,792,1
2318302,794,792,1
2318312,795,792,2
2318323,793,792,2
2318333,793,792,1
2318343,794,792,2
2318353,793,792,1
2318363,795,792,2
2318374,791,792,2
2318384,794,792,2
2318394,793,792,2
2318404,792,792,2
2318414,794,792,2
2318425,791,792,2
2318435,792,792,2
2318445,793,792,2
2318455,791,792,2
2318465,793,792,2
2318476,791,792,2
2318486,792,792,2
2318496,793,792,2
2318506,792,792,2
2318516,793,792,1
2318527,792,792,1
2318537,792,792,1
2318547,793,792,1
2318557,793,792,1
2318567,795,792,1
2318578,794,792,2
2318588,792,792,1
2318598,795,792,2
2318608,793,792,2
2318618,794,792,2
2318629,795,792,2
2318639,791,792,2
2318649,793,792,2
2318659,793,792,2
2318669,794,792,2
2318680,795,792,2
2318690,793,792,2
2318700,795,792,2
2318710,794,792,2
2318720,793,792,2
2318731,795,792,2
SIM
2318751,807,786,11
2318761,791,786,11
2318771,785,786,11
2318782,790,786,11
2318792,783,786,11
2318802,787,786,11
2318812,788,786,11
2318822,781,786,11
2318833,790,786,11
2318843,784,786,11
2318853,786,786,11
2318863,789,786,11
2318873,783,786,11
2318884,790,786,11
2318894,788,786,11
2318904,785,786,11
2318914,791,786,11
2318925,785,786,11
2318935,791,786,11
2318945,789,786,11
2318955,784,786,11
2318965,790,786,11
2318976,783,786,11
2318986,786,786,11
2318996,790,786,11
2319006,782,786,11
2319016,789,786,11
2319027,786,786,11
2319037,787,786,11
2319047,791,786,11
2319057,784,786,11
2319067,788,786,11
2319078,788,786,11
2319088,784,786,11
2319098,789,786,11
2319108,782,786,11
2319118,788,786,11
2319129,788,786,11
2319139,784,786,11
2319149,790,786,11
2319159,785,786,11
2319169,787,786,11
2319180,788,786,11
2319190,782,786,11
2319200,788,786,11
2319210,786,786,11
2319221,785,786,11
2319231,789,786,11
2319241,782,786,11
2319251,787,786,11
2319261,788,786,11
2319272,784,786,11
2319282,790,786,11
2319292,783,786,11
2319302,787,786,11
2319312,788,786,11
2319323,781,786,11
2319333,788,786,11
2319343,785,786,11
2319353,785,786,11
2319363,790,786,11
2319374,783,786,11
2319384,789,786,11
2319394,788,786,11
2319404,785,786,11
2319414,790,786,11
2319425,784,786,11
2319435,789,786,11
2319445,790,786,11
2319455,783,786,11
2319466,789,786,11
2319476,782,786,11
2319486,785,786,11
2319496,788,786,11
2319506,781,786,11
2319517,788,786,11
2319527,786,786,11
2319537,785,786,11
2319547,791,786,11
2319557,782,786,11
2319568,788,786,11
2319578,786,786,11
2319588,782,786,11
2319598,789,786,11
2319608,783,786,11
2319619,787,786,11
2319629,789,786,11
2319639,782,786,11
2319649,789,786,11
2319659,785,786,11
2319670,785,786,11
2319680,784,786,11
2319690,778,786,12
2319700,785,786,12
2319711,784,786,12
2319721,781,786,12
2319731,787,786,12
2319741,780,786,12
2319751,785,786,12
2319762,788,786,12
2319772,782,786,12
2319782,787,786,12
2319792,782,786,12
2319802,785,786,12
2319813,789,786,12
2319823,782,786,12
2319833,789,786,12
2319843,785,786,12
2319853,784,786,12
2319864,788,786,12
2319874,781,786,12
2319884,786,786,12
2319894,788,786,12
2319904,782,786,12
2319915,788,786,12
2319925,783,786,12
2319935,790,786,12
2319945,790,786,12
2319955,785,786,12
2319966,790,786,12
RIM
2319986,727,717,5
2319996,720,717,5
2320006,715,717,5
2320017,719,717,4
2320027,718,717,4
2320037,715,717,4
2320047,719,717,4
2320057,713,717,5
2320068,718,717,5
2320078,718,717,4
2320088,715,717,4
2320098,718,717,4
2320108,714,717,5
2320119,718,717,4
2320129,722,717,5
2320139,717,717,5
2320149,721,717,5
2320159,720,717,5
2320170,720,717,5
2320180,722,717,5
2320190,717,717,5
2320200,722,717,5
2320210,722,717,5
2320221,717,717,5
2320231,722,717,5
2320241,718,717,5
2320251,720,717,5
2320261,722,717,5
2320272,718,717,5
2320282,721,717,6
2320292,719,717,6
2320302,719,717,6
2320312,721,717,6
2320323,717,717,6
2320333,721,717,6
2320343,720,717,6
2320353,718,717,6
2320363,721,717,6
2320374,717,717,6
2320384,721,717,6
2320394,721,717,6
2320404,718,717,6
2320414,721,717,6
2320425,717,717,6
2320435,720,717,6
2320445,722,718,5
2320455,717,718,5
2320465,721,718,5
2320476,719,718,5
2320486,720,718,5
2320496,721,718,5
2320506,717,718,5
2320516,721,718,5
2320527,720,718,5
2320537,718,718,5
2320547,722,718,5
2320557,717,718,5
2320567,720,718,5
2320578,721,718,5
2320588,717,718,5
2320598,721,718,5
2320608,718,718,5
2320618,719,718,5
2320629,722,718,5
2320639,717,718,5
2320649,721,718,5
2320659,719,718,5
2320669,719,718,5
2320680,721,718,5
2320690,715,718,5
2320700,720,718,5
2320710,719,718,5
2320720,717,718,5
2320731,719,718,5
2320741,714,718,5
2320751,718,718,5
2320761,719,718,5
2320771,715,718,5
2320782,719,718,5
2320792,716,718,5
2320802,717,718,5
2320812,718,718,5
2320822,714,718,5
2320833,718,718,5
2320843,717,718,5
2320853,716,718,5
2320863,719,718,5
2320873,714,718,5
2320884,718,718,5
2320894,719,718,5
2320904,716,718,5
2320914,719,718,5
2320924,714,718,5
2320935,718,718,5
2320945,719,718,5
2320955,715,718,5
2320965,719,718,5
2320975,716,718,5
2320986,718,718,5
2320996,720,718,5
2321006,714,718,5
2321016,718,718,5
2321026,718,718,5
2321037,717,718,5
2321047,720,718,5
2321057,714,718,5
2321067,719,718,5
2321077,719,718,5
2321088,716,718,5
2321098,720,718,5
2321108,716,718,5
2321118,718,718,5
2321128,720,718,5
2321139,715,718,5
2321149,720,718,5
2321159,717,718,5
2321169,717,718,5
2321179,719,718,5
2321190,716,718,5
2321200,719,718,5
OSM
2321221,790,792,2
2321231,792,792,2
2321241,790,792,2
2321251,791,792,2
2321262,793,792,2
2321272,790,792,2
2321282,792,792,2
2321292,791,792,2
2321302,792,792,2
2321313,794,792,2
2321323,790,792,2
2321333,792,792,2
2321343,792,792,2
2321353,792,792,2
2321364,796,792,2
2321374,791,792,2
2321384,793,792,2
2321394,793,792,2
2321404,794,792,2
2321415,793,792,2
2321425,790,792,2
2321435,791,792,2
2321445,793,792,2
2321455,790,792,2
2321466,794,792,2
2321476,793,792,2
2321486,793,792,2
2321496,794,792,2
2321506,792,792,2
2321517,794,792,2
2321527,793,792,2
2321537,791,792,2
2321547,796,792,2
2321557,792,792,2
2321568,794,792,2
2321578,794,792,2
2321588,792,792,2
2321598,793,792,2
2321608,791,792,2
2321619,794,792,2
2321629,793,792,2
2321639,791,792,2
2321649,793,792,2
2321659,794,792,2
2321670,793,792,2
2321680,794,792,2
2321690,792,792,2
2321700,794,792,2
2321710,794,792,2
2321721,792,792,2
2321731,794,792,2
2321741,791,792,2
2321751,793,792,2
2321761,794,792,2
2321772,793,792,2
2321782,794,792,2
2321792,793,792,2
2321802,793,792,2
2321812,794,792,2
2321823,792,792,2
2321833,793,792,2
2321843,793,792,2
2321853,793,792,2
2321863,794,792,2
2321874,792,792,2
2321884,794,792,2
2321894,794,792,2
2321904,792,792,2
2321914,794,792,2
2321925,794,792,2
2321935,794,792,2
2321945,794,792,2
2321955,791,792,2
2321965,794,792,2
2321976,793,792,2
2321986,793,792,2
2321996,794,792,2
2322006,791,792,2
2322016,794,792,2
2322027,793,792,2
2322037,792,792,2
2322047,794,792,2
2322057,793,792,2
2322067,794,792,2
2322078,794,792,2
2322088,792,792,2
2322098,794,792,2
2322108,792,792,2
2322118,793,792,2
2322129,794,792,2
2322139,792,792,2
2322149,794,792,2
2322159,794,792,2
2322169,793,792,2
2322180,795,792,2
2322190,791,792,2
2322200,793,792,2
2322210,793,792,2
2322220,793,792,2
2322231,794,792,2
2322241,792,792,2
2322251,794,792,2
2322261,794,792,2
2322271,792,792,2
2322282,795,792,2
2322292,792,792,2
2322302,794,792,2
2322312,794,792,2
2322322,792,792,2
2322333,794,792,2
2322343,793,792,2
2322353,794,792,2
2322363,794,792,2
2322373,792,792,2
2322384,794,792,2
2322394,794,792,2
2322404,792,792,2
2322414,793,792,2
2322424,792,792,2
2322435,794,792,2
SIM
2322455,801,786,10
2322465,792,786,10
2322475,783,786,11
2322486,786,786,10
2322496,789,786,10
2322506,783,786,10
2322516,790,786,11
2322526,789,786,10
2322537,785,786,10
2322547,792,786,11
2322557,783,786,11
2322567,788,786,11
2322577,789,786,11
2322588,786,786,10
2322598,789,786,11
2322608,784,786,11
2322618,787,786,10
2322628,788,786,10
2322639,783,786,10
2322649,788,786,10
2322659,784,786,10
2322669,786,786,10
2322679,790,786,10
2322690,783,786,10
2322700,789,786,10
2322710,787,786,10
2322720,784,786,10
2322730,789,786,10
2322741,781,786,10
2322751,788,786,10
2322761,790,786,10
2322771,783,786,10
2322782,789,786,10
2322792,784,786,10
2322802,788,786,10
2322812,790,786,10
2322822,783,786,10
2322833,789,786,10
2322843,787,786,10
2322853,786,786,10
2322863,790,786,10
2322873,783,786,10
2322884,788,786,10
2322894,788,786,10
2322904,783,786,10
2322914,789,786,10
2322924,783,786,10
2322935,785,786,10
2322945,789,786,10
2322955,783,786,10
2322965,789,786,10
2322975,785,786,10
2322986,788,786,10
2322996,790,786,10
2323006,782,786,10
2323016,788,786,10
2323026,786,786,10
2323037,784,786,10
2323047,789,786,10
2323057,782,786,10
2323067,788,786,10
2323078,789,786,10
2323088,784,786,10
2323098,791,786,10
2323108,784,786,10
2323118,788,786,10
2323129,791,786,11
2323139,783,786,11
2323149,789,786,11
2323159,785,786,10
2323169,786,786,10
2323180,789,786,10
2323190,781,786,11
2323200,788,786,11
2323210,785,786,10
2323220,784,786,10
2323231,789,786,10
2323241,783,786,10
2323251,787,786,10
2323261,790,786,10
2323271,784,786,10
2323282,789,786,10
2323292,784,786,10
2323302,786,786,10
2323312,789,786,10
2323322,782,786,10
2323333,787,786,10
2323343,784,786,10
2323353,785,786,10
2323363,790,786,10
2323374,782,786,10
2323384,788,786,10
2323394,788,786,10
2323404,784,786,10
2323414,790,786,10
2323425,784,786,10
2323435,789,786,10
2323445,790,786,10
2323455,784,786,10
2323465,789,786,10
2323476,784,786,10
2323486,786,786,10
2323496,789,786,10
2323506,782,786,10
2323516,788,786,10
2323527,786,786,9
2323537,783,786,9
2323547,789,786,10
2323557,782,786,10
2323567,787,786,10
2323578,789,786,10
2323588,783,786,10
2323598,790,786,10
2323608,783,786,10
2323618,788,786,10
2323629,789,786,10
2323639,783,786,10
2323649,788,786,9
2323659,786,786,9
2323669,786,786,9
RIM
2323690,727,718,5
2323700,720,718,5
2323710,721,718,5
2323720,716,718,5
2323731,718,718,5
2323741,716,718,5
2323751,718,718,5
2323761,720,718,5
2323771,715,718,5
2323782,720,718,5
2323792,717,718,5
2323802,719,718,5
2323812,720,718,5
2323822,714,718,5
2323833,719,718,5
2323843,719,718,5
2323853,717,718,5
2323863,719,718,5
2323873,715,718,5
2323884,719,718,5
2323894,720,718,5
2323904,716,718,5
2323914,720,718,5
2323924,715,718,5
2323935,718,718,5
2323945,720,718,5
2323955,714,718,5
2323965,719,718,5
2323975,717,718,5
2323986,717,718,5
2323996,720,718,5
2324006,714,718,5
2324016,719,718,5
2324026,718,718,5
2324037,716,718,5
2324047,720,718,5
2324057,715,718,5
2324067,719,718,5
2324077,719,718,5
2324088,715,718,5
2324098,719,718,4
2324108,715,718,5
2324118,718,718,4
2324128,719,718,4
2324139,714,718,5
2324149,719,717,5
2324159,717,717,5
2324169,717,717,5
2324179,719,717,5
2324190,714,717,5
2324200,719,717,5
2324210,718,717,5
2324220,716,717,5
2324230,719,717,5
2324241,715,717,5
2324251,718,717,5
2324261,719,717,5
2324271,715,717,5
2324281,719,717,5
2324292,715,717,5
2324302,718,717,5
2324312,719,717,5
2324322,714,717,5
2324332,719,717,5
2324343,718,717,5
2324353,717,717,4
2324363,719,717,4
2324373,715,717,4
2324383,718,717,4
2324394,719,717,4
2324404,716,717,4
2324414,719,717,4
2324424,715,717,4
2324434,718,717,4
2324445,720,717,4
2324455,714,717,4
2324465,719,717,4
2324475,716,717,4
2324485,717,717,4
2324496,719,717,4
2324506,715,717,4
2324516,719,717,4
2324526,717,717,4
2324536,716,717,4
2324547,719,717,4
2324557,715,717,4
2324567,718,717,4
2324577,719,717,4
2324587,715,717,4
2324598,719,717,4
2324608,717,717,4
2324618,718,717,4
2324628,720,717,4
2324638,714,717,4
2324649,718,717,4
2324659,717,717,4
2324669,717,717,4
2324679,719,717,4
2324689,714,717,4
2324700,719,717,4
2324710,719,717,4
2324720,716,717,4
2324730,719,717,4
2324740,715,717,4
2324751,718,717,4
2324761,719,717,4
2324771,714,717,4
2324781,719,717,4
2324791,715,717,4
2324802,719,717,4
2324812,720,717,4
2324822,714,717,4
2324832,718,717,4
2324842,717,717,4
2324853,717,717,4
2324863,719,717,4
2324873,715,717,4
2324883,718,717,4
2324893,719,717,4
2324904,715,717,4
OSM
2324925,793,792,2
2324935,795,792,2
2324945,796,793,1
2324955,795,793,1
2324966,795,793,1
2324976,793,793,1
2324986,793,793,1
2324996,793,793,1
2325006,792,793,1
2325017,794,793,1
2325027,794,793,1
2325037,793,793,1
2325047,795,793,1
2325057,797,793,1
2325068,796,793,1
2325078,795,793,1
2325088,793,793,1
2325098,796,793,1
2325108,797,793,1
2325119,797,793,1
2325129,794,793,1
2325139,792,793,1
2325149,797,793,1
2325159,798,793,2
2325170,796,793,2
2325180,795,793,2
2325190,792,793,2
2325200,796,793,2
2325210,795,793,2
2325221,796,793,2
2325231,795,793,2
2325241,792,793,2
2325251,796,793,2
2325261,797,793,2
2325272,795,793,2
2325282,795,793,2
2325292,794,793,2
2325302,796,793,2
2325312,797,793,2
2325323,796,793,2
2325333,794,793,2
2325343,793,793,2
2325353,793,793,2
2325363,796,793,2
2325374,795,793,2
2325384,794,793,2
2325394,794,793,2
2325404,792,793,2
2325414,796,793,2
2325425,794,793,2
2325435,794,793,2
2325445,795,793,2
2325455,792,793,2
2325465,795,793,2
2325476,794,793,2
2325486,793,793,2
2325496,794,793,2
2325506,793,793,2
2325516,794,793,2
2325527,795,793,2
2325537,793,793,2
2325547,795,793,2
2325557,793,793,2
2325567,794,793,2
2325578,794,793,2
2325588,792,793,2
2325598,794,793,2
2325608,794,793,2
2325618,794,793,2
2325629,795,793,3
2325639,793,793,3
2325649,794,793,3
2325659,794,793,2
2325669,793,793,2
2325680,795,793,3
2325690,792,793,3
2325700,793,793,3
2325710,793,793,2
2325720,794,793,2
2325731,797,794,2
2325741,793,794,2
2325751,793,794,2
2325761,794,794,2
2325771,797,794,2
2325782,798,794,2
2325792,793,794,2
2325802,794,794,2
2325812,794,794,2
2325822,794,794,2
2325833,798,794,2
2325843,793,794,2
2325853,792,794,2
2325863,794,794,2
2325873,796,794,2
2325884,797,794,2
2325894,794,794,2
2325904,791,794,2
2325914,794,794,2
2325924,795,794,2
2325935,797,794,2
2325945,794,794,2
2325955,792,794,2
2325965,794,794,2
2325975,795,794,2
2325986,797,794,2
2325996,795,794,2
2326006,792,794,2
2326016,794,794,2
2326026,796,794,2
2326037,796,794,2
2326047,794,794,2
2326057,793,794,2
2326067,794,794,2
2326077,799,794,2
2326088,795,794,2
2326098,794,794,2
2326108,793,794,2
2326118,793,794,2
2326128,797,794,2
2326139,792,794,2
SIM
2326159,804,786,10
2326169,789,786,10
2326179,790,786,10
2326189,782,786,10
2326200,787,786,10
2326210,788,786,10
2326220,785,786,10
2326230,790,786,10
2326241,784,786,10
2326251,788,786,10
2326261,789,786,10
2326271,783,786,10
2326281,790,786,10
2326292,785,786,10
2326302,786,786,10
2326312,788,786,10
2326322,784,786,10
2326332,788,786,10
2326343,785,786,10
2326353,784,786,10
2326363,789,786,10
2326373,782,786,10
2326383,788,786,10
2326394,789,786,10
2326404,784,786,10
2326414,791,786,10
2326424,784,786,10
2326434,787,786,10
2326445,789,786,10
2326455,781,786,10
2326465,789,786,10
2326475,786,786,10
2326486,786,786,10
2326496,790,786,10
2326506,784,786,10
2326516,789,786,10
2326526,789,786,10
2326537,784,786,10
2326547,789,786,10
2326557,783,786,10
2326567,787,786,10
2326577,788,786,10
2326588,782,786,10
2326598,788,786,10
2326608,784,786,10
2326618,785,786,10
2326628,788,786,10
2326639,782,786,10
2326649,790,786,10
2326659,787,786,10
2326669,785,786,10
2326679,789,786,10
2326690,784,786,10
2326700,788,786,10
2326710,787,786,10
2326720,782,786,10
2326731,788,786,10
2326741,783,786,10
2326751,788,786,10
2326761,789,786,10
2326771,782,786,10
2326782,789,786,10
2326792,784,786,10
2326802,785,786,9
2326812,787,786,9
2326822,781,786,10
2326833,787,786,9
2326843,786,786,9
2326853,785,786,9
2326863,789,786,9
2326873,782,786,9
2326884,789,786,9
2326894,788,786,9
2326904,784,786,9
2326914,790,786,9
2326924,784,786,9
2326935,787,786,9
2326945,798,786,10
2326955,783,786,11
2326965,789,786,11
2326975,786,786,10
2326986,786,786,10
2326996,788,786,10
2327006,783,786,10
2327016,787,786,10
2327027,787,786,10
2327037,783,786,10
2327047,790,786,10
2327057,784,786,10
2327067,786,786,10
2327078,788,786,10
2327088,782,786,10
2327098,788,786,10
2327108,784,786,10
2327118,785,786,10
2327129,788,786,10
2327139,781,786,10
2327149,788,786,10
2327159,787,786,10
2327169,784,786,10
2327180,790,786,10
2327190,784,786,10
2327200,788,786,10
2327210,790,786,10
2327220,784,786,10
2327231,788,786,10
2327241,783,786,10
2327251,785,786,10
2327261,788,786,10
2327272,782,786,10
2327282,790,786,10
2327292,785,786,10
2327302,785,786,10
2327312,788,786,10
2327323,780,786,10
2327333,787,786,10
2327343,787,786,10
2327353,784,786,10
2327363,789,786,10
2327374,783,786,10
RIM
2327394,729,717,5
2327404,715,717,5
2327414,719,717,4
2327425,716,717,4
2327435,717,717,4
2327445,718,717,4
2327455,713,717,5
2327465,719,717,5
2327476,718,717,5
2327486,716,717,4
2327496,719,717,4
2327506,715,717,4
2327516,719,717,4
2327527,719,717,4
2327537,715,717,4
2327547,719,717,4
2327557,716,717,4
2327567,717,717,4
2327578,719,717,4
2327588,713,717,4
2327598,719,717,4
2327608,717,717,4
2327618,717,717,4
2327629,719,717,4
2327639,714,717,4
2327649,718,717,4
2327659,719,717,4
2327669,715,717,4
2327680,718,717,4
2327690,714,717,4
2327700,718,717,4
2327710,719,717,4
2327720,715,717,4
2327731,719,717,4
2327741,715,717,4
2327751,718,717,4
2327761,719,717,4
2327771,715,717,4
2327782,718,717,4
2327792,717,717,4
2327802,717,717,4
2327812,719,717,4
2327822,715,717,4
2327833,718,717,4
2327843,718,717,4
2327853,716,717,4
2327863,719,717,4
2327873,716,717,4
2327884,718,717,4
2327894,720,717,4
2327904,715,717,4
2327914,719,717,4
2327924,715,717,4
2327935,717,717,4
2327945,720,717,4
2327955,715,717,4
2327965,719,717,4
2327975,718,717,4
2327986,716,717,4
2327996,719,717,4
2328006,715,717,4
2328016,718,717,4
2328026,720,717,4
2328037,715,717,4
2328047,719,717,4
2328057,716,717,4
2328067,718,717,4
2328077,719,717,4
2328088,715,717,4
2328098,719,717,4
2328108,718,717,4
2328118,717,717,4
2328128,720,717,4
2328139,714,717,4
2328149,718,717,4
2328159,718,717,4
2328169,715,717,4
2328179,719,717,4
2328190,714,717,4
2328200,718,717,4
2328210,722,717,4
2328220,717,717,4
2328230,722,717,5
2328241,718,717,5
2328251,720,717,5
2328261,721,717,5
2328271,716,717,5
2328281,721,717,5
2328292,720,717,5
2328302,719,717,5
2328312,722,717,5
2328322,716,717,5
2328332,720,717,5
2328343,721,717,5
2328353,718,717,5
2328363,721,717,5
2328373,718,717,5
2328383,719,717,5
2328394,722,717,5
2328404,717,717,5
2328414,721,717,5
2328424,719,717,5
2328434,719,717,5
2328445,721,717,6
2328455,716,717,6
2328465,721,717,6
2328475,719,717,6
2328485,719,717,6
2328496,721,717,6
2328506,717,717,6
2328516,721,717,6
2328526,722,717,6
2328536,717,717,6
2328547,721,717,6
2328557,717,717,6
2328567,719,717,6
2328577,721,718,5
2328587,716,717,6
2328598,721,718,5
2328608,719,718,5
OSM
2328629,791,794,2
2328639,789,794,3
2328649,792,794,3
2328659,792,794,3
2328670,791,794,3
2328680,795,794,3
2328690,792,794,3
2328700,793,794,3
2328710,795,794,3
2328721,794,794,3
2328731,796,794,3
2328741,793,794,3
2328751,793,794,3
2328761,796,794,3
2328772,792,794,3
2328782,796,794,3
2328792,792,794,3
2328802,793,794,3
2328812,797,794,3
2328823,794,794,3
2328833,796,794,3
2328843,794,794,3
2328853,794,794,3
2328863,796,794,2
2328874,793,794,2
2328884,795,794,2
2328894,795,794,2
2328904,792,794,2
2328914,796,794,2
2328925,795,794,2
2328935,795,794,2
2328945,795,794,2
2328955,791,794,2
2328965,794,794,2
2328976,796,794,2
2328986,795,794,2
2328996,794,794,2
2329006,792,794,2
2329016,795,794,2
2329027,796,794,2
2329037,794,794,2
2329047,794,794,2
2329057,792,794,2
2329067,794,794,2
2329078,794,794,2
2329088,794,794,2
2329098,794,794,2
2329108,793,794,2
2329118,794,794,2
2329129,796,794,2
2329139,794,794,2
2329149,794,794,2
2329159,794,794,2
2329169,793,794,2
2329180,794,794,2
2329190,794,794,2
2329200,794,794,2
2329210,794,794,2
2329220,794,794,2
2329231,796,794,2
2329241,795,794,2
2329251,794,794,2
2329261,794,794,2
2329271,793,794,2
2329282,794,794,2
2329292,796,794,2
2329302,792,794,2
2329312,795,794,2
2329322,794,794,2
2329333,796,794,2
2329343,796,794,2
2329353,793,794,2
2329363,795,794,2
2329373,793,794,2
2329384,794,794,2
2329394,796,794,2
2329404,792,794,2
2329414,793,794,2
2329424,795,794,2
2329435,795,794,2
2329445,796,794,2
2329455,792,794,2
2329465,794,794,2
2329475,796,794,2
2329486,792,794,2
2329496,796,794,2
2329506,793,794,2
2329516,793,794,2
2329526,796,794,2
2329537,794,794,2
2329547,796,794,2
2329557,793,794,2
2329567,794,794,2
2329577,794,794,2
2329588,792,794,2
2329598,795,794,2
2329608,793,794,2
2329618,793,794,2
2329628,796,794,2
2329639,792,794,2
2329649,795,794,2
2329659,794,794,2
2329669,791,794,2
2329679,795,794,2
2329690,792,794,2
2329700,796,794,2
2329710,795,794,2
2329720,792,794,2
2329730,796,794,2
2329741,795,794,2
2329751,795,794,2
2329761,795,794,2
2329771,791,794,2
2329781,794,794,2
2329792,793,793,3
2329802,794,793,3
2329812,794,793,3
2329822,794,794,2
2329832,795,793,3
2329843,796,794,2
SIM
2329863,805,786,11
2329873,786,786,11
2329883,788,786,11
2329894,790,786,11
2329904,782,786,11
2329914,791,786,11
2329924,786,786,11
2329934,787,786,11
2329945,788,786,11
2329955,782,786,11
2329965,787,786,11
2329975,785,786,11
2329985,784,786,11
2329996,788,786,11
2330006,783,786,11
2330016,787,786,11
2330026,788,786,11
2330036,784,786,11
2330047,790,786,11
2330057,784,786,11
2330067,787,786,11
2330077,789,786,11
2330087,784,786,11
2330098,790,786,11
2330108,786,786,11
2330118,786,786,10
2330128,788,786,10
2330139,782,786,11
2330149,787,786,10
2330159,787,786,10
2330169,784,786,10
2330179,790,786,10
2330190,783,786,10
2330200,788,786,10
2330210,790,786,10
2330220,783,786,10
2330230,789,786,10
2330241,783,786,10
2330251,787,786,10
2330261,789,786,10
2330271,781,786,11
2330281,787,786,11
2330292,785,786,10
2330302,785,786,10
2330312,789,786,10
2330322,784,786,11
2330332,789,786,11
2330343,789,786,11
2330353,784,786,10
2330363,789,786,10
2330373,784,786,10
2330383,788,786,10
2330394,790,786,11
2330404,783,786,11
2330414,790,786,11
2330424,785,786,11
2330435,785,786,11
2330445,787,786,11
2330455,782,786,11
2330465,789,786,11
2330475,788,786,11
2330486,784,786,10
2330496,790,786,11
2330506,785,786,11
2330516,789,786,11
2330526,789,786,10
2330537,783,786,11
2330547,789,786,11
2330557,785,786,11
2330567,788,786,11
2330577,790,786,11
2330588,782,786,11
2330598,787,786,11
2330608,785,786,11
2330618,785,786,10
2330629,789,786,11
2330639,783,786,11
2330649,787,786,9
2330659,792,786,10
2330669,783,786,10
2330680,790,786,10
2330690,783,786,10
2330700,788,786,10
2330710,789,786,10
2330720,782,786,10
2330731,789,786,10
2330741,785,786,10
2330751,786,786,10
2330761,791,786,10
2330771,783,786,10
2330782,789,786,10
2330792,788,786,10
2330802,784,786,10
2330812,789,786,10
2330823,784,786,10
2330833,787,786,10
2330843,787,786,10
2330853,781,786,10
2330863,788,786,10
2330874,783,786,10
2330884,787,786,10
2330894,789,786,10
2330904,782,786,10
2330914,789,786,10
2330925,786,786,10
2330935,786,786,10
2330945,790,786,10
2330955,782,786,10
2330965,788,786,10
2330976,787,786,10
2330986,783,786,10
2330996,789,786,10
2331006,783,786,10
2331016,788,786,10
2331027,790,786,10
2331037,784,786,10
2331047,791,786,10
2331057,786,786,10
2331067,786,786,10
2331078,790,786,10
RIM
2331098,733,718,6
2331108,722,718,6
2331118,720,718,6
2331129,723,718,6
2331139,718,718,6
2331149,719,718,6
2331159,720,718,6
2331169,715,718,6
2331180,719,718,6
2331190,716,718,6
2331200,718,718,6
2331210,719,718,6
2331220,715,718,6
2331231,720,718,6
2331241,718,718,6
2331251,717,718,6
2331261,718,718,6
2331271,714,718,6
2331282,718,718,6
2331292,720,718,6
2331302,716,718,6
2331312,719,718,6
2331322,714,718,6
2331333,718,718,6
2331343,720,718,6
2331353,715,718,6
2331363,718,718,6
2331373,716,718,6
2331384,717,718,6
2331394,720,718,6
2331404,714,718,6
2331414,718,718,6
2331424,717,718,6
2331435,716,718,6
2331445,719,718,6
2331455,714,718,6
2331465,718,718,6
2331475,719,718,6
2331486,715,718,6
2331496,719,718,6
2331506,715,718,6
2331516,717,718,6
2331526,719,718,6
2331537,714,718,6
2331547,718,718,6
2331557,716,718,6
2331567,717,718,6
2331577,719,718,6
2331588,714,718,6
2331598,719,718,6
2331608,718,718,6
2331618,716,718,6
2331628,719,718,6
2331639,714,718,6
2331649,718,718,6
2331659,720,718,6
2331669,715,718,6
2331679,719,718,6
2331690,716,718,6
2331700,718,718,6
2331710,720,718,6
2331720,713,718,6
2331730,718,718,6
2331741,718,718,6
2331751,717,718,6
2331761,719,718,6
2331771,714,718,6
2331781,718,718,6
2331792,718,718,6
2331802,715,718,6
2331812,720,718,7
2331822,715,718,7
2331832,718,718,7
2331843,720,718,6
2331853,714,718,7
2331863,719,718,7
2331873,716,718,7
2331883,717,718,7
2331894,720,718,6
2331904,714,718,7
2331914,718,718,6
2331924,718,718,6
2331934,716,718,6
2331945,719,718,6
2331955,714,718,6
2331965,718,718,6
2331975,720,718,6
2331985,715,718,6
2331996,719,718,6
2332006,715,718,6
2332016,718,717,7
2332026,719,718,6
2332036,714,717,7
2332047,719,717,7
2332057,716,717,7
2332067,717,717,7
2332077,719,717,7
2332087,713,717,7
2332098,719,717,7
2332108,717,717,7
2332118,716,717,7
2332128,719,717,7
2332138,715,717,7
2332149,719,717,7
2332159,719,717,7
2332169,715,717,7
2332179,719,717,7
2332189,715,717,7
2332200,717,717,7
2332210,720,717,7
2332220,714,717,7
2332230,719,717,6
2332240,717,717,6
2332251,716,717,6
2332261,719,717,6
2332271,714,717,6
2332281,718,717,6
2332291,717,717,6
2332302,715,717,6
2332312,719,717,6
OSM
2332333,791,794,2
2332343,794,794,2
2332353,791,794,2
2332363,794,794,2
2332374,793,794,2
2332384,792,794,2
2332394,795,794,2
2332404,793,794,2
2332414,794,794,2
2332425,793,794,2
2332435,794,794,1
2332445,792,794,2
2332455,789,794,2
2332465,792,793,3
2332476,792,793,3
2332486,790,793,3
2332496,792,793,3
2332506,791,793,3
2332516,792,793,3
2332527,794,793,3
2332537,791,793,3
2332547,792,793,3
2332557,792,793,3
2332567,796,793,3
2332578,793,793,3
2332588,791,793,3
2332598,792,793,3
2332608,795,793,3
2332618,791,793,2
2332629,793,793,2
2332639,795,793,2
2332649,797,793,3
2332659,792,793,3
2332669,790,793,3
2332680,794,793,3
2332690,791,793,3
2332700,791,793,3
2332710,792,793,3
2332720,791,793,3
2332731,792,793,2
2332741,792,793,2
2332751,791,793,3
2332761,793,793,3
2332771,790,793,3
2332782,792,793,3
2332792,793,793,3
2332802,790,793,3
2332812,792,793,3
2332822,791,793,3
2332833,793,793,3
2332843,794,793,3
2332853,791,793,3
2332863,794,793,3
2332873,791,793,3
2332884,792,793,3
2332894,794,793,3
2332904,791,793,3
2332914,793,793,3
2332924,792,793,3
2332935,792,793,3
2332945,794,793,3
2332955,791,793,3
2332965,793,793,3
2332975,793,793,3
2332986,791,793,3
2332996,793,793,3
2333006,791,793,3
2333016,792,793,3
2333026,793,793,3
2333037,790,793,3
2333047,794,793,2
2333057,793,793,2
2333067,792,793,2
2333077,793,793,2
2333088,791,792,3
2333098,793,792,3
2333108,793,792,3
2333118,792,792,3
2333129,795,792,3
2333139,793,792,3
2333149,793,792,3
2333159,794,792,3
2333169,791,792,3
2333179,798,792,3
2333190,792,792,3
2333200,794,792,3
2333210,794,792,3
2333220,793,792,3
2333230,794,792,3
2333241,793,792,3
2333251,794,792,3
2333261,794,792,3
2333271,793,792,3
2333281,795,792,3
2333292,793,792,3
2333302,793,792,3
2333312,794,792,3
2333322,793,792,3
2333332,794,792,3
2333343,794,792,3
2333353,792,792,3
2333363,794,792,3
2333373,793,792,3
2333383,794,792,3
2333394,794,792,3
2333404,793,792,3
2333414,794,792,3
2333424,794,792,3
2333434,793,792,3
2333445,793,792,3
2333455,793,792,2
2333465,794,792,2
2333475,794,792,2
2333485,793,792,2
2333496,794,792,2
2333506,793,792,2
2333516,793,792,2
2333526,795,792,2
2333536,792,792,2
2333547,794,792,2
SIM
2333567,804,786,10
2333577,792,786,10
2333587,784,786,10
2333598,789,786,10
2333608,787,786,10
2333618,784,786,10
2333628,790,786,10
2333638,782,786,10
2333649,786,786,10
2333659,790,786,10
2333669,783,786,10
2333679,789,786,10
2333690,784,786,10
2333700,788,786,10
2333710,790,786,10
2333720,783,786,10
2333730,791,786,10
2333741,787,786,10
2333751,785,786,10
2333761,788,786,10
2333771,782,786,10
2333782,786,786,10
2333792,786,786,10
2333802,783,786,10
2333812,788,786,10
2333823,783,786,10
2333833,788,786,10
2333843,790,786,10
2333853,783,786,10
2333863,789,786,10
2333874,787,786,10
2333884,787,786,10
2333894,790,786,10
2333904,782,786,10
2333914,790,786,10
2333925,787,786,10
2333935,784,786,10
2333945,789,786,10
2333955,783,786,10
2333965,787,786,10
2333976,788,786,10
2333986,781,786,10
2333996,788,786,10
2334006,784,786,10
2334016,786,786,10
2334027,789,786,10
2334037,782,786,10
2334047,788,786,10
2334057,785,786,10
2334067,785,786,10
2334078,788,786,10
2334088,782,786,10
2334098,787,786,10
2334108,788,786,10
2334119,783,786,10
2334129,789,786,10
2334139,784,786,10
2334149,789,786,10
2334159,789,786,10
2334170,784,786,10
2334180,789,786,10
2334190,786,786,10
2334200,787,786,10
2334210,788,786,10
2334221,783,786,10
2334231,788,786,10
2334241,785,786,10
2334251,784,786,10
2334261,788,786,10
2334272,782,786,10
2334282,787,786,10
2334292,788,786,10
2334302,783,786,10
2334312,790,786,10
2334323,783,786,10
2334333,788,786,10
2334343,791,786,10
2334353,783,786,10
2334363,788,786,10
2334374,785,786,10
2334384,786,786,10
2334394,788,786,10
2334404,783,786,10
2334415,788,786,10
2334425,789,786,10
2334435,784,786,10
2334445,789,786,10
2334455,784,786,10
2334466,789,786,10
2334476,790,786,10
2334486,785,786,10
2334496,789,786,10
2334506,783,786,10
2334517,786,786,10
2334527,789,786,10
2334537,783,786,10
2334547,787,786,10
2334557,784,786,10
2334568,783,786,10
2334578,789,786,10
2334588,782,786,10
2334598,787,786,10
2334608,788,786,10
2334619,784,786,10
2334629,790,786,10
2334639,784,786,10
2334649,788,786,10
2334659,790,786,10
2334670,782,786,10
2334680,788,786,10
2334690,785,786,10
2334700,786,786,10
2334711,789,786,10
2334721,783,786,10
2334731,788,786,10
2334741,788,786,10
2334751,785,786,9
2334762,790,786,10
2334772,784,786,10
2334782,788,786,9
RIM
2334802,731,717,6
2334812,725,717,6
2334823,721,717,6
2334833,721,717,6
2334843,720,717,6
2334853,716,717,6
2334863,720,717,6
2334874,718,717,6
2334884,717,717,6
2334894,720,717,6
2334904,716,717,6
2334914,720,717,6
2334925,720,717,6
2334935,716,717,6
2334945,720,717,6
2334955,716,717,6
2334965,718,717,6
2334976,719,717,6
2334986,715,717,6
2334996,720,717,6
2335006,717,717,6
2335016,718,717,6
2335027,720,717,6
2335037,714,717,6
2335047,719,717,6
2335057,718,717,6
2335067,716,717,6
2335078,720,717,6
2335088,715,717,6
2335098,719,717,6
2335108,719,717,6
2335118,715,717,6
2335129,720,717,6
2335139,716,717,6
2335149,719,717,6
2335159,720,717,6
2335169,714,717,6
2335180,719,717,6
2335190,717,717,6
2335200,717,717,6
2335210,719,717,6
2335220,714,717,6
2335231,718,717,6
2335241,719,717,6
2335251,715,717,6
2335261,719,717,6
2335271,715,717,6
2335282,717,717,6
2335292,720,717,6
2335302,715,717,6
2335312,720,717,6
2335322,715,717,6
2335333,717,717,6
2335343,720,717,6
2335353,714,717,6
2335363,719,717,6
2335373,717,717,6
2335384,716,717,6
2335394,719,717,6
2335404,717,717,6
2335414,720,717,6
2335425,721,717,6
2335435,716,717,6
2335445,721,717,6
2335455,717,717,6
2335465,720,717,6
2335476,722,717,6
2335486,715,717,6
2335496,721,717,7
