Polling for available serial device...
Opening serial monitor for com port: "/dev/ttyACM0"
Serial monitor opened successfully:
1624019,1448,1447,4
1624030,1445,1447,4
1624040,1450,1447,4
1624050,1443,1447,4
1624060,1449,1447,4
1624070,1444,1447,4
1624081,1448,1447,4
1624091,1447,1447,4
1624101,1448,1447,4
1624111,1446,1447,4
1624121,1447,1447,4
1624132,1446,1447,4
1624142,1447,1447,4
1624152,1445,1447,4
1624162,1449,1447,4
1624172,1446,1447,4
1624183,1450,1447,4
1624193,1447,1447,4
1624203,1447,1447,4
1624213,1446,1447,4
1624223,1448,1447,4
1624234,1450,1447,4
1624244,1444,1447,4
1624254,1447,1447,4
1624264,1447,1447,4
1624274,1446,1447,4
1624285,1451,1447,4
1624295,1446,1447,4
1624305,1446,1447,4
1624315,1448,1447,4
1624325,1448,1447,4
1624335,1446,1447,4
1624346,1441,1447,4
1624356,1448,1447,4
1624366,1446,1447,4
1624376,1446,1447,4
1624386,1449,1447,4
1624397,1447,1447,4
1624407,1448,1447,4
1624417,1448,1447,4
1624427,1448,1447,4
1624437,1444,1447,4
1624448,1445,1447,4
1624458,1447,1447,4
1624468,1446,1447,4
1624478,1443,1447,4
1624488,1446,1447,4
1624499,1445,1447,4
1624509,1447,1447,3
1624519,1446,1447,3
1624529,1448,1447,3
1624539,1446,1447,3
1624550,1449,1447,3
1624560,1444,1447,3
1624570,1447,1447,3
1624580,1447,1447,3
1624590,1446,1447,3
1624601,1447,1447,3
1624611,1446,1447,3
1624621,1446,1447,3
1624631,1447,1447,3
1624641,1446,1447,3
1624652,1448,1447,3
1624662,1445,1447,3
1624672,1449,1447,3
1624682,1446,1446,4
1624692,1447,1446,4
1624702,1445,1446,4
1624713,1448,1446,4
1624723,1447,1446,4
1624733,1449,1446,4
1624743,1448,1446,4
1624753,1446,1446,4
1624764,1447,1446,4
1624774,1450,1447,3
1624784,1449,1447,3
1624794,1447,1447,3
1624804,1446,1447,3
1624815,1446,1446,4
1624825,1450,1447,3
1624835,1447,1447,3
1624845,1448,1447,3
1624855,1448,1447,3
1624866,1447,1447,3
1624876,1445,1447,3
1624886,1449,1447,3
1624896,1445,1446,4
1624906,1447,1446,4
1624917,1449,1446,4
1624927,1446,1446,4
1624937,1443,1446,4
1624947,1445,1446,4
1624957,1447,1446,4
1624968,1443,1446,4
1624978,1448,1446,4
1624988,1446,1446,4
1624998,1448,1446,4
1625008,1445,1446,3
1625019,1447,1446,3
1625029,1446,1446,3
1625039,1446,1446,3
1625049,1448,1446,3
1625059,1448,1446,3
1625069,1446,1446,3
1625080,1447,1446,3
SIM
1625100,1164,1169,176
1625110,1164,1169,176
1625120,1159,1168,178
1625131,1161,1168,178
1625141,1162,1168,178
1625151,1158,1168,179
1625161,1163,1168,178
1625171,1158,1168,179
1625182,1160,1168,179
1625192,1162,1168,178
1625202,1156,1167,180
1625212,1161,1167,179
1625222,1161,1167,179
1625233,1159,1167,179
1625243,1163,1167,177
1625253,1157,1167,178
1625263,1162,1167,177
1625273,1161,1166,177
1625284,1157,1166,177
1625294,1162,1166,176
1625304,1157,1166,175
1625314,1162,1166,175
1625324,1164,1166,173
1625335,1157,1166,173
1625345,1163,1165,172
1625355,1159,1165,171
1625365,1160,1165,170
1625375,1163,1165,167
1625386,1156,1165,167
1625396,1162,1165,165
1625406,1160,1164,164
1625416,1160,1164,163
1625426,1164,1164,159
1625437,1158,1164,158
1625447,1163,1164,155
1625457,1162,1164,153
1625467,1158,1164,152
1625477,1163,1163,150
1625488,1158,1163,148
1625498,1160,1163,147
1625508,1163,1163,143
1625518,1159,1163,142
1625529,1163,1163,138
1625539,1158,1162,137
1625549,1161,1162,135
1625559,1163,1162,130
1625569,1155,1162,128
1625580,1162,1162,123
1625590,1160,1161,120
1625600,1159,1161,117
1625610,1162,1161,112
1625620,1158,1161,109
1625631,1163,1161,105
1625641,1161,1161,100
1625651,1158,1160,98
1625661,1163,1160,93
1625671,1158,1160,90
1625682,1162,1160,86
1625692,1163,1160,80
1625702,1156,1159,78
1625712,1164,1159,71
1625722,1159,1159,65
1625733,1160,1159,61
1625743,1163,1159,55
1625753,1158,1158,52
1625763,1162,1158,47
1625773,1159,1158,42
1625784,1159,1158,38
1625794,1163,1158,34
1625804,1157,1158,31
1625814,1162,1157,29
1625824,1162,1157,25
1625835,1157,1157,25
1625845,1162,1157,24
1625855,1157,1157,24
1625865,1162,1157,24
1625875,1162,1157,24
1625886,1158,1157,24
1625896,1162,1157,24
1625906,1158,1157,24
1625916,1159,1157,24
1625926,1162,1157,25
1625937,1159,1157,25
1625947,1162,1157,25
1625957,1160,1157,25
1625967,1159,1157,25
1625977,1165,1158,24
1625988,1157,1158,24
1625998,1160,1158,24
1626008,1162,1158,24
1626018,1158,1158,24
1626028,1163,1158,24
1626038,1157,1158,24
1626049,1159,1158,24
1626059,1164,1158,24
1626069,1156,1158,22
1626079,1161,1158,21
1626089,1160,1158,20
1626100,1158,1158,19
1626110,1164,1158,19
1626120,1156,1159,16
1626130,1160,1159,15
1626140,1160,1159,15
1626151,1159,1159,13
1626161,1162,1159,13
1626171,1156,1159,12
1626181,1160,1159,11
1626191,1163,1159,11
1626202,1156,1159,9
1626212,1162,1159,9
1626222,1157,1159,9
1626232,1160,1159,8
1626242,1163,1159,8
1626253,1156,1160,6
1626263,1163,1160,6
1626273,1161,1160,6
1626283,1158,1160,6
1626293,1164,1160,6
1626304,1157,1160,6
1626314,1163,1160,6
RIM
1626334,1363,1369,7
1626344,1369,1369,7
1626355,1365,1369,7
1626365,1367,1369,6
1626375,1368,1369,6
1626385,1365,1369,6
1626395,1369,1369,6
1626406,1366,1369,6
1626416,1367,1369,6
1626426,1369,1369,6
1626436,1363,1369,6
1626446,1371,1369,6
1626456,1368,1369,6
1626467,1367,1369,6
1626477,1369,1369,6
1626487,1365,1369,6
1626497,1369,1369,6
1626507,1368,1369,6
1626518,1365,1369,6
1626528,1370,1369,6
1626538,1365,1369,6
1626548,1367,1369,6
1626558,1370,1369,6
1626569,1364,1369,6
1626579,1371,1369,6
1626589,1366,1369,6
1626599,1367,1369,6
1626609,1371,1369,6
1626620,1364,1369,6
1626630,1369,1369,6
1626640,1366,1369,6
1626650,1366,1369,6
1626660,1369,1369,6
1626671,1365,1369,6
1626681,1365,1369,6
1626691,1369,1369,6
1626701,1365,1368,8
1626711,1371,1368,7
1626722,1366,1368,7
1626732,1368,1368,7
1626742,1370,1368,7
1626752,1364,1368,7
1626762,1371,1368,7
1626773,1366,1368,7
1626783,1367,1368,7
1626793,1371,1368,7
1626803,1365,1368,7
1626813,1369,1368,7
1626824,1368,1368,7
1626834,1366,1368,7
1626844,1370,1368,7
1626854,1365,1368,7
1626864,1369,1368,7
1626875,1369,1368,6
1626885,1364,1368,7
1626895,1370,1368,6
1626905,1366,1368,6
1626915,1368,1368,6
1626926,1370,1368,6
1626936,1364,1368,6
1626946,1370,1368,6
1626956,1366,1368,6
1626966,1367,1368,6
1626977,1370,1368,6
1626987,1363,1368,6
1626997,1369,1368,6
1627007,1367,1368,6
1627017,1367,1368,6
1627028,1369,1368,6
1627038,1366,1368,6
1627048,1368,1368,6
1627058,1370,1368,6
1627068,1366,1368,6
1627079,1370,1368,6
1627089,1366,1368,6
1627099,1367,1368,6
1627109,1367,1368,5
1627119,1365,1368,6
1627130,1370,1368,5
1627140,1366,1368,5
1627150,1368,1368,5
1627160,1371,1368,5
1627170,1365,1368,5
1627180,1370,1368,5
1627191,1369,1368,5
1627201,1367,1368,5
1627211,1370,1368,5
1627221,1366,1368,5
1627231,1370,1368,5
1627242,1371,1368,5
1627252,1365,1367,6
1627262,1370,1367,6
1627272,1366,1367,6
1627282,1367,1367,6
1627293,1370,1367,6
1627303,1364,1367,6
1627313,1371,1367,6
1627323,1367,1367,6
1627333,1367,1367,6
1627344,1371,1367,6
1627354,1364,1367,6
1627364,1370,1367,6
1627374,1368,1367,6
1627384,1366,1367,6
1627395,1370,1367,5
1627405,1365,1367,6
1627415,1368,1367,5
1627425,1369,1367,5
1627435,1365,1367,5
1627446,1369,1367,5
1627456,1366,1367,5
1627466,1368,1367,5
1627476,1369,1367,5
1627486,1363,1367,5
1627497,1369,1367,5
1627507,1367,1367,5
1627517,1367,1367,5
1627527,1370,1367,5
1627537,1364,1367,5
1627548,1364,1367,5
OSM
1627569,1444,1446,3
1627579,1449,1446,3
1627589,1446,1446,3
1627599,1450,1446,3
1627610,1448,1446,3
1627620,1445,1446,3
1627630,1449,1446,3
1627640,1447,1446,3
1627650,1446,1446,3
1627660,1449,1446,3
1627671,1449,1446,3
1627681,1445,1446,3
1627691,1457,1446,4
1627701,1448,1446,4
1627711,1447,1446,4
1627722,1448,1446,4
1627732,1444,1446,4
1627742,1448,1446,4
1627752,1446,1446,4
1627762,1448,1446,4
1627773,1448,1446,4
1627783,1453,1446,4
1627793,1447,1446,4
1627803,1448,1446,4
1627813,1451,1447,4
1627824,1449,1447,4
1627834,1448,1447,4
1627844,1445,1447,4
1627854,1447,1447,4
1627864,1446,1447,4
1627875,1449,1447,4
1627885,1446,1447,4
1627895,1449,1447,4
1627905,1445,1447,4
1627915,1451,1447,4
1627926,1449,1447,4
1627936,1452,1447,4
1627946,1442,1447,4
1627956,1447,1447,4
1627966,1446,1447,4
1627977,1448,1447,4
1627987,1453,1447,4
1627997,1445,1447,4
1628007,1449,1447,4
1628017,1445,1447,4
1628028,1448,1447,4
1628038,1447,1447,4
1628048,1450,1447,4
1628058,1446,1447,4
1628068,1448,1447,4
1628079,1443,1447,4
1628089,1450,1447,4
1628099,1445,1447,4
1628109,1449,1447,4
1628119,1448,1447,4
1628130,1449,1447,4
1628140,1449,1447,4
1628150,1446,1447,4
1628160,1447,1447,4
1628170,1447,1447,4
1628180,1447,1447,4
1628191,1444,1447,4
1628201,1448,1447,4
1628211,1447,1447,4
1628221,1457,1447,5
1628231,1449,1447,5
1628242,1447,1447,5
1628252,1449,1447,5
1628262,1450,1447,5
1628272,1446,1447,5
1628282,1448,1447,5
1628293,1447,1447,5
1628303,1446,1447,5
1628313,1449,1447,5
1628323,1445,1447,5
1628333,1446,1447,5
1628344,1445,1447,5
1628354,1447,1447,5
1628364,1447,1447,5
1628374,1447,1447,5
1628384,1446,1447,5
1628395,1457,1447,6
1628405,1447,1447,6
1628415,1449,1447,6
1628425,1450,1447,6
1628435,1448,1447,6
1628446,1446,1447,6
1628456,1449,1447,6
1628466,1445,1447,6
1628476,1446,1447,6
1628486,1449,1447,6
1628497,1447,1447,6
1628507,1448,1447,6
1628517,1448,1447,6
1628527,1446,1447,6
1628537,1446,1447,6
1628548,1450,1447,6
1628558,1444,1447,6
1628568,1448,1447,6
1628578,1447,1447,6
1628588,1446,1447,6
1628599,1448,1447,6
1628609,1446,1447,6
1628619,1450,1447,6
1628629,1447,1447,6
1628639,1445,1447,6
1628650,1449,1447,6
1628660,1449,1447,6
1628670,1445,1447,6
1628680,1448,1447,6
1628690,1450,1447,6
1628700,1450,1447,6
1628711,1449,1447,6
1628721,1448,1447,6
1628731,1446,1447,6
1628741,1450,1447,6
1628751,1448,1447,6
1628762,1446,1447,6
1628772,1447,1447,6
1628782,1447,1447,6
SIM
1628802,1161,1160,6
1628813,1164,1160,6
1628823,1159,1160,6
1628833,1160,1160,6
1628843,1161,1160,6
1628853,1157,1160,6
1628864,1163,1160,6
1628874,1160,1160,6
1628884,1158,1160,6
1628894,1162,1160,6
1628904,1158,1160,5
1628915,1163,1160,6
1628925,1162,1160,6
1628935,1157,1160,6
1628945,1162,1160,6
1628955,1158,1160,6
1628966,1161,1160,6
1628976,1162,1160,6
1628986,1157,1160,6
1628996,1162,1160,6
1629006,1158,1160,6
1629016,1160,1160,5
1629027,1162,1160,5
1629037,1158,1160,5
1629047,1161,1160,5
1629057,1161,1160,5
1629067,1159,1160,5
1629078,1162,1160,5
1629088,1158,1160,5
1629098,1160,1160,5
1629108,1162,1160,5
1629118,1157,1160,5
1629129,1162,1160,5
1629139,1158,1160,5
1629149,1161,1160,5
1629159,1161,1160,5
1629169,1156,1160,5
1629180,1163,1160,5
1629190,1159,1160,5
1629200,1159,1160,5
1629210,1163,1160,5
1629220,1157,1160,5
1629231,1162,1160,5
1629241,1162,1160,5
1629251,1157,1160,5
1629261,1163,1160,5
1629271,1158,1160,5
1629282,1160,1160,5
1629292,1162,1160,5
1629302,1158,1160,5
1629312,1162,1160,5
1629322,1157,1160,5
1629333,1159,1160,5
1629343,1162,1160,5
1629353,1157,1160,5
1629363,1161,1160,5
1629373,1159,1160,5
1629384,1159,1160,5
1629394,1162,1160,5
1629404,1156,1160,5
1629414,1160,1160,5
1629424,1161,1160,5
1629435,1160,1160,5
1629445,1162,1160,5
1629455,1157,1160,5
1629465,1161,1160,5
1629476,1164,1160,5
1629486,1158,1160,5
1629496,1163,1160,5
1629506,1158,1160,5
1629516,1161,1160,5
1629526,1161,1160,5
1629537,1156,1160,5
1629547,1162,1160,5
1629557,1161,1160,5
1629567,1159,1160,5
1629578,1163,1160,5
1629588,1156,1160,5
1629598,1161,1160,5
1629608,1161,1160,5
1629618,1158,1160,5
1629628,1161,1160,5
1629639,1159,1160,5
1629649,1160,1160,5
1629659,1163,1160,5
1629669,1157,1160,5
1629680,1162,1160,5
1629690,1158,1160,5
1629700,1159,1160,5
1629710,1164,1160,5
1629720,1158,1160,5
1629730,1162,1160,5
1629741,1160,1160,5
1629751,1158,1160,5
1629761,1163,1160,5
1629771,1158,1160,5
1629781,1161,1160,5
1629792,1162,1160,5
1629802,1157,1160,5
1629812,1163,1160,5
1629822,1158,1160,5
1629833,1162,1160,5
1629843,1162,1160,5
1629853,1156,1160,5
1629863,1164,1160,5
1629873,1159,1160,5
1629883,1159,1160,5
1629894,1162,1160,5
1629904,1157,1160,5
1629914,1163,1160,5
1629924,1159,1160,5
1629935,1159,1160,5
1629945,1164,1160,5
1629955,1156,1160,5
1629965,1161,1160,5
1629975,1162,1160,5
1629986,1159,1160,5
1629996,1162,1160,5
1630006,1158,1160,4
1630016,1161,1160,4
RIM
1630036,1362,1367,5
1630047,1371,1367,5
1630057,1366,1367,5
1630067,1367,1367,5
1630077,1370,1367,5
1630087,1364,1367,5
1630098,1370,1367,5
1630108,1370,1367,5
1630118,1365,1367,5
1630128,1369,1367,5
1630138,1365,1367,5
1630149,1368,1367,5
1630159,1374,1367,5
1630169,1364,1367,5
1630179,1369,1367,5
1630189,1366,1367,5
1630200,1368,1367,5
1630210,1369,1367,5
1630220,1364,1367,5
1630230,1368,1367,5
1630240,1365,1367,5
1630251,1367,1367,5
1630261,1370,1367,5
1630271,1365,1367,5
1630281,1368,1367,5
1630291,1368,1367,5
1630302,1365,1367,5
1630312,1370,1367,5
1630322,1364,1367,5
1630332,1367,1367,5
1630342,1370,1367,5
1630352,1365,1367,5
1630363,1370,1367,5
1630373,1365,1367,5
1630383,1368,1367,5
1630393,1370,1367,5
1630403,1363,1367,5
1630414,1369,1367,5
1630424,1366,1367,5
1630434,1366,1367,5
1630444,1368,1367,5
1630454,1364,1367,5
1630465,1367,1367,5
1630475,1371,1367,5
1630485,1365,1367,5
1630495,1371,1367,5
1630505,1365,1367,5
1630516,1368,1367,5
1630526,1370,1367,5
1630536,1363,1367,5
1630546,1370,1367,5
1630556,1366,1367,5
1630567,1367,1367,5
1630577,1369,1367,5
1630587,1364,1367,5
1630597,1369,1367,5
1630607,1368,1367,5
1630618,1366,1367,5
1630628,1369,1367,5
1630638,1364,1367,5
1630648,1368,1367,5
1630658,1368,1367,5
1630669,1365,1367,5
1630679,1369,1367,5
1630689,1364,1367,5
1630699,1367,1367,5
1630709,1369,1367,5
1630720,1362,1367,5
1630730,1368,1367,5
1630740,1366,1367,5
1630750,1366,1367,5
1630760,1370,1367,5
1630771,1364,1367,5
1630781,1372,1367,6
1630791,1367,1367,6
1630801,1365,1367,6
1630811,1368,1367,6
1630822,1370,1367,6
1630832,1367,1367,6
1630842,1369,1367,6
1630852,1363,1367,6
1630862,1371,1367,6
1630872,1365,1367,6
1630883,1370,1367,6
1630893,1369,1367,6
1630903,1363,1367,6
1630913,1369,1367,6
1630923,1364,1367,6
1630934,1367,1367,6
1630944,1369,1367,6
1630954,1362,1367,6
1630964,1368,1367,6
1630974,1367,1367,6
1630985,1365,1367,6
1630995,1369,1367,6
1631005,1363,1367,6
1631015,1368,1367,6
1631025,1370,1367,6
1631036,1363,1367,6
1631046,1370,1367,6
1631056,1365,1367,6
1631066,1368,1367,6
1631076,1370,1367,6
1631087,1362,1367,6
1631097,1369,1367,6
1631107,1367,1367,6
1631117,1365,1367,6
1631127,1368,1367,6
1631138,1363,1367,6
1631148,1369,1367,6
1631158,1366,1367,6
1631168,1366,1367,6
1631178,1370,1367,6
1631189,1363,1367,6
1631199,1367,1367,6
1631209,1369,1367,6
1631219,1363,1367,6
1631229,1371,1367,6
1631240,1364,1367,6
1631250,1367,1367,6
OSM
1631271,1443,1447,6
1631281,1446,1447,6
1631291,1446,1447,6
1631301,1446,1447,6
1631312,1446,1447,6
1631322,1446,1447,6
1631332,1446,1447,6
1631342,1447,1447,6
1631352,1448,1447,6
1631363,1446,1447,6
1631373,1448,1447,6
1631383,1447,1447,6
1631393,1446,1447,5
1631403,1446,1447,5
1631414,1448,1447,5
1631424,1447,1447,5
1631434,1447,1447,5
1631444,1446,1447,5
1631454,1443,1447,5
1631465,1446,1447,5
1631475,1447,1447,5
1631485,1447,1447,5
1631495,1445,1447,5
1631505,1447,1447,5
1631515,1446,1447,5
1631526,1447,1447,5
1631536,1445,1447,5
1631546,1448,1447,5
1631556,1449,1447,5
1631566,1447,1447,5
1631577,1447,1447,5
1631587,1444,1447,5
1631597,1449,1447,5
1631607,1446,1447,5
1631617,1446,1447,4
1631628,1446,1447,4
1631638,1445,1447,4
1631648,1448,1447,4
1631658,1443,1447,4
1631668,1444,1447,4
1631679,1445,1447,4
1631689,1445,1447,4
1631699,1449,1447,4
1631709,1446,1447,4
1631719,1445,1447,4
1631730,1445,1447,4
1631740,1445,1447,4
1631750,1447,1447,4
1631760,1444,1447,4
1631770,1448,1447,4
1631781,1445,1447,4
1631791,1446,1447,4
1631801,1447,1447,4
1631811,1446,1447,4
1631821,1445,1446,5
1631832,1446,1446,5
1631842,1448,1446,5
1631852,1447,1446,5
1631862,1446,1446,5
1631872,1448,1446,5
1631883,1445,1446,5
1631893,1449,1446,5
1631903,1443,1446,5
1631913,1448,1446,5
1631923,1446,1446,4
1631933,1446,1446,4
1631944,1445,1446,4
1631954,1456,1446,4
1631964,1447,1446,4
1631974,1447,1446,4
1631984,1448,1446,4
1631995,1449,1446,4
1632005,1447,1446,4
1632015,1446,1446,4
1632025,1447,1446,4
1632035,1445,1446,4
1632046,1446,1446,4
1632056,1449,1446,4
1632066,1449,1446,4
1632076,1446,1446,4
1632086,1446,1446,4
1632097,1449,1446,4
1632107,1446,1446,4
1632117,1452,1446,4
1632127,1450,1446,4
1632137,1447,1446,4
1632148,1448,1446,4
1632158,1445,1446,4
1632168,1446,1446,4
1632178,1449,1446,4
1632188,1445,1446,4
1632199,1445,1446,4
1632209,1449,1446,4
1632219,1444,1446,4
1632229,1447,1446,4
1632239,1450,1446,4
1632250,1444,1446,4
1632260,1448,1446,4
1632270,1446,1446,4
1632280,1448,1446,4
1632290,1448,1446,4
1632301,1447,1446,4
1632311,1446,1446,4
1632321,1448,1446,4
1632331,1446,1446,4
1632341,1444,1446,4
1632352,1449,1446,4
1632362,1449,1446,4
1632372,1445,1446,4
1632382,1445,1446,4
1632392,1450,1446,4
1632403,1444,1446,4
1632413,1447,1446,4
1632423,1448,1446,4
1632433,1448,1446,4
1632443,1443,1446,3
1632453,1448,1446,3
1632464,1445,1446,3
1632474,1451,1446,4
1632484,1448,1446,4
SIM
1632504,1161,1160,4
1632515,1161,1160,4
1632525,1160,1160,4
1632535,1156,1160,4
1632545,1162,1160,4
1632555,1156,1160,4
1632566,1160,1160,4
1632576,1162,1160,4
1632586,1157,1160,4
1632596,1162,1160,4
1632606,1158,1160,4
1632617,1160,1160,4
1632627,1161,1159,5
1632637,1156,1159,5
1632647,1163,1159,5
1632657,1160,1160,4
1632668,1158,1159,5
1632678,1162,1159,5
1632688,1157,1159,5
1632698,1161,1159,5
1632708,1161,1160,4
1632719,1156,1159,6
1632729,1163,1159,6
1632739,1156,1159,6
1632749,1161,1159,6
1632759,1161,1159,6
1632770,1156,1159,6
1632780,1162,1159,6
1632790,1159,1159,6
1632800,1159,1159,6
1632810,1162,1159,6
1632821,1157,1159,6
1632831,1161,1159,6
1632841,1158,1159,6
1632851,1159,1159,6
1632861,1162,1159,6
1632872,1156,1159,6
1632882,1161,1159,6
1632892,1160,1159,6
1632902,1157,1159,6
1632912,1163,1159,6
1632923,1156,1159,6
1632933,1161,1159,6
1632943,1160,1159,6
1632953,1157,1159,6
1632963,1163,1159,6
1632974,1158,1159,6
1632984,1158,1159,6
1632994,1162,1159,6
1633004,1156,1159,6
1633014,1161,1159,6
1633024,1159,1159,6
1633035,1158,1159,6
1633045,1162,1159,6
1633055,1157,1159,6
1633065,1161,1159,6
1633075,1160,1159,6
1633086,1157,1159,6
1633096,1163,1159,6
1633106,1156,1159,6
1633116,1159,1159,6
1633126,1162,1159,6
1633137,1157,1159,6
1633147,1161,1159,6
1633157,1159,1159,6
1633167,1160,1159,6
1633177,1162,1159,5
1633188,1156,1159,6
1633198,1161,1159,5
1633208,1159,1159,5
1633218,1158,1159,5
1633228,1162,1159,5
1633239,1157,1159,5
1633249,1161,1159,5
1633259,1160,1159,5
1633269,1157,1159,5
1633279,1163,1159,5
1633290,1157,1159,5
1633300,1159,1159,5
1633310,1162,1159,5
1633320,1156,1159,5
1633330,1163,1159,5
1633341,1159,1159,5
1633351,1159,1159,5
1633361,1162,1159,5
1633371,1155,1159,6
1633381,1162,1159,6
1633392,1159,1159,6
1633402,1158,1159,6
1633412,1162,1159,5
1633422,1156,1159,5
1633432,1159,1159,5
1633443,1161,1159,5
1633453,1156,1159,5
1633463,1162,1159,5
1633473,1157,1159,5
1633483,1160,1159,5
1633494,1163,1159,5
1633504,1157,1159,5
1633514,1162,1159,5
1633524,1159,1159,5
1633534,1160,1159,5
1633545,1163,1159,5
1633555,1155,1159,5
1633565,1160,1159,5
1633575,1160,1159,5
1633585,1158,1159,5
1633596,1163,1159,5
1633606,1157,1159,5
1633616,1160,1159,5
1633626,1161,1159,5
1633636,1155,1159,5
1633647,1164,1159,5
1633657,1157,1159,5
1633667,1160,1159,5
1633677,1162,1159,5
1633687,1158,1159,5
1633698,1162,1159,5
1633708,1159,1159,5
1633718,1158,1159,5
RIM
1633738,1360,1367,6
1633748,1369,1367,6
1633759,1367,1367,6
1633769,1366,1367,6
1633779,1370,1367,6
1633789,1364,1367,6
1633799,1368,1366,7
1633810,1369,1366,7
1633820,1363,1366,7
1633830,1369,1366,7
1633840,1365,1366,7
1633850,1366,1366,7
1633861,1369,1366,7
1633871,1363,1366,7
1633881,1368,1366,7
1633891,1367,1366,7
1633901,1366,1366,7
1633912,1370,1366,7
1633922,1363,1366,7
1633932,1368,1366,7
1633942,1369,1366,7
1633952,1364,1366,7
1633963,1370,1366,7
1633973,1365,1366,7
1633983,1367,1366,7
1633993,1368,1366,7
1634003,1363,1366,7
1634013,1370,1366,7
1634024,1365,1366,7
1634034,1367,1366,7
1634044,1370,1366,7
1634054,1361,1366,7
1634064,1369,1366,7
1634075,1367,1366,7
1634085,1364,1366,7
1634095,1369,1366,7
1634105,1364,1366,7
1634115,1369,1366,7
1634126,1368,1366,7
1634136,1365,1366,7
1634146,1371,1366,7
1634156,1364,1366,7
1634166,1368,1366,7
1634177,1370,1366,7
1634187,1363,1366,7
1634197,1369,1366,7
1634207,1365,1366,7
1634217,1366,1366,7
1634228,1370,1366,7
1634238,1363,1366,7
1634248,1369,1366,7
1634258,1366,1366,7
1634268,1365,1366,7
1634279,1367,1366,7
1634289,1364,1366,7
1634299,1367,1366,7
1634309,1369,1366,7
1634319,1365,1366,7
1634330,1369,1366,7
1634340,1369,1366,7
1634350,1367,1366,7
1634360,1369,1366,7
1634370,1362,1366,7
1634381,1369,1366,7
1634391,1366,1366,7
1634401,1366,1366,7
1634411,1369,1366,7
1634421,1363,1366,7
1634432,1369,1366,7
1634442,1367,1366,7
1634452,1365,1366,7
1634462,1370,1366,7
1634472,1363,1366,7
1634482,1367,1366,7
1634493,1368,1366,7
1634503,1363,1366,7
1634513,1371,1366,7
1634523,1364,1366,7
1634533,1366,1366,7
1634544,1368,1366,7
1634554,1360,1366,7
1634564,1369,1366,7
1634574,1366,1366,7
1634584,1365,1366,7
1634595,1369,1366,7
1634605,1364,1366,7
1634615,1368,1366,7
1634625,1367,1366,7
1634635,1366,1366,7
1634646,1369,1366,7
1634656,1363,1366,7
1634666,1368,1366,7
1634676,1368,1366,7
1634686,1363,1366,7
1634697,1368,1366,7
1634707,1365,1366,7
1634717,1367,1366,7
1634727,1369,1366,7
1634737,1363,1366,7
1634748,1369,1366,7
1634758,1368,1366,7
1634768,1364,1366,7
1634778,1369,1366,6
1634788,1363,1366,6
1634799,1370,1366,6
1634809,1367,1366,6
1634819,1365,1366,6
1634829,1370,1366,7
1634839,1367,1366,7
1634850,1368,1366,6
1634860,1367,1366,6
1634870,1365,1366,7
1634880,1369,1366,6
1634890,1367,1366,6
1634901,1369,1366,6
1634911,1369,1366,6
1634921,1365,1366,6
1634931,1369,1366,6
1634941,1366,1366,6
1634952,1363,1366,6
OSM
1634973,1443,1446,4
1634983,1448,1446,4
1634993,1447,1446,4
1635003,1446,1446,4
1635014,1446,1446,4
1635024,1447,1446,4
1635034,1446,1446,4
1635044,1448,1446,4
1635054,1448,1446,4
1635065,1445,1446,4
1635075,1446,1446,4
1635085,1446,1446,4
1635095,1447,1446,4
1635105,1446,1446,4
1635115,1447,1446,4
1635126,1448,1446,4
1635136,1444,1446,4
1635146,1449,1446,4
1635156,1447,1446,4
1635166,1446,1446,4
1635177,1445,1446,4
1635187,1447,1446,4
1635197,1447,1446,4
1635207,1445,1446,4
1635217,1449,1446,4
1635228,1448,1446,4
1635238,1447,1446,4
1635248,1448,1446,4
1635258,1446,1446,4
1635268,1444,1446,4
1635279,1444,1446,4
1635289,1449,1446,4
1635299,1447,1446,4
1635309,1448,1446,4
1635319,1443,1446,4
1635330,1448,1446,4
1635340,1445,1446,4
1635350,1445,1446,4
1635360,1448,1446,4
1635370,1444,1446,4
1635381,1446,1446,4
1635391,1444,1446,4
1635401,1449,1446,4
1635411,1449,1446,4
1635421,1445,1446,4
1635432,1448,1446,4
1635442,1443,1446,4
1635452,1446,1446,4
1635462,1447,1446,4
1635472,1446,1446,4
1635483,1448,1446,4
1635493,1445,1446,4
1635503,1447,1446,4
1635513,1446,1446,4
1635523,1449,1446,4
1635534,1448,1446,4
1635544,1446,1446,4
1635554,1446,1446,4
1635564,1447,1446,4
1635574,1448,1446,4
1635584,1446,1446,4
1635595,1443,1446,4
1635605,1447,1446,4
1635615,1446,1446,4
1635625,1447,1446,4
1635635,1456,1446,5
1635646,1448,1446,5
1635656,1444,1446,4
1635666,1446,1446,4
1635676,1451,1446,4
1635686,1446,1446,4
1635697,1446,1446,4
1635707,1443,1446,4
1635717,1448,1446,4
1635727,1447,1446,4
1635737,1446,1446,4
1635748,1447,1446,4
1635758,1446,1446,4
1635768,1446,1446,4
1635778,1448,1446,4
1635788,1447,1446,4
1635799,1447,1446,4
1635809,1445,1446,4
1635819,1447,1446,4
1635829,1449,1446,4
1635839,1444,1446,4
1635850,1450,1446,4
1635860,1444,1446,4
1635870,1446,1446,4
1635880,1448,1446,4
1635890,1447,1446,4
1635901,1448,1446,4
1635911,1442,1446,4
1635921,1447,1446,4
1635931,1445,1446,4
1635941,1445,1446,4
1635952,1444,1446,4
1635962,1444,1446,4
1635972,1446,1446,4
1635982,1444,1446,4
1635992,1447,1446,4
1636002,1447,1446,4
1636013,1447,1446,4
1636023,1448,1446,4
1636033,1447,1446,4
1636043,1445,1446,4
1636053,1449,1446,4
1636064,1447,1446,4
1636074,1447,1446,4
1636084,1447,1446,4
1636094,1451,1446,4
1636104,1446,1446,4
1636115,1448,1446,4
1636125,1447,1446,4
1636135,1450,1446,4
1636145,1448,1446,4
1636155,1447,1446,4
1636166,1449,1446,4
1636176,1447,1446,4
1636186,1444,1446,4
SIM
1636206,1193,1159,15
1636216,1194,1160,24
1636227,1195,1160,34
1636237,1190,1160,42
1636247,1195,1160,52
1636257,1188,1161,57
1636267,1188,1161,63
1636278,1189,1161,69
1636288,1185,1161,74
1636298,1191,1162,80
1636308,1190,1162,87
1636318,1194,1162,95
1636329,1201,1162,108
1636339,1198,1163,117
1636349,1202,1163,130
1636359,1199,1163,140
1636369,1195,1164,147
1636380,1198,1164,157
1636390,1192,1164,163
1636400,1195,1165,169
1636410,1195,1165,177
1636421,1189,1165,181
1636431,1192,1165,187
1636441,1188,1166,189
1636451,1188,1166,193
1636461,1192,1166,198
1636472,1184,1166,200
1636482,1191,1167,204
1636492,1194,1167,210
1636502,1194,1167,215
1636512,1197,1168,221
1636523,1185,1168,223
1636533,1192,1168,227
1636543,1192,1168,231
1636553,1185,1169,232
1636563,1190,1169,235
1636574,1184,1169,235
1636584,1186,1169,237
1636594,1188,1169,240
1636604,1183,1170,239
1636614,1189,1170,241
1636625,1190,1170,243
1636635,1191,1170,246
1636645,1198,1171,250
1636655,1194,1171,253
1636665,1196,1171,258
1636676,1195,1172,260
1636686,1193,1172,262
1636696,1197,1172,266
1636706,1189,1172,267
1636716,1190,1173,267
1636727,1189,1173,267
1636737,1186,1173,267
1636747,1192,1173,269
1636757,1189,1174,267
1636767,1193,1174,269
1636778,1199,1174,273
1636788,1196,1175,273
1636798,1204,1175,279
1636808,1198,1175,280
1636818,1195,1176,280
1636829,1195,1176,281
1636839,1189,1176,280
1636849,1191,1176,280
1636859,1190,1177,278
1636869,1186,1177,276
1636880,1191,1177,276
1636890,1186,1177,273
1636900,1190,1178,271
1636910,1192,1178,269
1636920,1189,1178,267
1636931,1191,1178,266
1636941,1188,1179,262
1636951,1188,1179,260
1636961,1192,1179,259
1636972,1186,1179,255
1636982,1190,1180,253
1636992,1189,1180,249
1637002,1189,1180,246
1637012,1193,1180,245
1637023,1188,1181,239
1637033,1190,1181,237
1637043,1194,1181,234
1637053,1188,1181,231
1637063,1192,1182,227
1637074,1190,1182,222
1637084,1190,1182,219
1637094,1192,1182,215
1637104,1186,1183,209
1637114,1191,1183,206
1637125,1187,1183,200
1637135,1187,1183,196
1637145,1189,1184,190
1637155,1183,1184,184
1637165,1189,1184,180
1637176,1184,1184,174
1637186,1178,1185,169
1637196,1183,1185,165
1637206,1177,1185,159
1637216,1172,1185,156
1637227,1171,1185,152
1637237,1167,1185,149
1637247,1170,1185,147
1637257,1169,1185,141
1637267,1168,1185,139
1637278,1171,1185,135
1637288,1165,1185,132
1637298,1169,1186,129
1637308,1168,1186,125
1637318,1169,1186,122
1637329,1168,1186,119
1637339,1149,1186,123
1637349,1151,1186,129
1637359,1150,1186,133
1637369,1149,1185,139
1637380,1152,1185,144
1637390,1147,1185,150
1637400,1150,1185,156
1637410,1150,1185,160
1637420,1148,1185,166
RIM
1637441,1339,1366,12
1637451,1342,1366,17
1637461,1345,1366,20
1637471,1339,1365,27
1637482,1343,1365,31
1637492,1344,1365,35
1637502,1344,1365,38
1637512,1347,1365,41
1637522,1341,1364,46
1637533,1346,1364,49
1637543,1346,1364,52
1637553,1343,1364,55
1637563,1351,1364,57
1637573,1345,1364,60
1637584,1348,1363,62
1637594,1351,1363,63
1637604,1347,1363,65
1637614,1353,1363,66
1637624,1349,1363,68
1637635,1349,1363,69
1637645,1353,1363,69
1637655,1348,1362,72
1637665,1353,1362,72
1637675,1350,1362,73
1637685,1351,1362,74
1637696,1354,1362,74
1637706,1352,1362,75
1637716,1353,1362,75
1637726,1354,1362,76
1637736,1351,1361,78
1637747,1356,1361,77
1637757,1351,1361,78
1637767,1355,1361,78
1637777,1357,1361,78
1637787,1350,1361,79
1637798,1356,1361,78
1637808,1353,1361,79
1637818,1353,1361,79
1637828,1357,1361,78
1637838,1351,1360,80
1637849,1357,1360,79
1637859,1355,1360,79
1637869,1354,1360,79
1637879,1360,1360,78
1637889,1352,1360,78
1637900,1356,1360,78
1637910,1358,1360,78
1637920,1353,1360,78
1637930,1358,1360,77
1637940,1354,1359,78
1637951,1358,1359,77
1637961,1357,1359,77
1637971,1352,1359,77
1637981,1364,1359,77
1637991,1353,1359,77
1638002,1356,1359,76
1638012,1360,1359,76
1638022,1352,1359,76
1638032,1357,1359,75
1638042,1355,1359,74
1638053,1354,1358,75
1638063,1359,1358,74
1638073,1353,1358,74
1638083,1357,1358,73
1638094,1357,1358,72
1638104,1352,1358,72
1638114,1363,1358,71
1638124,1353,1358,71
1638134,1354,1358,70
1638145,1357,1358,70
1638155,1351,1358,70
1638165,1356,1357,69
1638175,1355,1357,69
1638185,1355,1357,68
1638196,1357,1357,67
1638206,1353,1357,67
1638216,1357,1357,66
1638226,1351,1357,65
1638236,1354,1357,65
1638246,1358,1357,64
1638257,1353,1357,64
1638267,1358,1357,63
1638277,1360,1356,63
1638287,1353,1356,62
1638297,1359,1356,61
1638308,1353,1356,61
1638318,1355,1356,59
1638328,1358,1356,59
1638338,1352,1356,58
1638348,1358,1356,56
1638359,1355,1356,56
1638369,1356,1356,55
1638379,1360,1356,54
1638389,1353,1356,53
1638399,1359,1355,53
1638410,1355,1355,52
1638420,1353,1355,51
1638430,1357,1355,50
1638440,1352,1355,49
1638450,1357,1355,48
1638461,1358,1355,46
1638471,1353,1355,46
1638481,1358,1355,44
1638491,1353,1355,43
1638501,1355,1354,43
1638512,1354,1354,41
1638522,1351,1354,40
1638532,1357,1354,38
1638542,1356,1354,37
1638552,1353,1354,35
1638563,1358,1354,34
1638573,1351,1354,33
1638583,1357,1354,31
1638593,1356,1354,30
1638603,1353,1353,29
1638614,1357,1353,27
1638624,1352,1353,26
1638634,1355,1353,23
1638644,1357,1353,22
1638654,1353,1353,21
OSM
1638675,1445,1446,4
1638685,1446,1446,4
1638695,1448,1446,4
1638706,1447,1446,4
1638716,1448,1446,4
1638726,1446,1446,4
1638736,1446,1446,4
1638746,1447,1446,4
1638756,1445,1446,4
1638767,1447,1446,4
1638777,1446,1446,4
1638787,1444,1446,4
1638797,1447,1446,4
1638807,1445,1446,4
1638818,1446,1446,4
1638828,1448,1446,4
1638838,1446,1446,4
1638848,1445,1446,3
1638858,1448,1446,4
1638869,1444,1446,4
1638879,1448,1446,4
1638889,1447,1446,4
1638899,1449,1446,4
1638909,1446,1446,4
1638920,1446,1446,4
1638930,1448,1446,4
1638940,1449,1446,4
1638950,1446,1446,4
1638960,1448,1446,4
1638971,1445,1446,4
1638981,1447,1446,4
1638991,1447,1446,4
1639001,1449,1446,4
1639011,1446,1446,4
1639022,1446,1446,3
1639032,1445,1446,3
1639042,1448,1446,3
1639052,1445,1446,3
1639062,1448,1446,3
1639073,1447,1446,3
1639083,1447,1446,3
1639093,1449,1446,3
1639103,1447,1446,3
1639113,1447,1446,3
1639124,1447,1446,3
1639134,1448,1446,3
1639144,1451,1446,3
1639154,1444,1446,4
1639164,1449,1446,4
1639175,1447,1446,4
1639185,1447,1446,4
1639195,1447,1446,4
1639205,1446,1446,4
1639215,1448,1446,4
1639225,1443,1446,4
1639236,1448,1446,4
1639246,1445,1446,4
1639256,1449,1446,4
1639266,1446,1446,4
1639276,1446,1446,4
1639287,1452,1446,4
1639297,1444,1446,4
1639307,1446,1446,4
1639317,1447,1446,4
1639327,1445,1446,4
1639338,1448,1446,3
1639348,1447,1446,3
1639358,1450,1446,3
1639368,1447,1446,3
1639378,1446,1446,3
1639389,1447,1446,3
1639399,1446,1446,3
1639409,1448,1446,3
1639419,1446,1446,3
1639429,1446,1446,3
1639440,1444,1446,3
1639450,1449,1446,3
1639460,1444,1446,3
1639470,1446,1446,3
1639480,1448,1446,3
1639491,1449,1446,3
1639501,1446,1446,3
1639511,1446,1446,3
1639521,1447,1446,3
1639531,1447,1446,3
1639542,1448,1446,3
1639552,1446,1446,3
1639562,1445,1446,3
1639572,1447,1446,3
1639582,1446,1446,3
1639593,1447,1446,3
1639603,1449,1446,3
1639613,1448,1446,3
1639623,1446,1446,3
1639633,1446,1446,3
1639643,1447,1446,3
1639654,1447,1446,3
1639664,1441,1446,3
1639674,1447,1446,3
1639684,1447,1446,3
1639694,1447,1446,3
1639705,1447,1446,3
1639715,1447,1446,3
1639725,1448,1446,3
1639735,1450,1446,3
1639745,1446,1446,3
1639756,1448,1446,3
1639766,1448,1446,3
1639776,1444,1446,3
1639786,1448,1446,3
1639796,1448,1446,3
1639807,1448,1446,3
1639817,1446,1446,3
1639827,1448,1446,3
1639837,1447,1446,3
1639847,1447,1446,3
1639858,1448,1446,3
1639868,1447,1446,3
1639878,1447,1446,3
1639888,1448,1446,3
SIM
1639909,1161,1185,170
1639919,1155,1184,178
1639929,1160,1184,181
1639939,1155,1184,188
1639949,1158,1184,193
1639960,1157,1183,199
1639970,1154,1183,206
1639980,1161,1183,210
1639990,1153,1182,218
1640000,1158,1182,222
1640011,1158,1182,227
1640021,1153,1182,232
1640031,1159,1181,234
1640041,1156,1181,237
1640051,1156,1181,239
1640062,1159,1180,240
1640072,1153,1180,244
1640082,1158,1179,247
1640092,1156,1179,250
1640102,1156,1179,252
1640113,1159,1179,253
1640123,1154,1178,258
1640133,1158,1178,260
1640143,1157,1178,263
1640153,1154,1177,268
1640164,1160,1177,268
1640174,1153,1177,273
1640184,1157,1177,274
1640194,1159,1176,275
1640204,1154,1176,277
1640215,1159,1176,275
1640225,1156,1175,279
1640235,1156,1175,279
1640245,1160,1175,279
1640255,1155,1175,281
1640266,1158,1174,283
1640276,1156,1174,285
1640286,1155,1174,286
1640296,1159,1174,287
1640306,1154,1173,290
1640317,1158,1173,290
1640327,1158,1173,289
1640337,1156,1173,289
1640347,1161,1172,286
1640357,1153,1172,285
1640368,1156,1172,282
1640378,1160,1171,279
1640388,1153,1171,278
1640398,1159,1171,273
1640408,1155,1170,274
1640419,1155,1170,272
1640429,1159,1170,270
1640439,1153,1170,270
1640449,1159,1169,268
1640460,1157,1169,266
1640470,1154,1169,263
1640480,1159,1168,257
1640490,1153,1168,252
1640500,1157,1168,243
1640511,1159,1167,236
1640521,1153,1167,231
1640531,1160,1167,225
1640541,1154,1166,223
1640551,1156,1166,219
1640562,1158,1166,215
1640572,1152,1166,213
1640582,1158,1165,209
1640592,1155,1165,206
1640602,1155,1165,202
1640613,1159,1164,197
1640623,1152,1164,193
1640633,1159,1164,187
1640643,1156,1164,183
1640653,1153,1163,179
1640664,1161,1163,172
1640674,1154,1163,169
1640684,1156,1162,164
1640694,1157,1162,158
1640704,1154,1162,152
1640715,1159,1162,144
1640725,1154,1161,140
1640735,1158,1161,133
1640745,1160,1161,124
1640755,1152,1160,120
1640766,1158,1160,111
1640776,1156,1160,104
1640786,1156,1160,96
1640796,1159,1159,89
1640806,1153,1159,83
1640817,1158,1159,74
1640827,1156,1159,68
1640837,1154,1158,62
1640847,1159,1158,54
1640857,1154,1158,49
1640868,1157,1158,41
1640878,1159,1157,36
1640888,1154,1157,32
1640898,1158,1157,27
1640908,1155,1157,24
1640919,1157,1157,22
1640929,1158,1156,21
1640939,1152,1156,20
1640949,1159,1156,19
1640959,1156,1156,17
1640970,1155,1156,16
1640980,1159,1156,14
1640990,1152,1156,14
1641000,1158,1156,12
1641010,1158,1156,11
1641021,1153,1156,10
1641031,1159,1155,10
1641041,1153,1156,8
1641051,1158,1156,8
1641061,1158,1156,8
1641072,1153,1156,8
1641082,1159,1156,7
1641092,1155,1156,7
1641102,1157,1156,6
1641112,1159,1156,6
1641122,1152,1156,6
RIM
1641143,1353,1353,20
1641153,1354,1353,19
1641163,1358,1353,18
1641173,1353,1353,17
1641184,1355,1353,16
1641194,1357,1354,14
1641204,1353,1354,13
1641214,1358,1354,13
1641224,1353,1354,12
1641235,1355,1354,11
1641245,1362,1354,11
1641255,1351,1354,10
1641265,1357,1354,10
1641275,1354,1354,10
1641286,1356,1354,9
1641296,1359,1354,9
1641306,1352,1354,9
1641316,1357,1354,9
1641326,1356,1355,8
1641337,1354,1355,8
1641347,1358,1355,8
1641357,1353,1355,7
1641367,1356,1355,7
1641377,1359,1355,7
1641388,1354,1355,7
1641398,1359,1355,7
1641408,1354,1355,7
1641418,1356,1355,7
1641428,1359,1355,7
1641439,1352,1355,7
1641449,1357,1355,7
1641459,1356,1355,7
1641469,1355,1355,7
1641479,1359,1355,7
1641490,1352,1355,7
1641500,1357,1355,7
1641510,1358,1355,7
1641520,1355,1355,7
1641530,1358,1355,7
1641540,1352,1355,7
1641551,1357,1355,7
1641561,1358,1355,7
1641571,1353,1355,7
1641581,1358,1355,7
1641591,1354,1355,7
1641602,1357,1355,7
1641612,1360,1355,7
1641622,1352,1355,7
1641632,1358,1355,7
1641642,1356,1355,7
1641653,1356,1355,7
1641663,1359,1355,7
1641673,1353,1355,7
1641683,1359,1355,7
1641694,1357,1355,7
1641704,1355,1355,7
1641714,1359,1355,7
1641724,1354,1355,7
1641734,1358,1355,7
1641744,1358,1355,7
1641755,1354,1355,7
1641765,1359,1355,7
1641775,1355,1355,7
1641785,1356,1355,7
1641795,1358,1355,7
1641806,1353,1355,7
1641816,1361,1355,6
1641826,1357,1355,6
1641836,1356,1355,6
1641846,1360,1355,7
1641857,1354,1355,6
1641867,1357,1355,6
1641877,1356,1355,6
1641887,1354,1355,6
1641897,1360,1355,7
1641908,1353,1355,7
1641918,1358,1355,7
1641928,1359,1355,7
1641938,1354,1355,7
1641948,1359,1355,7
1641959,1355,1355,7
1641969,1359,1355,7
1641979,1359,1355,7
1641989,1353,1355,7
1641999,1360,1355,7
1642010,1355,1355,7
1642020,1356,1355,7
1642030,1365,1355,7
1642040,1354,1355,7
1642050,1359,1355,7
1642061,1357,1356,6
1642071,1354,1355,7
1642081,1360,1355,7
1642091,1355,1356,6
1642101,1358,1356,6
1642112,1358,1356,6
1642122,1353,1356,6
1642132,1358,1356,6
1642142,1354,1356,6
1642152,1356,1356,6
1642162,1357,1356,6
1642173,1353,1356,6
1642183,1358,1356,6
1642193,1357,1356,6
1642203,1354,1356,6
1642213,1358,1356,6
1642224,1354,1356,6
1642234,1359,1356,6
1642244,1358,1356,6
1642254,1354,1356,6
1642264,1359,1356,6
1642275,1354,1356,6
1642285,1357,1356,6
1642295,1360,1356,6
1642305,1353,1356,6
1642315,1359,1356,6
1642326,1354,1356,6
1642336,1357,1356,6
1642346,1359,1356,6
1642356,1354,1356,6
OSM
1642377,1444,1446,3
1642387,1446,1446,3
1642397,1447,1446,3
1642407,1443,1446,3
1642418,1449,1446,3
1642428,1445,1446,3
1642438,1447,1446,3
1642448,1446,1446,3
1642458,1453,1446,3
1642469,1449,1446,3
1642479,1445,1446,3
1642489,1447,1446,3
1642499,1449,1446,3
1642509,1448,1446,3
1642519,1447,1446,3
1642530,1448,1446,3
1642540,1445,1446,3
1642550,1447,1446,3
1642560,1447,1446,3
1642570,1447,1446,3
1642581,1448,1446,3
1642591,1446,1446,3
1642601,1448,1446,3
1642611,1445,1446,3
1642621,1448,1446,3
1642632,1448,1446,3
1642642,1445,1446,3
1642652,1446,1446,3
1642662,1448,1446,3
1642672,1448,1446,3
1642683,1451,1446,3
1642693,1453,1447,3
1642703,1449,1447,3
1642713,1448,1447,3
1642723,1446,1447,3
1642734,1446,1447,3
1642744,1449,1447,3
1642754,1447,1447,3
1642764,1445,1447,3
1642774,1445,1447,3
1642785,1449,1447,3
1642795,1454,1447,3
1642805,1448,1447,3
1642815,1447,1447,3
1642825,1446,1447,3
1642836,1447,1447,3
1642846,1447,1447,3
1642856,1447,1447,3
1642866,1449,1447,3
1642876,1446,1447,3
1642887,1451,1447,3
1642897,1446,1447,3
1642907,1446,1447,3
1642917,1447,1447,3
1642927,1449,1447,3
1642937,1444,1447,3
1642948,1450,1447,3
1642958,1454,1447,4
1642968,1447,1447,4
1642978,1450,1447,4
1642988,1446,1447,3
1642999,1446,1447,3
1643009,1448,1447,3
1643019,1447,1447,3
1643029,1445,1447,3
1643039,1448,1447,3
1643050,1447,1447,3
1643060,1449,1447,3
1643070,1445,1447,3
1643080,1446,1447,3
1643090,1447,1447,3
1643101,1448,1447,3
1643111,1444,1447,3
1643121,1445,1447,3
1643131,1454,1447,4
1643141,1448,1447,4
1643152,1448,1447,4
1643162,1448,1447,4
1643172,1445,1447,4
1643182,1447,1447,4
1643192,1450,1447,4
1643203,1445,1447,4
1643213,1447,1447,4
1643223,1447,1447,4
1643233,1448,1447,4
1643243,1444,1447,4
1643254,1446,1447,4
1643264,1451,1447,4
1643274,1446,1447,4
1643284,1445,1447,4
1643294,1447,1447,4
1643305,1446,1447,4
1643315,1448,1447,4
1643325,1446,1447,4
1643335,1448,1447,4
1643345,1446,1447,4
1643355,1445,1447,4
1643366,1447,1447,4
1643376,1449,1447,4
1643386,1447,1447,4
1643396,1444,1447,4
1643406,1447,1447,4
1643417,1449,1447,4
1643427,1447,1447,4
1643437,1449,1447,4
1643447,1447,1447,4
1643458,1446,1447,4
1643468,1445,1447,4
1643478,1446,1447,4
1643488,1447,1447,4
1643498,1448,1447,4
1643508,1445,1447,4
1643519,1447,1447,4
1643529,1445,1447,4
1643539,1449,1447,4
1643549,1442,1447,4
1643559,1447,1447,4
1643570,1449,1447,4
1643580,1445,1447,4
1643590,1445,1447,4
SIM
1643610,1163,1156,6
1643621,1156,1156,6
1643631,1160,1156,6
1643641,1153,1156,6
1643651,1156,1156,6
1643661,1159,1156,6
1643672,1154,1156,6
1643682,1160,1156,6
1643692,1154,1156,6
1643702,1155,1156,6
1643712,1158,1156,6
1643723,1152,1156,6
1643733,1159,1156,6
1643743,1155,1156,6
1643753,1155,1156,6
1643763,1158,1156,6
1643774,1153,1156,6
1643784,1157,1156,6
1643794,1157,1156,6
1643804,1154,1156,6
1643814,1160,1156,6
1643825,1152,1156,6
1643835,1157,1156,6
1643845,1157,1156,6
1643855,1152,1156,6
1643865,1160,1156,6
1643876,1153,1156,6
1643886,1155,1156,6
1643896,1158,1156,6
1643906,1152,1156,6
1643916,1158,1156,6
1643927,1155,1156,6
1643937,1155,1156,6
1643947,1157,1156,6
1643957,1152,1156,6
1643967,1159,1156,6
1643978,1157,1156,6
1643988,1154,1156,6
1643998,1159,1156,6
1644008,1154,1156,6
1644018,1156,1156,6
1644029,1157,1156,6
1644039,1152,1156,6
1644049,1158,1156,6
1644059,1154,1156,6
1644069,1155,1156,6
1644080,1158,1156,6
1644090,1153,1156,6
1644100,1159,1156,6
1644110,1156,1156,6
1644120,1156,1156,6
1644131,1159,1156,6
1644141,1152,1156,6
1644151,1156,1156,6
1644161,1158,1156,6
1644171,1154,1156,6
1644182,1158,1156,6
1644192,1154,1156,6
1644202,1155,1156,6
1644212,1156,1156,6
1644222,1153,1156,6
1644233,1158,1156,6
1644243,1154,1156,6
1644253,1154,1156,6
1644263,1158,1156,6
