Polling for available serial device...
Opening serial monitor for com port: "/dev/ttyACM0"
Serial monitor opened successfully:
1005178,1388,1390,4
1005188,1389,1390,4
1005199,1393,1390,4
1005209,1388,1390,4
1005219,1391,1390,4
1005229,1391,1390,4
1005239,1388,1390,4
1005250,1393,1390,4
RIM
1005270,898,889,16
1005280,895,889,16
1005290,885,889,16
1005300,891,889,16
1005311,888,889,15
1005321,887,889,15
1005331,893,889,16
1005341,883,889,15
1005351,891,889,15
1005362,889,889,14
1005372,884,889,15
1005382,894,889,15
1005392,884,889,15
1005402,888,889,15
1005413,891,889,14
1005423,883,889,15
1005433,892,889,15
1005443,884,889,14
1005453,885,889,14
1005463,892,889,14
1005474,884,889,15
1005484,890,889,15
1005494,887,888,15
1005504,884,888,15
1005514,888,888,15
1005525,883,888,15
1005535,887,888,15
1005545,888,888,15
1005555,884,888,15
1005565,892,888,15
1005576,884,888,14
1005586,886,888,14
1005596,891,888,14
1005606,882,888,15
1005616,891,888,15
1005627,887,888,15
1005637,888,888,14
1005647,892,888,14
1005657,881,888,15
1005667,889,888,15
1005677,888,888,14
1005688,885,888,14
1005698,890,888,14
1005708,883,888,14
1005718,886,888,14
1005728,887,888,14
1005739,882,888,14
1005749,893,888,14
1005759,883,888,14
1005769,885,888,14
1005779,892,888,14
1005790,883,888,15
1005800,891,888,15
1005810,885,888,14
1005820,883,888,15
1005830,889,888,14
1005841,883,888,15
1005851,889,888,15
1005861,886,887,15
1005871,882,887,15
1005881,890,887,15
1005892,882,887,15
1005902,887,887,15
1005912,890,887,15
1005922,881,887,15
1005932,889,887,15
1005943,882,887,15
1005953,885,887,15
1005963,891,887,14
1005973,882,887,15
1005983,892,887,15
1005994,885,887,14
1006004,882,887,15
1006014,890,887,15
1006024,882,887,15
1006034,889,887,15
1006044,889,887,14
1006055,880,887,15
1006065,891,887,15
1006075,883,887,15
1006085,887,887,15
1006095,890,887,14
1006106,884,887,14
1006116,893,887,15
1006126,886,887,14
1006136,885,887,14
1006146,892,887,14
1006157,882,887,14
1006167,891,887,14
1006177,887,887,14
1006187,890,887,14
1006197,894,887,15
1006208,884,887,14
1006218,889,887,14
1006228,891,887,14
1006238,886,887,14
1006248,895,887,15
1006259,885,887,15
1006269,888,887,15
1006279,892,887,15
1006289,885,887,15
1006299,897,887,15
1006309,888,887,15
1006320,888,887,15
1006330,895,887,15
1006340,884,887,15
1006350,892,887,15
1006360,887,887,15
1006371,887,887,15
1006381,894,887,16
1006391,883,887,16
1006401,890,887,16
1006411,891,887,15
1006422,885,887,15
1006432,894,887,16
1006442,885,887,16
1006452,890,887,16
1006462,894,887,16
1006473,885,887,16
1006483,893,887,16
OSM
1006503,419,414,2
1006513,416,414,2
1006524,414,414,2
1006534,414,414,2
1006544,413,414,2
1006554,417,414,2
1006564,415,414,2
1006575,414,414,2
1006585,417,414,2
1006595,414,414,2
1006605,414,414,2
1006615,415,414,2
1006626,415,414,2
1006636,414,414,2
1006646,415,414,2
1006656,411,414,2
1006666,414,413,3
1006676,416,414,2
1006687,413,414,2
1006697,417,413,3
1006707,413,413,3
1006717,414,413,3
1006727,413,413,3
1006738,415,413,3
1006748,414,413,3
1006758,414,413,3
1006768,416,413,3
1006778,415,413,3
1006789,415,414,2
1006799,413,413,3
1006809,415,413,3
1006819,416,414,2
1006829,415,414,2
1006839,412,414,2
1006850,416,414,2
1006860,412,414,2
1006870,417,414,2
1006880,416,414,2
1006890,417,414,2
1006901,415,414,2
1006911,413,414,2
1006921,415,414,2
1006931,415,414,2
1006941,415,414,2
1006952,415,414,2
1006962,415,414,2
1006972,414,414,2
1006982,415,414,2
1006992,414,414,2
1007002,415,414,2
1007013,415,414,2
1007023,416,414,2
1007033,414,414,2
1007043,414,414,2
1007053,414,414,2
1007064,415,414,2
1007074,414,414,2
1007084,417,414,2
1007094,414,414,2
1007104,415,414,2
1007115,418,414,2
1007125,414,414,2
1007135,415,414,2
1007145,414,414,2
1007155,416,414,2
1007165,416,414,2
1007176,412,414,2
1007186,415,414,2
1007196,414,414,2
1007206,413,414,2
1007216,413,414,2
1007227,414,414,2
1007237,417,414,2
1007247,415,414,2
1007257,413,414,2
1007267,415,414,2
1007278,411,414,2
1007288,415,414,2
1007298,414,414,2
1007308,415,414,2
1007318,416,414,2
1007328,415,414,2
1007339,411,414,2
1007349,415,414,2
1007359,414,414,2
1007369,414,414,2
1007379,412,414,2
1007390,414,414,2
1007400,414,414,2
1007410,414,414,2
1007420,417,414,2
1007430,413,414,2
1007441,414,414,2
1007451,414,414,2
1007461,415,414,2
1007471,414,414,2
1007481,417,414,2
1007491,414,414,2
1007502,415,414,2
1007512,414,414,2
1007522,416,414,2
1007532,416,414,2
1007542,411,414,2
1007553,417,414,2
1007563,415,414,2
1007573,412,414,2
1007583,415,414,2
1007593,415,414,2
1007604,414,414,2
1007614,415,414,2
1007624,412,414,2
1007634,415,414,2
1007644,416,414,2
1007655,412,414,2
1007665,415,414,2
1007675,413,414,2
1007685,414,414,2
1007695,414,414,2
1007705,416,414,2
1007716,413,414,2
SIM
1007736,1395,1390,4
1007746,1392,1390,4
1007756,1390,1390,4
1007767,1394,1390,4
1007777,1389,1390,4
1007787,1392,1390,4
1007797,1393,1390,4
1007807,1388,1390,5
1007818,1393,1390,5
1007828,1391,1390,5
1007838,1390,1390,5
1007848,1392,1390,4
1007858,1389,1390,4
1007869,1394,1390,5
1007879,1392,1390,4
1007889,1391,1390,4
1007899,1393,1390,4
1007909,1390,1390,4
1007920,1394,1390,4
1007930,1395,1390,5
1007940,1388,1390,5
1007950,1394,1390,5
1007960,1389,1390,5
1007971,1392,1390,5
1007981,1393,1390,5
1007991,1388,1390,5
1008001,1393,1390,5
1008011,1389,1390,5
1008022,1391,1390,5
1008032,1393,1390,5
1008042,1389,1390,5
1008052,1393,1390,5
1008062,1391,1390,5
1008073,1390,1390,5
1008083,1394,1390,5
1008093,1390,1390,5
1008103,1394,1390,5
1008113,1392,1390,5
1008124,1389,1390,5
1008134,1395,1390,5
1008144,1388,1390,5
1008154,1392,1390,5
1008164,1393,1390,5
1008175,1387,1390,5
1008185,1394,1390,5
1008195,1392,1390,5
1008205,1392,1390,5
1008215,1395,1390,5
1008226,1389,1390,5
1008236,1393,1390,5
1008246,1392,1390,5
1008256,1390,1390,5
1008266,1394,1390,5
1008277,1389,1390,5
1008287,1391,1390,5
1008297,1394,1390,5
1008307,1390,1390,5
1008317,1395,1390,5
1008328,1389,1390,5
1008338,1392,1390,5
1008348,1394,1390,5
1008358,1388,1390,5
1008368,1394,1390,5
1008379,1391,1390,5
1008389,1392,1391,4
1008399,1395,1391,4
1008409,1388,1391,4
1008419,1393,1391,4
1008430,1393,1391,4
1008440,1390,1391,4
1008450,1394,1391,4
1008460,1388,1391,5
1008470,1393,1391,5
1008481,1393,1391,5
1008491,1391,1391,5
1008501,1394,1391,5
1008511,1390,1391,5
1008521,1391,1391,5
1008532,1394,1391,5
1008542,1389,1391,5
1008552,1394,1391,5
1008562,1392,1391,5
1008572,1391,1391,5
1008583,1394,1391,5
1008593,1390,1391,5
1008603,1394,1391,5
1008613,1393,1391,5
1008623,1390,1391,5
1008634,1394,1391,5
1008644,1390,1391,4
1008654,1393,1391,4
1008664,1393,1391,4
1008674,1388,1391,5
1008685,1394,1391,5
1008695,1392,1391,5
1008705,1391,1391,5
1008715,1393,1391,5
1008725,1388,1391,5
1008736,1395,1391,5
1008746,1391,1391,5
1008756,1391,1391,5
1008766,1395,1391,5
1008776,1391,1391,5
1008787,1393,1391,5
1008797,1393,1391,5
1008807,1388,1391,5
1008817,1394,1391,5
1008827,1388,1391,5
1008838,1393,1391,5
1008848,1394,1391,5
1008858,1387,1391,5
1008868,1393,1391,5
1008878,1390,1391,5
1008889,1390,1391,5
1008899,1396,1391,5
1008909,1388,1391,5
1008919,1394,1391,5
1008929,1392,1391,5
1008940,1390,1391,5
1008950,1395,1391,5
RIM
1008970,903,887,17
1008980,899,887,18
1008990,887,887,18
1009001,897,887,18
1009011,892,887,19
1009021,890,887,19
1009031,896,887,19
1009041,886,887,19
1009052,892,887,19
1009062,893,887,19
1009072,888,887,19
1009082,897,888,19
1009092,887,888,19
1009103,892,888,19
1009113,894,888,19
1009123,885,888,19
1009133,894,888,19
1009143,890,888,19
1009153,890,888,19
1009164,895,888,19
1009174,889,888,19
1009184,894,888,19
1009194,891,888,19
1009204,889,888,19
1009215,896,888,20
1009225,885,888,20
1009235,890,888,20
1009245,892,888,20
1009255,887,888,20
1009266,894,888,20
1009276,889,888,20
1009286,890,888,20
1009296,893,888,20
1009306,886,888,19
1009317,893,888,20
1009327,889,888,20
1009337,888,888,20
1009347,894,888,20
1009357,883,888,20
1009368,892,888,20
1009378,893,888,20
1009388,886,888,20
1009398,892,888,20
1009408,886,888,20
1009418,891,888,20
1009429,892,888,20
1009439,889,889,19
1009449,895,889,19
1009459,888,889,18
1009469,887,889,18
1009480,894,889,18
1009490,883,889,18
1009500,893,889,19
1009510,888,889,18
1009520,888,889,18
1009531,894,889,18
1009541,885,889,18
1009551,892,889,18
1009561,889,889,18
1009571,885,889,18
1009582,893,889,18
1009592,884,889,18
1009602,889,889,18
1009612,890,889,18
1009622,885,889,17
1009632,895,889,18
1009643,887,889,17
1009653,888,889,17
1009663,894,889,17
1009673,884,889,17
1009683,893,889,17
1009694,887,889,17
1009704,885,889,17
1009714,894,889,17
1009724,886,889,17
1009734,891,889,17
1009745,889,889,17
1009755,885,889,16
1009765,894,889,16
1009775,886,889,16
1009785,890,889,16
1009796,892,889,16
1009806,885,889,16
1009816,895,889,16
1009826,888,889,16
1009836,889,889,16
1009847,894,889,16
1009857,884,889,16
1009867,892,889,16
1009877,888,889,16
1009887,885,889,16
1009897,895,889,16
1009908,884,889,16
1009918,892,889,16
1009928,891,889,16
1009938,886,889,16
1009948,894,889,16
1009959,887,889,16
1009969,888,889,16
1009979,891,889,16
1009989,884,889,16
1009999,892,889,16
1010010,890,889,16
1010020,886,889,16
1010030,894,889,16
1010040,884,889,16
1010050,891,889,16
1010061,887,889,16
1010071,885,889,16
1010081,892,889,16
1010091,885,889,15
1010101,893,889,16
1010111,892,889,16
1010122,887,889,16
1010132,893,889,15
1010142,885,889,15
1010152,887,889,16
1010162,895,889,16
1010173,884,889,16
1010183,893,889,16
OSM
1010204,419,414,2
1010214,417,414,2
1010224,414,414,2
1010234,414,414,2
1010245,415,414,2
1010255,414,414,2
1010265,418,414,2
1010275,414,414,2
1010285,413,414,2
1010295,413,414,2
1010306,415,414,2
1010316,416,414,2
1010326,413,414,2
1010336,412,414,2
1010346,418,414,2
1010357,413,414,2
1010367,414,414,2
1010377,414,414,2
1010387,416,414,2
1010397,415,414,2
1010408,414,414,2
1010418,414,414,2
1010428,413,414,2
1010438,414,414,2
1010448,416,414,2
1010458,413,414,2
1010469,415,414,2
1010479,416,414,2
1010489,413,414,2
1010499,413,414,2
1010509,415,414,2
1010520,413,414,2
1010530,418,414,2
1010540,413,414,2
1010550,415,414,2
1010560,416,414,2
1010571,415,414,2
1010581,418,414,2
1010591,413,414,2
1010601,416,414,2
1010611,417,414,2
1010621,413,414,2
1010632,415,414,2
1010642,415,414,2
1010652,415,414,2
1010662,413,414,2
1010672,422,414,3
1010683,413,414,3
1010693,415,414,3
1010703,413,414,3
1010713,415,414,3
1010723,411,414,3
1010734,412,414,3
1010744,414,414,3
1010754,417,414,3
1010764,415,414,3
1010774,413,414,3
1010785,421,414,3
1010795,413,414,3
1010805,413,414,3
1010815,417,414,3
1010825,414,414,3
1010835,413,414,3
1010846,416,414,3
1010856,413,414,3
1010866,416,414,3
1010876,414,414,3
1010886,414,414,3
1010897,417,414,3
1010907,414,414,3
1010917,415,414,3
1010927,415,414,3
1010937,415,414,3
1010948,415,414,3
1010958,414,414,3
1010968,415,414,3
1010978,413,414,3
1010988,422,414,4
1010998,415,414,4
1011009,415,414,4
1011019,414,414,4
1011029,414,414,4
1011039,412,414,4
1011049,415,414,4
1011060,414,414,4
1011070,417,414,4
1011080,415,414,4
1011090,414,414,4
1011100,415,414,4
1011111,414,414,4
1011121,412,414,4
1011131,415,414,4
1011141,415,414,4
1011151,415,414,4
1011161,413,414,4
1011172,413,414,4
1011182,414,414,4
1011192,414,414,4
1011202,415,414,4
1011212,415,414,4
1011223,411,414,4
1011233,416,414,4
1011243,414,414,3
1011253,412,414,3
1011263,416,414,3
1011274,413,414,3
1011284,413,414,3
1011294,413,414,3
1011304,414,414,3
1011314,413,414,3
1011324,414,414,3
1011335,416,414,3
1011345,412,414,3
1011355,414,414,3
1011365,415,414,3
1011375,414,414,3
1011386,411,414,3
1011396,414,414,3
1011406,414,414,3
1011416,413,414,3
SIM
1011436,1394,1391,5
1011447,1394,1391,5
1011457,1389,1391,5
1011467,1395,1391,5
1011477,1390,1391,5
1011487,1393,1391,5
1011498,1392,1391,5
1011508,1389,1391,5
1011518,1395,1391,5
1011528,1391,1391,5
1011538,1391,1391,5
1011549,1394,1391,5
1011559,1390,1391,5
1011569,1394,1391,5
1011579,1392,1391,5
1011589,1388,1391,5
1011600,1394,1391,5
1011610,1389,1391,5
1011620,1394,1391,5
1011630,1392,1391,5
1011640,1390,1391,5
1011651,1393,1391,5
1011661,1390,1391,5
1011671,1391,1391,5
1011681,1393,1391,5
1011691,1388,1391,5
1011702,1395,1391,5
1011712,1390,1391,5
1011722,1392,1391,5
1011732,1395,1391,5
1011742,1387,1391,5
1011753,1393,1391,5
1011763,1392,1391,5
1011773,1388,1391,5
1011783,1395,1391,5
1011793,1388,1391,6
1011804,1394,1391,6
1011814,1393,1391,6
1011824,1391,1391,6
1011834,1394,1391,5
1011844,1390,1391,5
1011855,1392,1391,5
1011865,1394,1391,5
1011875,1389,1391,5
1011885,1395,1391,5
1011895,1390,1391,5
1011906,1391,1391,5
1011916,1394,1391,5
1011926,1389,1391,5
1011936,1392,1391,5
1011946,1393,1391,5
1011957,1389,1391,5
1011967,1391,1391,5
1011977,1390,1391,5
1011987,1393,1391,5
1011997,1394,1391,5
1012008,1388,1391,5
1012018,1395,1391,5
1012028,1390,1391,5
1012038,1392,1391,5
1012048,1394,1391,5
1012059,1389,1391,5
1012069,1393,1391,5
1012079,1391,1391,5
1012089,1392,1391,5
1012099,1394,1391,5
1012110,1388,1391,5
1012120,1394,1391,5
1012130,1393,1391,5
1012140,1389,1391,5
1012150,1396,1391,5
1012160,1389,1391,5
1012171,1392,1391,5
1012181,1394,1391,5
1012191,1390,1391,5
1012201,1395,1391,5
1012211,1389,1391,5
1012222,1391,1391,5
1012232,1395,1391,6
1012242,1389,1391,6
1012252,1395,1391,6
1012262,1394,1391,6
1012273,1390,1391,6
1012283,1396,1391,6
1012293,1388,1391,6
1012303,1393,1391,6
1012313,1394,1391,6
1012324,1390,1391,6
1012334,1394,1391,6
1012344,1390,1391,6
1012354,1394,1391,6
1012364,1394,1391,6
1012375,1389,1391,6
1012385,1394,1391,6
1012395,1391,1391,6
1012405,1392,1391,6
1012415,1396,1391,6
1012426,1389,1391,6
1012436,1392,1391,6
1012446,1392,1391,6
1012456,1389,1391,6
1012466,1394,1391,6
1012477,1390,1391,6
1012487,1393,1391,6
1012497,1394,1391,6
1012507,1388,1391,6
1012517,1395,1391,6
1012528,1390,1391,6
1012538,1391,1391,6
1012548,1394,1391,6
1012558,1389,1391,6
1012568,1395,1391,6
1012579,1392,1391,6
1012589,1391,1391,6
1012599,1394,1391,6
1012609,1391,1391,6
1012619,1393,1391,6
1012630,1393,1391,6
1012640,1390,1391,6
1012650,1395,1391,6
RIM
1012670,900,889,15
1012680,899,889,15
1012691,887,889,15
1012701,895,889,15
1012711,893,889,15
1012721,890,889,15
1012731,896,889,15
1012742,887,889,15
1012752,892,889,15
1012762,893,889,15
1012772,888,889,15
1012782,897,889,15
1012793,888,889,15
1012803,891,889,15
1012813,897,889,15
1012823,889,889,15
1012833,895,889,15
1012844,889,889,15
1012854,887,889,15
1012864,894,889,15
1012874,886,889,15
1012884,896,889,15
1012895,892,889,15
1012905,887,889,15
1012915,894,889,15
1012925,887,889,15
1012935,892,889,15
1012945,894,889,15
1012956,887,889,15
1012966,897,889,16
1012976,890,889,16
1012986,890,889,16
1012996,894,889,16
1013007,886,889,16
1013017,890,889,16
1013027,888,889,16
1013037,887,889,16
1013047,895,889,16
1013058,884,889,16
1013068,892,889,16
1013078,891,889,15
1013088,886,889,15
1013098,896,889,16
1013109,885,889,16
1013119,889,889,16
1013129,892,889,16
1013139,886,889,16
1013149,894,889,16
1013160,886,889,16
1013170,890,889,16
1013180,895,889,16
1013190,884,889,16
1013200,892,889,16
1013210,888,889,16
1013221,887,889,16
1013231,892,889,16
1013241,884,889,16
1013251,892,889,16
1013261,893,889,16
1013272,887,889,16
1013282,894,889,16
1013292,884,889,16
1013302,888,889,16
1013312,891,889,16
1013323,885,889,16
1013333,894,889,16
1013343,887,889,16
1013353,888,889,16
1013363,895,889,16
1013374,887,889,16
1013384,893,889,16
1013394,887,889,16
1013404,886,889,16
1013414,895,889,16
1013424,886,889,16
1013435,893,890,15
1013445,891,890,15
1013455,885,890,15
1013465,893,890,15
1013475,886,890,15
1013486,891,890,15
1013496,892,890,15
1013506,885,890,15
1013516,892,889,16
1013526,887,889,16
1013537,889,889,16
1013547,894,889,16
1013557,885,889,16
1013567,893,890,15
1013577,889,890,15
1013588,886,890,15
1013598,893,890,14
1013608,885,890,14
1013618,892,890,14
1013628,892,890,14
1013639,885,890,14
1013649,895,890,14
1013659,886,890,15
1013669,890,890,14
1013679,891,890,14
1013689,888,890,14
1013700,892,890,14
1013710,886,890,14
1013720,886,890,14
1013730,895,890,14
1013740,884,890,14
1013751,891,890,14
1013761,889,890,14
1013771,886,890,14
1013781,895,890,14
1013791,886,890,14
1013802,891,890,14
1013812,891,890,14
1013822,886,890,14
1013832,895,890,14
1013842,887,890,14
1013853,889,890,14
1013863,894,890,14
1013873,884,890,14
1013883,892,890,14
OSM
1013904,418,414,3
1013914,416,414,3
1013924,417,414,3
1013934,416,414,3
1013945,413,414,3
1013955,414,414,3
1013965,415,414,3
1013975,413,414,3
1013985,416,414,3
1013995,412,414,3
1014006,413,414,3
1014016,413,414,3
1014026,414,414,3
1014036,416,414,3
1014046,415,414,3
1014057,414,414,3
1014067,415,414,3
1014077,415,414,3
1014087,414,414,3
1014097,415,414,3
1014108,415,414,3
1014118,414,414,3
1014128,415,414,3
1014138,416,414,3
1014148,414,414,3
1014158,413,414,3
1014169,413,414,3
1014179,414,414,3
1014189,416,414,3
1014199,415,414,3
1014209,413,414,3
1014220,414,414,3
1014230,414,414,3
1014240,411,414,3
1014250,416,414,3
1014260,416,414,3
1014271,414,414,3
1014281,415,414,3
1014291,411,414,3
1014301,415,414,3
1014311,415,414,3
1014321,415,414,3
1014332,421,414,3
1014342,413,414,3
1014352,413,414,3
1014362,418,414,3
1014372,414,414,3
1014383,418,414,3
1014393,414,414,3
1014403,412,414,3
1014413,415,414,3
1014423,413,414,3
1014434,413,414,3
1014444,415,414,3
1014454,416,414,3
1014464,413,414,3
1014474,414,414,3
1014484,418,414,3
1014495,413,414,3
1014505,414,414,3
1014515,414,414,3
1014525,418,414,3
1014535,415,414,3
1014546,415,414,3
1014556,414,414,3
1014566,413,414,3
1014576,414,414,3
1014586,417,414,3
1014597,416,414,3
1014607,412,414,3
1014617,416,414,3
1014627,412,414,3
1014637,413,414,3
1014647,414,414,3
1014658,413,414,3
1014668,413,414,3
1014678,413,414,3
1014688,415,414,2
1014698,416,414,2
1014709,412,414,2
1014719,415,414,2
1014729,416,414,2
1014739,410,414,2
1014749,414,414,2
1014760,416,414,2
1014770,415,414,2
1014780,412,414,2
1014790,415,414,2
1014800,416,414,2
1014811,412,414,3
1014821,416,414,3
1014831,421,414,3
1014841,412,414,3
1014851,415,414,3
1014861,416,414,3
1014872,413,414,3
1014882,413,414,3
1014892,414,414,3
1014902,416,414,3
1014912,413,414,3
1014923,414,414,3
1014933,418,414,3
1014943,413,414,3
1014953,413,414,3
1014963,415,414,3
1014974,414,414,3
1014984,416,414,3
1014994,414,414,3
1015004,412,414,3
1015014,413,414,3
1015024,414,414,3
1015035,415,414,3
1015045,415,414,3
1015055,409,414,3
1015065,416,414,3
1015075,415,414,3
1015086,415,414,3
1015096,413,414,3
1015106,417,414,3
1015116,415,414,3
SIM
1015136,1394,1391,6
1015147,1394,1391,6
1015157,1390,1391,6
1015167,1394,1391,6
1015177,1390,1391,6
1015187,1391,1391,6
1015198,1393,1391,6
1015208,1387,1391,6
1015218,1394,1391,6
1015228,1390,1391,6
1015238,1390,1391,6
1015249,1393,1391,6
1015259,1387,1391,6
1015269,1392,1391,6
1015279,1392,1391,6
1015289,1391,1391,6
1015300,1394,1391,6
1015310,1388,1391,6
1015320,1391,1391,6
1015330,1392,1391,6
1015340,1388,1391,6
1015351,1394,1391,6
1015361,1388,1391,6
1015371,1392,1391,6
1015381,1394,1391,6
1015391,1387,1391,6
1015402,1393,1391,6
1015412,1391,1391,6
1015422,1391,1391,6
1015432,1393,1391,6
1015442,1389,1391,5
1015453,1391,1391,5
1015463,1393,1391,5
1015473,1388,1391,5
1015483,1394,1391,5
1015493,1389,1391,5
1015504,1391,1391,5
1015514,1392,1391,5
1015524,1388,1391,5
1015534,1395,1391,5
1015544,1392,1391,5
1015555,1392,1391,5
1015565,1393,1391,5
1015575,1387,1391,5
1015585,1393,1391,5
1015595,1389,1391,5
1015606,1390,1391,5
1015616,1393,1391,5
1015626,1388,1391,5
1015636,1392,1391,5
1015646,1395,1391,6
1015657,1389,1391,6
1015667,1393,1391,6
1015677,1388,1391,6
1015687,1392,1391,6
1015697,1392,1391,6
1015708,1388,1391,6
1015718,1394,1391,5
1015728,1392,1391,5
1015738,1391,1391,5
1015748,1393,1391,5
1015759,1388,1391,5
1015769,1393,1391,5
1015779,1391,1391,5
1015789,1390,1391,5
1015799,1394,1391,5
1015810,1387,1391,6
1015820,1392,1391,5
1015830,1392,1391,5
1015840,1388,1391,5
1015850,1395,1391,5
1015861,1390,1391,5
1015871,1391,1391,5
1015881,1392,1391,5
1015891,1390,1391,5
1015901,1393,1391,5
1015912,1389,1391,5
1015922,1390,1391,5
1015932,1394,1391,5
1015942,1387,1391,5
1015952,1393,1391,5
1015963,1391,1391,5
1015973,1390,1391,5
1015983,1394,1391,5
1015993,1388,1391,5
1016003,1393,1391,5
1016014,1392,1391,5
1016024,1389,1391,5
1016034,1393,1391,5
1016044,1390,1391,5
1016054,1392,1391,5
1016065,1392,1391,5
1016075,1388,1391,5
1016085,1392,1391,5
1016095,1391,1391,5
1016105,1390,1391,5
1016116,1393,1391,5
1016126,1389,1391,5
1016136,1393,1391,5
1016146,1393,1391,5
1016156,1390,1391,5
1016167,1395,1391,5
1016177,1390,1391,5
1016187,1391,1391,5
1016197,1393,1391,5
1016207,1388,1391,5
1016218,1393,1391,4
1016228,1389,1391,4
1016238,1390,1391,4
1016248,1394,1391,4
1016258,1387,1391,5
1016269,1392,1391,4
1016279,1391,1391,4
1016289,1391,1391,4
1016299,1393,1391,4
1016309,1388,1391,4
1016320,1392,1391,4
1016330,1391,1391,4
1016340,1388,1391,4
1016350,1395,1391,4
RIM
1016371,879,889,15
1016381,884,889,15
1016391,877,889,16
1016401,876,889,17
1016411,887,889,17
1016422,871,889,19
1016432,885,889,19
1016442,879,889,20
1016452,879,889,21
1016462,886,889,21
1016472,875,888,23
1016483,885,888,22
1016493,879,888,23
1016503,878,888,24
1016513,889,888,23
1016523,880,888,24
1016534,884,888,23
1016544,885,888,24
1016554,881,888,24
1016564,888,888,24
1016574,880,888,24
1016585,884,888,24
1016595,886,888,24
1016605,881,888,24
1016615,891,887,25
1016625,884,887,25
1016636,884,887,25
1016646,889,887,24
1016656,881,887,25
1016666,889,887,24
1016676,884,887,24
1016687,884,887,24
1016697,892,887,24
1016707,881,887,24
1016717,886,887,24
1016727,886,887,24
1016737,883,887,24
1016748,894,887,24
1016758,883,887,24
1016768,885,887,24
1016778,887,887,24
1016788,882,887,24
1016799,892,887,23
1016809,884,887,23
1016819,887,887,23
1016829,892,887,23
1016839,883,887,24
1016850,891,887,23
1016860,887,887,23
1016870,885,887,23
1016880,893,887,23
1016890,885,887,23
1016901,889,887,23
1016911,888,887,23
1016921,885,887,23
1016931,893,887,23
1016941,884,887,23
1016952,889,887,23
1016962,890,887,22
1016972,886,887,22
1016982,893,887,22
1016992,883,887,22
1017002,884,887,22
1017013,893,887,23
1017023,884,887,23
1017033,892,887,23
1017043,888,887,23
1017053,885,887,23
1017064,892,887,22
1017074,881,886,23
1017084,889,886,23
1017094,889,886,23
1017104,886,886,23
1017115,893,886,23
1017125,884,886,23
1017135,890,886,23
1017145,891,886,23
1017155,885,886,23
1017166,892,886,23
1017176,887,886,23
1017186,886,886,22
1017196,891,886,22
1017206,884,886,22
1017217,892,886,22
1017227,886,886,22
1017237,886,886,22
1017247,895,886,22
1017257,884,886,22
1017267,891,886,22
1017278,888,886,22
1017288,885,886,22
1017298,895,886,22
1017308,887,886,22
1017318,890,886,22
1017329,890,886,22
1017339,884,886,22
1017349,893,886,22
1017359,887,886,22
1017369,887,886,22
1017380,894,886,22
1017390,885,886,22
1017400,892,886,22
1017410,888,886,22
1017420,886,886,22
1017431,892,886,22
1017441,882,886,22
1017451,890,886,22
1017461,890,886,22
1017471,884,886,22
1017481,892,886,21
1017492,883,886,21
1017502,889,886,21
1017512,892,886,21
1017522,886,886,21
1017532,893,886,21
1017543,888,886,21
1017553,887,886,21
1017563,893,886,21
1017573,882,886,21
1017583,891,886,21
OSM
1017605,418,414,3
1017615,415,414,3
1017625,416,414,3
1017635,415,414,3
1017646,413,414,3
1017656,411,414,3
1017666,413,414,3
1017676,414,414,3
1017686,417,414,3
1017696,414,414,3
1017707,416,414,3
1017717,414,414,3
1017727,415,414,3
1017737,414,414,3
1017747,415,414,3
1017758,413,414,3
1017768,415,414,3
1017778,415,414,3
1017788,414,414,3
1017798,412,414,3
1017809,413,414,3
1017819,413,414,3
1017829,413,414,3
1017839,416,414,3
1017849,412,414,3
1017859,413,414,3
1017870,414,414,3
1017880,413,414,3
1017890,416,414,3
1017900,415,414,3
1017910,411,414,3
1017921,416,414,3
1017931,415,414,3
1017941,411,414,3
1017951,416,414,3
1017961,415,414,3
1017972,411,414,3
1017982,414,414,3
1017992,415,414,3
1018002,415,414,3
1018012,414,414,3
1018022,416,414,3
1018033,423,414,4
1018043,413,414,4
1018053,414,414,4
1018063,415,414,4
1018073,414,414,4
1018084,416,414,3
1018094,414,414,3
1018104,411,414,3
1018114,415,414,3
1018124,415,414,3
1018135,415,414,3
1018145,414,414,3
1018155,415,414,3
1018165,418,414,4
1018175,413,414,4
1018186,414,414,3
1018196,414,414,3
1018206,415,414,3
1018216,414,414,3
1018226,413,414,3
1018236,417,414,3
1018247,415,414,3
1018257,412,414,3
1018267,416,414,3
1018277,414,414,3
1018287,413,414,3
1018298,413,414,3
1018308,416,414,3
1018318,416,414,3
1018328,413,414,3
1018338,414,414,3
1018349,416,414,3
1018359,413,414,3
1018369,413,414,3
1018379,415,414,3
1018389,414,414,3
1018399,414,414,3
1018410,412,414,3
1018420,414,414,3
1018430,417,414,3
1018440,414,414,3
1018450,412,414,3
1018461,415,414,3
1018471,414,414,3
1018481,415,414,3
1018491,412,414,3
1018501,415,414,3
1018512,416,414,3
1018522,414,414,3
1018532,413,414,3
1018542,414,414,3
1018552,413,414,3
1018562,413,414,3
1018573,414,414,3
1018583,414,414,3
1018593,415,414,3
1018603,414,414,3
1018613,412,414,3
1018624,414,414,3
1018634,412,414,3
1018644,414,414,3
1018654,416,414,3
1018664,415,414,3
1018675,415,414,3
1018685,419,414,3
1018695,415,414,3
1018705,415,414,3
1018715,415,414,3
1018726,413,414,3
1018736,413,414,3
1018746,417,414,3
1018756,414,414,3
1018766,414,414,3
1018777,412,414,3
1018787,417,414,3
1018797,414,414,3
1018807,414,414,3
1018817,417,414,3
SIM
1018838,1393,1391,4
1018848,1394,1391,4
1018858,1388,1391,4
1018868,1393,1391,4
1018878,1390,1391,4
1018889,1389,1391,4
1018899,1392,1391,4
1018909,1389,1391,4
1018919,1392,1391,4
1018929,1388,1391,4
1018940,1389,1391,4
1018950,1393,1391,4
1018960,1388,1391,4
1018970,1392,1391,4
1018980,1392,1391,4
1018990,1388,1391,4
1019001,1394,1391,4
1019011,1389,1391,4
1019021,1390,1391,4
1019031,1393,1391,4
1019042,1387,1391,4
1019052,1394,1391,4
1019062,1390,1391,4
1019072,1390,1391,4
1019082,1393,1391,4
1019092,1388,1391,4
1019103,1392,1391,4
1019113,1391,1391,4
1019123,1390,1391,4
1019133,1395,1391,4
1019143,1388,1391,4
1019154,1392,1391,4
1019164,1391,1391,4
1019174,1388,1391,4
1019184,1393,1391,4
1019195,1389,1391,4
1019205,1392,1391,4
1019215,1391,1391,4
1019225,1387,1391,4
1019235,1391,1390,5
1019245,1390,1390,5
1019256,1390,1390,5
1019266,1392,1390,5
1019276,1388,1390,5
1019286,1392,1390,5
1019296,1392,1390,5
1019307,1388,1390,5
1019317,1394,1390,5
1019327,1388,1390,5
1019337,1392,1390,5
1019348,1393,1390,5
1019358,1391,1390,5
1019368,1394,1390,5
1019378,1392,1390,5
1019388,1391,1390,5
1019398,1394,1391,4
1019409,1387,1390,5
1019419,1393,1390,5
1019429,1392,1390,5
1019439,1389,1390,5
1019450,1393,1390,5
1019460,1388,1390,5
1019470,1391,1390,5
1019480,1392,1390,5
1019490,1389,1390,5
1019501,1392,1390,5
1019511,1388,1390,5
1019521,1391,1390,5
1019531,1395,1390,5
1019541,1388,1390,5
1019551,1392,1390,5
1019562,1390,1390,5
1019572,1392,1390,5
1019582,1394,1390,5
1019592,1388,1390,5
1019603,1393,1390,5
1019613,1392,1390,5
1019623,1389,1390,5
1019633,1394,1390,5
1019643,1389,1390,5
1019653,1392,1390,5
1019664,1394,1390,5
1019674,1389,1390,5
1019684,1394,1390,5
1019694,1388,1390,5
1019705,1391,1390,5
1019715,1393,1390,5
1019725,1389,1390,5
1019735,1393,1390,5
1019745,1391,1390,5
1019756,1391,1390,5
1019766,1395,1391,4
1019776,1389,1391,4
1019786,1392,1391,4
1019796,1393,1391,4
1019807,1390,1391,4
1019817,1394,1391,4
1019827,1388,1391,4
1019837,1393,1391,4
1019847,1394,1391,4
1019857,1388,1391,4
1019868,1394,1391,4
1019878,1391,1391,4
1019888,1392,1391,4
1019898,1394,1391,4
1019909,1390,1391,4
1019919,1394,1391,4
1019929,1391,1391,4
1019939,1389,1391,4
1019949,1394,1391,4
1019960,1389,1391,4
1019970,1392,1391,4
1019980,1393,1391,4
1019990,1389,1391,4
1020000,1395,1391,4
1020011,1390,1391,4
1020021,1391,1391,4
1020031,1394,1391,4
1020041,1389,1391,4
1020051,1394,1391,4
RIM
1020072,882,886,21
1020082,884,886,21
1020092,874,886,21
1020102,873,886,22
1020112,886,886,22
1020123,872,886,22
1020133,886,886,22
1020143,880,886,21
1020153,877,886,22
1020163,889,886,22
1020174,876,886,22
1020184,881,886,22
1020194,882,886,22
1020204,881,886,21
1020214,892,886,21
1020225,879,886,22
1020235,883,886,22
1020245,887,886,22
1020255,877,886,22
1020265,888,886,22
1020275,883,886,22
1020286,881,886,22
1020296,889,886,22
1020306,881,886,22
1020316,889,886,22
1020326,886,886,22
1020337,882,886,22
1020347,890,886,22
1020357,879,886,22
1020367,887,886,22
1020377,884,886,22
1020388,882,886,22
1020398,889,886,22
1020408,880,886,22
1020418,886,886,22
1020428,892,886,22
1020439,882,886,23
1020449,891,886,22
1020459,881,886,22
1020469,885,886,22
1020479,890,886,22
1020490,883,886,22
1020500,891,886,22
1020510,885,886,22
1020520,883,886,22
1020530,892,886,22
1020541,881,886,23
1020551,888,886,22
1020561,888,886,22
1020571,883,886,22
1020581,894,886,23
1020591,883,886,23
1020602,888,886,23
1020612,890,886,23
1020622,883,886,23
1020632,891,886,23
1020642,886,886,23
1020653,885,886,22
1020663,893,886,23
1020673,883,886,23
1020683,891,886,23
1020693,886,886,23
1020704,882,886,23
1020714,892,886,23
1020724,882,886,23
1020734,892,886,23
1020744,889,886,23
1020755,885,886,23
1020765,891,886,23
1020775,883,886,22
1020785,888,886,22
1020795,891,886,23
1020806,884,886,23
1020816,893,886,23
1020826,889,886,23
1020836,886,886,22
1020846,894,886,23
1020856,883,886,23
1020867,892,886,23
1020877,884,886,23
1020887,885,886,23
1020897,894,886,23
1020907,884,886,23
1020918,890,886,23
1020928,890,886,23
1020938,884,886,23
1020948,892,886,23
1020958,885,886,23
1020969,888,886,23
1020979,891,886,23
1020989,884,886,23
1020999,893,886,23
1021009,887,886,23
1021020,887,886,22
1021030,893,886,23
1021040,881,886,23
1021050,892,886,23
1021060,887,886,23
1021071,887,886,23
1021081,891,886,22
1021091,885,886,22
1021101,891,886,22
1021111,891,886,23
1021121,885,886,23
1021132,895,886,23
1021142,884,886,23
1021152,887,886,23
1021162,890,886,23
1021172,884,886,23
1021183,892,886,23
1021193,887,886,23
1021203,886,886,23
1021213,895,886,23
1021223,884,886,23
1021234,892,886,23
1021244,889,886,23
1021254,885,886,23
1021264,892,886,23
1021274,883,886,23
1021285,891,886,23
OSM
1021306,417,414,3
1021316,416,414,3
1021326,414,414,3
1021336,413,414,3
1021347,414,414,3
1021357,413,414,3
1021367,417,414,3
1021377,414,414,3
1021387,416,414,3
1021397,417,414,3
1021408,412,414,3
1021418,416,414,3
1021428,415,414,3
1021438,414,414,3
1021448,415,414,3
1021459,414,414,3
1021469,416,414,3
1021479,417,414,3
1021489,414,414,3
1021499,414,414,3
1021510,416,414,3
1021520,416,414,3
1021530,415,414,3
1021540,411,414,3
1021550,416,414,3
1021561,415,414,3
1021571,413,414,3
1021581,418,414,3
1021591,413,414,3
1021601,413,414,3
1021611,414,414,3
1021622,412,414,3
1021632,414,414,3
1021642,416,414,3
1021652,415,414,3
1021662,415,414,3
1021673,414,414,3
1021683,416,414,3
1021693,415,414,3
1021703,412,414,3
1021713,414,414,3
1021724,416,414,3
1021734,412,414,2
1021744,413,414,2
1021754,415,414,2
1021764,415,414,2
1021774,415,414,2
1021785,413,414,2
1021795,415,414,2
1021805,414,414,2
1021815,412,414,2
1021825,414,414,2
1021836,416,414,2
1021846,415,414,2
1021856,415,414,2
1021866,412,414,2
1021876,413,414,2
1021887,417,414,2
1021897,416,414,2
1021907,418,414,2
1021917,415,414,2
1021927,412,414,2
1021937,415,414,2
1021948,413,414,2
1021958,415,414,2
1021968,415,414,2
1021978,411,414,2
1021988,414,414,2
1021999,418,414,2
1022009,413,414,2
1022019,416,414,2
1022029,416,414,2
1022039,414,414,2
1022050,413,414,2
1022060,413,414,2
1022070,415,414,2
1022080,416,414,2
1022090,416,414,2
1022100,414,414,2
1022111,416,414,2
1022121,414,414,2
1022131,413,414,2
1022141,414,414,2
1022151,416,414,2
1022162,413,414,2
1022172,413,414,2
1022182,415,414,2
1022192,416,414,2
1022202,414,414,2
1022213,414,414,2
1022223,414,414,2
1022233,415,414,2
1022243,415,414,2
1022253,418,414,2
1022263,415,414,2
1022274,414,414,2
1022284,415,414,2
1022294,417,414,2
1022304,414,414,2
1022314,414,414,2
1022325,415,414,2
1022335,412,414,2
1022345,414,414,2
1022355,417,414,2
1022365,415,414,2
1022376,411,414,3
1022386,418,414,2
1022396,415,414,2
1022406,412,414,2
1022416,415,414,2
1022427,415,414,2
1022437,413,414,2
1022447,415,414,2
1022457,415,414,2
1022467,414,414,2
1022477,413,414,2
1022488,414,414,2
1022498,415,414,2
1022508,416,414,2
1022518,415,414,2
SIM
1022539,1392,1391,4
1022549,1394,1391,4
1022559,1390,1391,4
1022569,1393,1391,4
1022579,1393,1391,4
1022590,1390,1391,4
1022600,1393,1391,4
1022610,1389,1391,4
1022620,1394,1391,4
1022630,1393,1391,4
1022640,1389,1391,4
1022651,1393,1391,4
1022661,1390,1391,4
1022671,1392,1391,4
1022681,1393,1391,4
1022691,1388,1391,4
1022702,1393,1391,4
1022712,1392,1391,4
1022722,1390,1391,4
1022732,1395,1391,4
1022742,1388,1391,4
1022753,1393,1391,4
1022763,1390,1391,4
1022773,1391,1391,4
1022783,1396,1391,4
1022793,1389,1391,4
1022804,1391,1391,4
1022814,1392,1391,4
1022824,1388,1391,4
1022834,1393,1391,4
1022844,1389,1391,4
1022855,1392,1391,4
1022865,1392,1391,4
1022875,1388,1391,4
1022885,1392,1391,4
1022895,1392,1391,4
1022906,1390,1391,4
1022916,1393,1391,4
1022926,1387,1391,4
1022936,1394,1391,4
1022946,1391,1391,4
1022957,1390,1391,4
1022967,1393,1391,4
1022977,1387,1391,4
1022987,1388,1391,4
1022997,1393,1391,5
1023008,1386,1391,5
1023018,1394,1391,5
1023028,1389,1391,5
1023038,1393,1391,5
1023048,1393,1391,5
1023059,1388,1391,5
1023069,1393,1391,5
1023079,1391,1391,5
1023089,1391,1391,5
1023099,1394,1391,5
1023110,1387,1391,5
1023120,1392,1391,5
1023130,1392,1391,5
1023140,1388,1391,5
1023150,1393,1391,5
1023161,1385,1391,5
1023171,1392,1391,5
1023181,1392,1391,5
1023191,1390,1391,5
1023201,1389,1391,5
1023212,1390,1391,5
1023222,1391,1391,5
1023232,1394,1391,5
1023242,1388,1391,5
1023252,1393,1391,5
1023263,1392,1391,5
1023273,1388,1391,5
1023283,1393,1391,5
1023293,1388,1391,5
1023303,1392,1391,5
1023314,1392,1391,5
1023324,1387,1391,5
1023334,1396,1391,5
1023344,1389,1391,5
1023354,1392,1391,5
1023365,1392,1391,5
1023375,1388,1391,5
1023385,1394,1391,5
1023395,1391,1391,5
1023405,1390,1391,5
1023416,1393,1391,5
1023426,1389,1391,5
1023436,1393,1391,5
1023446,1392,1391,5
1023456,1389,1391,5
1023467,1395,1391,5
1023477,1387,1391,5
1023487,1393,1391,5
1023497,1393,1391,5
1023507,1388,1391,5
1023518,1393,1391,5
1023528,1389,1391,5
1023538,1392,1391,5
1023548,1392,1391,5
1023558,1388,1391,5
1023569,1394,1391,5
1023579,1392,1391,5
1023589,1390,1391,5
1023599,1395,1391,5
1023609,1389,1391,5
1023620,1393,1391,5
1023630,1396,1391,5
1023640,1391,1391,5
1023650,1395,1391,5
1023660,1388,1391,5
1023671,1392,1391,5
1023681,1393,1391,5
1023691,1389,1391,5
1023701,1393,1391,5
1023711,1390,1391,5
1023722,1390,1391,5
1023732,1392,1391,5
1023742,1387,1391,5
1023752,1393,1391,5
RIM
1023772,881,886,23
1023783,883,886,23
1023793,877,886,22
1023803,872,886,23
1023813,887,886,23
1023823,877,886,22
1023834,880,886,22
1023844,880,886,22
1023854,875,886,22
1023864,888,886,22
1023874,878,886,22
1023885,881,886,22
1023895,886,886,22
1023905,878,886,22
1023915,888,886,22
1023925,881,886,22
1023935,881,886,22
1023946,888,886,22
1023956,878,886,22
1023966,890,886,22
1023976,883,886,22
1023986,881,886,22
1023997,892,886,22
1024007,880,886,22
1024017,888,886,22
1024027,884,886,22
1024037,882,886,22
1024048,891,886,22
1024058,879,886,22
1024068,886,886,22
1024078,889,886,22
1024088,883,886,22
1024099,891,886,22
1024109,882,886,22
1024119,884,886,22
1024129,889,886,22
1024139,884,886,22
1024149,891,886,22
1024160,887,886,22
1024170,883,886,22
1024180,893,886,22
1024190,881,886,22
1024200,889,886,22
1024211,886,886,22
1024221,886,886,22
1024231,891,886,22
1024241,882,886,22
1024251,886,886,22
1024262,890,886,22
1024272,884,886,22
1024282,895,886,22
1024292,885,886,22
1024302,888,886,22
1024313,891,886,22
1024323,881,886,22
1024333,892,886,22
1024343,888,886,22
1024353,887,886,22
1024364,896,886,23
1024374,882,886,23
1024384,891,886,23
1024394,888,886,23
1024404,885,886,22
1024414,892,886,22
1024425,884,886,22
1024435,892,886,22
1024445,889,886,22
1024455,884,886,22
1024465,893,886,23
1024476,883,886,23
1024486,885,886,23
1024496,893,886,23
1024506,886,886,23
1024516,892,886,23
1024527,885,886,23
1024537,886,886,23
1024547,891,886,22
1024557,884,886,22
1024567,889,886,22
1024578,890,886,22
1024588,885,886,22
1024598,894,886,22
1024608,884,886,22
1024618,889,886,22
1024629,892,886,22
1024639,884,886,22
1024649,893,886,22
1024659,886,886,22
1024669,888,886,22
1024679,893,886,22
1024690,885,886,22
1024700,892,886,22
1024710,888,886,22
1024720,888,886,22
1024730,891,886,22
1024741,883,886,22
1024751,892,886,22
1024761,888,886,22
1024771,885,886,22
1024781,893,886,22
1024792,884,886,22
1024802,891,886,22
1024812,892,886,22
1024822,885,886,22
1024832,892,886,22
1024843,884,886,22
1024853,886,886,22
1024863,892,886,22
1024873,882,886,22
1024883,893,886,22
1024893,887,886,22
1024904,886,886,22
1024914,895,886,22
1024924,885,886,22
1024934,891,886,22
1024944,887,886,22
1024955,884,886,22
1024965,893,886,22
1024975,885,886,22
1024985,890,886,22
OSM
1025006,418,414,2
1025016,417,414,2
1025026,417,414,2
1025036,414,414,2
1025047,415,414,2
1025057,414,414,2
1025067,415,414,2
1025077,415,414,2
1025087,414,414,2
1025097,416,414,2
1025108,413,414,2
1025118,415,414,2
1025128,416,414,2
1025138,413,414,2
1025148,413,414,2
1025159,411,414,2
1025169,421,414,3
1025179,413,414,3
1025189,414,414,3
1025199,416,414,3
1025210,420,414,3
1025220,419,414,3
1025230,417,414,3
1025240,416,414,3
1025250,415,414,3
1025260,415,414,3
1025271,414,414,3
1025281,413,414,3
1025291,414,414,3
1025301,413,414,3
1025311,413,414,3
1025322,415,414,3
1025332,416,414,3
1025342,414,414,3
1025352,412,414,3
1025362,414,414,3
1025373,418,414,3
1025383,416,414,3
1025393,412,414,3
1025403,415,414,3
1025413,414,414,3
1025423,411,414,3
1025434,414,414,3
1025444,411,414,3
1025454,415,414,3
1025464,416,414,3
1025474,413,414,3
1025485,413,414,3
1025495,414,414,3
1025505,414,414,3
1025515,413,414,3
1025525,414,414,3
1025536,417,414,3
1025546,415,414,3
1025556,415,414,3
1025566,416,414,3
1025576,413,414,3
1025586,414,414,3
1025597,415,414,3
1025607,413,414,3
1025617,413,414,3
1025627,417,414,3
1025637,414,414,3
1025648,414,414,3
1025658,414,414,3
1025668,414,414,3
1025678,413,414,3
1025688,413,414,3
1025699,416,414,3
1025709,413,414,3
1025719,415,414,3
1025729,415,414,3
1025739,415,414,3
1025749,413,414,3
1025760,414,414,3
1025770,414,414,3
1025780,413,414,3
1025790,416,414,3
1025800,416,414,3
1025811,416,414,3
1025821,413,414,3
1025831,417,414,3
1025841,415,414,3
1025851,412,414,3
1025862,415,414,3
1025872,415,414,3
1025882,416,414,3
1025892,411,414,3
1025902,418,414,3
1025913,413,414,3
1025923,411,414,3
1025933,415,414,3
1025943,416,414,3
1025953,414,414,3
1025963,415,414,3
1025974,413,414,3
1025984,416,414,3
1025994,412,414,3
1026004,415,414,3
1026014,416,414,3
1026025,413,414,3
1026035,413,414,3
1026045,414,414,3
1026055,416,414,3
1026065,415,414,3
