Polling for available serial device...
Opening serial monitor for com port: "/dev/ttyACM0"
Serial monitor opened successfully:
457880,1443,1446,12
457890,1447,1446,12
457900,1446,1446,11
457910,1444,1446,11
457921,1448,1446,10
457931,1443,1446,9
457941,1449,1446,9
457951,1446,1446,9
457961,1443,1446,8
457972,1447,1446,8
457982,1444,1446,7
457992,1447,1446,7
458002,1449,1446,7
458012,1444,1446,7
458023,1447,1446,6
458033,1444,1445,7
458043,1443,1445,7
458053,1447,1445,6
458063,1443,1445,6
458074,1447,1445,6
458084,1446,1445,5
458094,1444,1445,5
458104,1448,1445,5
458114,1443,1445,4
458125,1448,1445,4
RIM
458145,1102,1101,79
458155,1096,1101,79
458165,1092,1101,79
458175,1094,1101,80
458186,1094,1101,80
458196,1089,1100,82
458206,1096,1100,82
458216,1091,1100,83
458226,1091,1100,83
458237,1095,1100,83
458247,1092,1100,84
458257,1093,1100,84
458267,1094,1100,85
458277,1092,1100,85
458288,1096,1100,85
458298,1090,1100,86
458308,1089,1100,87
458318,1094,1100,87
458328,1092,1100,88
458339,1094,1100,88
458349,1093,1100,88
458359,1091,1100,89
458369,1096,1100,89
458379,1090,1099,90
458390,1093,1099,91
458400,1089,1099,91
458410,1091,1099,92
458420,1096,1099,92
458430,1090,1099,92
458441,1093,1099,93
458451,1093,1099,93
458461,1092,1099,93
458471,1094,1099,93
458481,1091,1099,93
458491,1093,1099,93
458502,1096,1098,94
458512,1089,1098,93
458522,1095,1098,93
458532,1091,1098,91
458542,1092,1098,91
458553,1095,1098,89
458563,1090,1098,88
458573,1095,1097,88
458583,1093,1097,86
458593,1092,1097,84
458604,1095,1097,82
458614,1091,1097,80
458624,1092,1097,78
458634,1096,1096,76
458644,1088,1096,74
458655,1094,1096,72
458665,1091,1096,69
458675,1092,1096,65
458685,1095,1095,61
458695,1089,1095,58
458706,1093,1095,56
458716,1093,1095,53
458726,1092,1095,51
458736,1095,1095,47
458746,1090,1094,45
458757,1093,1094,44
458767,1094,1094,42
458777,1089,1094,41
458787,1095,1094,39
458797,1090,1094,37
458808,1093,1094,36
458818,1094,1093,34
458828,1090,1093,32
458838,1096,1093,31
458848,1089,1093,29
458858,1093,1093,28
458869,1095,1093,27
458879,1090,1093,26
458889,1095,1093,25
458899,1091,1093,23
458909,1092,1092,23
458920,1096,1092,22
458930,1088,1092,18
458940,1095,1092,15
458950,1092,1092,13
458960,1090,1092,12
458971,1094,1092,11
458981,1091,1092,10
458991,1094,1092,10
459001,1095,1092,9
459011,1089,1091,9
459022,1094,1091,8
459032,1092,1091,8
459042,1091,1091,8
459052,1094,1091,8
459062,1090,1091,8
459073,1092,1091,8
459083,1091,1091,8
459093,1091,1091,8
459103,1096,1092,7
459113,1091,1092,7
459124,1094,1092,7
459134,1092,1092,7
459144,1089,1092,7
459154,1096,1092,6
459164,1091,1092,6
459175,1093,1092,6
459185,1093,1092,6
459195,1090,1092,6
459205,1094,1092,6
459215,1090,1092,6
459225,1094,1092,6
459236,1096,1092,6
459246,1090,1092,6
459256,1094,1092,6
459266,1091,1092,6
459276,1091,1092,6
459287,1095,1092,6
459297,1090,1092,6
459307,1094,1092,5
459317,1093,1092,5
459327,1091,1092,5
459338,1096,1092,6
459348,1092,1092,6
459358,1094,1092,5
OSM
459379,340,337,4
459389,339,337,4
459399,338,337,4
459409,337,337,4
459420,339,337,4
459430,334,337,4
459440,339,337,4
459450,338,337,4
459460,337,337,4
459470,337,337,4
459481,334,337,4
459491,337,337,4
459501,339,337,4
459511,338,337,4
459521,337,337,4
459532,336,337,4
459542,341,337,4
459552,340,337,4
459562,334,337,4
459572,338,337,4
459582,339,337,4
459593,336,337,4
459603,339,337,4
459613,335,337,4
459623,343,337,5
459633,338,337,5
459644,336,337,5
459654,337,337,5
459664,335,337,5
459674,338,337,5
459684,340,337,5
459695,336,337,5
459705,338,337,5
459715,337,337,5
459725,337,337,5
459735,339,337,5
459745,336,337,5
459756,339,337,5
459766,337,337,5
459776,336,337,5
459786,339,337,4
459796,337,337,4
459807,340,337,4
459817,338,337,4
459827,337,337,4
459837,340,337,4
459847,337,337,4
459857,336,337,4
459868,338,337,4
459878,335,337,4
459888,345,337,4
459898,338,337,4
459908,339,337,4
459919,336,337,4
459929,337,337,4
459939,339,337,4
459949,335,337,4
459959,337,337,4
459969,337,337,4
459980,336,337,4
459990,340,337,4
460000,336,337,4
460010,336,337,4
460020,338,337,4
460031,335,337,4
460041,336,337,4
460051,340,337,4
460061,339,337,4
460071,338,337,4
460082,336,337,4
460092,338,337,4
460102,338,337,4
460112,336,337,4
460122,339,337,4
460132,336,337,4
460143,339,337,4
460153,336,337,4
460163,336,337,4
460173,339,337,4
460183,338,337,4
460194,338,337,4
460204,340,337,4
460214,338,337,4
460224,336,337,4
460234,338,337,4
460245,338,337,4
460255,337,337,4
460265,337,337,3
460275,338,337,3
460285,337,337,3
460295,335,337,3
460306,337,337,3
460316,336,337,3
460326,337,337,3
460336,337,337,3
460346,337,337,3
460357,338,337,3
460367,336,337,3
460377,337,337,3
460387,340,337,3
460397,335,337,3
460407,336,337,3
460418,342,337,3
460428,336,337,3
460438,339,337,3
460448,336,337,3
460458,336,337,3
460469,338,337,3
460479,339,337,3
460489,338,337,3
460499,334,337,3
460509,337,337,3
460520,338,337,3
460530,338,337,3
460540,338,337,3
460550,338,337,3
460560,337,337,3
460570,339,337,3
460581,336,337,3
460591,338,337,3
SIM
460611,1445,1445,4
460621,1449,1445,4
460632,1443,1445,4
460642,1447,1445,4
460652,1446,1445,4
460662,1443,1445,4
460672,1449,1445,4
460682,1443,1445,4
460693,1446,1445,4
460703,1448,1445,4
460713,1442,1445,4
460723,1449,1445,4
460733,1445,1445,4
460744,1446,1445,4
460754,1448,1445,4
460764,1443,1445,4
460774,1447,1445,4
460784,1447,1445,4
460795,1444,1445,4
460805,1448,1445,4
460815,1442,1445,4
460825,1447,1445,4
460835,1445,1445,4
460846,1443,1445,4
460856,1449,1445,4
460866,1441,1445,4
460876,1446,1445,4
460886,1446,1445,4
460897,1444,1445,4
460907,1447,1445,4
460917,1444,1445,4
460927,1446,1445,4
460937,1448,1445,4
460948,1442,1445,4
460958,1448,1445,4
460968,1445,1445,4
460978,1445,1445,4
460988,1448,1445,4
460998,1444,1445,4
461009,1446,1445,4
461019,1448,1445,4
461029,1443,1445,4
461039,1449,1445,4
461049,1443,1445,4
461060,1448,1445,4
461070,1447,1445,4
461080,1443,1445,4
461090,1444,1445,4
461100,1443,1445,4
461111,1445,1445,4
461121,1447,1445,4
461131,1441,1445,4
461141,1446,1445,4
461151,1448,1445,4
461162,1445,1445,4
461172,1447,1445,4
461182,1444,1445,4
461192,1446,1445,4
461202,1446,1445,4
461213,1444,1445,4
461223,1446,1445,4
461233,1443,1445,4
461243,1446,1445,4
461253,1448,1445,4
461264,1443,1445,4
461274,1447,1445,4
461284,1444,1445,4
461294,1444,1445,4
461304,1448,1445,4
461315,1445,1445,4
461325,1448,1445,4
461335,1445,1445,4
461345,1444,1445,4
461355,1447,1445,4
461366,1445,1445,4
461376,1447,1445,4
461386,1447,1445,4
461396,1443,1445,4
461406,1450,1445,4
461416,1443,1445,4
461427,1445,1445,4
461437,1448,1445,4
461447,1443,1445,4
461457,1448,1445,4
461467,1444,1445,4
461478,1444,1445,4
461488,1447,1445,4
461498,1442,1445,4
461508,1447,1445,4
461518,1448,1445,4
461529,1443,1445,4
461539,1447,1445,4
461549,1442,1445,4
461559,1445,1445,4
461569,1447,1445,4
461580,1444,1445,4
461590,1448,1445,4
461600,1443,1445,4
461610,1446,1445,4
461620,1448,1445,4
461631,1444,1445,4
461641,1448,1445,4
461651,1445,1445,4
461661,1445,1445,4
461671,1449,1445,4
461682,1443,1445,4
461692,1448,1445,4
461702,1446,1445,4
461712,1444,1445,4
461722,1449,1445,4
461733,1444,1445,4
461743,1446,1445,4
461753,1447,1445,4
461763,1443,1445,4
461773,1449,1445,4
461783,1444,1445,4
461794,1448,1445,5
461804,1446,1445,4
461814,1444,1445,4
461824,1447,1445,4
RIM
461845,1096,1092,5
461855,1094,1092,5
461865,1090,1092,5
461875,1089,1092,5
461885,1092,1092,5
461895,1089,1092,5
461906,1092,1092,4
461916,1090,1092,4
461926,1089,1092,5
461936,1094,1092,5
461946,1089,1092,5
461957,1091,1092,5
461967,1090,1092,5
461977,1090,1092,5
461987,1094,1092,5
461997,1088,1092,5
462008,1092,1092,5
462018,1092,1092,5
462028,1090,1092,5
462038,1093,1092,5
462048,1089,1092,5
462059,1090,1092,5
462069,1095,1092,5
462079,1090,1092,5
462089,1097,1092,5
462099,1090,1092,5
462110,1092,1092,5
462120,1093,1092,5
462130,1090,1092,5
462140,1095,1092,5
462150,1092,1092,5
462161,1091,1092,5
462171,1097,1092,5
462181,1094,1092,5
462191,1093,1092,5
462201,1093,1092,5
462211,1090,1092,5
462222,1094,1092,5
462232,1090,1092,5
462242,1092,1092,5
462252,1094,1092,5
462262,1090,1092,5
462273,1095,1092,5
462283,1089,1092,5
462293,1092,1092,5
462303,1096,1092,5
462313,1090,1092,5
462324,1095,1092,5
462334,1092,1092,5
462344,1092,1092,5
462354,1097,1092,5
462364,1088,1092,5
462375,1094,1092,5
462385,1093,1092,5
462395,1092,1092,5
462405,1096,1092,5
462415,1092,1092,5
462425,1094,1092,5
462436,1099,1092,5
462446,1090,1092,5
462456,1096,1092,5
462466,1093,1092,5
462476,1094,1092,5
462487,1096,1092,5
462497,1093,1092,5
462507,1097,1092,6
462517,1092,1092,6
462527,1091,1092,5
462538,1095,1092,5
462548,1091,1092,5
462558,1095,1092,5
462568,1096,1092,5
462578,1091,1092,5
462589,1097,1092,6
462599,1093,1092,6
462609,1094,1092,6
462619,1095,1092,6
462629,1090,1092,5
462640,1097,1092,6
462650,1093,1092,6
462660,1094,1092,6
462670,1097,1092,6
462680,1092,1092,6
462690,1098,1092,6
462701,1095,1092,6
462711,1094,1092,6
462721,1097,1092,6
462731,1092,1092,6
462741,1095,1092,6
462752,1095,1092,6
462762,1092,1092,6
462772,1095,1092,6
462782,1092,1092,6
462792,1095,1092,6
462803,1097,1092,6
462813,1092,1092,6
462823,1096,1092,7
462833,1090,1092,7
462843,1093,1092,7
462854,1097,1092,7
462864,1092,1092,7
462874,1097,1092,7
462884,1093,1092,7
462894,1093,1092,7
462904,1098,1093,6
462915,1092,1093,6
462925,1095,1093,6
462935,1095,1093,6
462945,1092,1093,6
462955,1098,1093,6
462966,1091,1093,6
462976,1094,1093,6
462986,1096,1093,6
462996,1092,1093,6
463006,1098,1093,6
463017,1091,1093,6
463027,1094,1093,6
463037,1097,1093,6
463047,1091,1093,6
463057,1100,1093,7
OSM
463079,344,337,3
463089,341,337,3
463099,338,337,3
463109,337,337,3
463119,339,337,3
463130,334,337,3
463140,337,337,3
463150,336,337,3
463160,337,337,3
463170,338,337,3
463181,337,337,3
463191,339,337,3
463201,336,337,3
463211,337,337,3
463221,338,337,3
463232,335,337,3
463242,338,337,3
463252,338,337,3
463262,337,337,3
463272,339,337,3
463282,336,337,3
463293,338,337,3
463303,337,337,3
463313,338,337,3
463323,339,337,3
463333,338,337,3
463344,337,337,3
463354,340,337,3
463364,334,337,3
463374,339,337,3
463384,337,337,3
463395,338,337,3
463405,341,337,3
463415,336,337,3
463425,341,337,3
463435,338,337,3
463445,336,337,3
463456,339,337,3
463466,335,337,3
463476,338,337,3
463486,336,337,3
463496,336,337,3
463507,336,337,3
463517,343,337,3
463527,337,337,3
463537,338,337,3
463547,339,337,3
463558,338,337,3
463568,337,337,3
463578,337,337,3
463588,338,337,3
463598,338,337,3
463608,339,337,3
463619,339,337,3
463629,336,337,3
463639,338,337,3
463649,337,337,3
463659,337,337,3
463670,337,337,3
463680,336,337,3
463690,340,337,3
463700,337,337,3
463710,338,337,3
463720,336,337,3
463731,334,337,3
463741,336,337,3
463751,337,337,3
463761,338,337,3
463771,339,337,3
463782,335,337,3
463792,341,337,3
463802,338,337,3
463812,336,337,3
463822,336,337,3
463833,336,337,3
463843,336,337,3
463853,338,337,3
463863,334,337,3
463873,338,337,3
463883,337,337,3
463894,341,337,3
463904,345,337,3
463914,334,337,3
463924,339,337,3
463934,339,337,3
463945,337,337,3
463955,338,337,3
463965,335,337,3
463975,339,337,3
463985,336,337,3
463995,338,337,3
464006,340,337,4
464016,337,337,4
464026,336,337,4
464036,338,337,4
464046,337,337,4
464057,337,337,4
464067,336,337,4
464077,339,337,4
464087,339,337,4
464097,335,337,4
464108,337,337,4
464118,337,337,3
464128,342,337,4
464138,339,337,4
464148,336,337,4
464158,339,337,4
464169,337,337,4
464179,339,337,4
464189,337,337,4
464199,334,337,4
464209,338,337,4
464220,338,337,4
464230,340,337,4
464240,337,337,4
464250,335,337,4
464260,339,337,4
464270,341,337,4
464281,337,337,4
464291,340,337,4
SIM
464311,1448,1445,4
464321,1449,1445,4
464332,1443,1445,4
464342,1450,1445,5
464352,1447,1445,5
464362,1446,1445,5
464372,1449,1445,5
464382,1445,1445,5
464393,1447,1445,5
464403,1446,1445,5
464413,1444,1445,5
464423,1450,1445,5
464433,1444,1445,5
464444,1447,1445,5
464454,1448,1445,5
464464,1443,1445,5
464474,1448,1445,5
464484,1445,1445,5
464495,1446,1445,5
464505,1446,1445,5
464515,1443,1445,5
464525,1449,1445,5
464535,1446,1445,5
464546,1447,1445,5
464556,1447,1445,5
464566,1443,1445,4
464576,1448,1445,4
464586,1445,1445,4
464597,1443,1445,5
464607,1447,1445,5
464617,1445,1445,5
464627,1448,1445,5
464637,1449,1445,5
464648,1444,1445,5
464658,1448,1445,5
464668,1444,1445,5
464678,1446,1445,5
464688,1447,1445,5
464698,1441,1445,5
464709,1448,1445,5
464719,1444,1445,5
464729,1446,1445,5
464739,1449,1445,5
464749,1442,1445,5
464760,1448,1445,5
464770,1447,1445,5
464780,1446,1445,5
464790,1448,1445,5
464800,1443,1445,5
464811,1447,1445,5
464821,1448,1445,5
464831,1443,1445,5
464841,1449,1445,5
464851,1445,1445,5
464862,1448,1445,5
464872,1447,1445,5
464882,1443,1445,5
464892,1448,1445,5
464902,1446,1445,5
464913,1446,1445,5
464923,1447,1445,5
464933,1443,1445,5
464943,1447,1445,5
464953,1448,1445,5
464964,1444,1445,5
464974,1448,1445,5
464984,1443,1445,5
464994,1449,1446,4
465004,1447,1446,4
465015,1443,1445,5
465025,1450,1446,4
465035,1445,1446,4
465045,1445,1446,4
465055,1449,1446,4
465066,1444,1446,4
465076,1448,1446,4
465086,1446,1446,4
465096,1444,1446,4
465106,1448,1446,4
465117,1444,1446,4
465127,1448,1446,4
465137,1447,1446,4
465147,1444,1446,4
465157,1450,1446,4
465167,1444,1446,4
465178,1446,1446,4
465188,1447,1446,4
465198,1443,1446,4
465208,1448,1446,4
465218,1442,1446,4
465229,1446,1446,4
465239,1447,1446,4
465249,1443,1446,4
465259,1449,1446,4
465269,1446,1446,4
465280,1443,1446,4
465290,1449,1446,4
465300,1443,1446,4
465310,1448,1446,4
465320,1447,1446,4
465331,1445,1446,4
465341,1447,1446,4
465351,1444,1446,4
465361,1446,1446,4
465371,1447,1446,4
465382,1444,1446,4
465392,1449,1446,4
465402,1446,1446,4
465412,1446,1446,4
465422,1448,1446,4
465433,1443,1446,4
465443,1446,1446,4
465453,1446,1446,4
465463,1444,1446,4
465473,1448,1446,4
465484,1445,1446,4
465494,1446,1446,4
465504,1448,1446,4
465514,1445,1446,4
465524,1448,1446,4
RIM
465545,1096,1093,7
465555,1096,1093,7
465565,1089,1093,7
465575,1094,1093,7
465585,1093,1093,7
465596,1090,1093,7
465606,1096,1093,7
465616,1088,1093,7
465626,1092,1093,7
465636,1094,1093,7
465647,1091,1093,7
465657,1096,1093,7
465667,1091,1093,7
465677,1092,1093,7
465687,1095,1093,7
465698,1089,1093,6
465708,1094,1093,6
465718,1091,1093,7
465728,1091,1093,6
465738,1096,1093,7
465748,1089,1093,7
465759,1093,1093,6
465769,1093,1093,6
465779,1092,1093,6
465789,1096,1093,6
465799,1092,1093,6
465810,1095,1093,6
465820,1094,1093,6
465830,1090,1093,6
465840,1097,1093,6
465850,1092,1093,6
465861,1093,1093,6
465871,1097,1093,6
465881,1090,1093,6
465891,1094,1093,6
465901,1093,1093,6
465912,1093,1093,6
465922,1097,1093,6
465932,1089,1093,7
465942,1095,1093,7
465952,1094,1093,7
465962,1092,1093,6
465973,1097,1093,7
465983,1092,1093,6
465993,1095,1093,6
466003,1094,1093,6
466013,1091,1093,6
466024,1096,1093,6
466034,1091,1093,6
466044,1094,1093,6
466054,1096,1093,6
466064,1091,1093,6
466075,1097,1093,6
466085,1093,1093,6
466095,1093,1093,6
466105,1097,1093,6
466115,1090,1093,6
466126,1095,1093,6
466136,1094,1093,6
466146,1094,1093,6
466156,1097,1093,6
466166,1091,1093,6
466177,1095,1093,6
466187,1095,1093,6
466197,1093,1093,6
466207,1097,1093,6
466217,1091,1093,6
466227,1094,1093,6
466238,1096,1093,6
466248,1091,1093,6
466258,1096,1093,6
466268,1093,1093,6
466278,1089,1093,6
466289,1098,1093,6
466299,1091,1093,6
466309,1096,1093,6
466319,1092,1093,6
466329,1092,1093,6
466340,1097,1093,6
466350,1092,1093,6
466360,1093,1093,6
466370,1095,1093,6
466380,1092,1093,6
466391,1098,1093,6
466401,1090,1093,6
466411,1094,1093,6
466421,1095,1093,6
466431,1090,1093,6
466442,1097,1093,6
466452,1092,1093,6
466462,1093,1093,6
466472,1096,1093,6
466482,1090,1093,6
466492,1091,1093,6
466503,1093,1093,6
466513,1093,1093,6
466523,1096,1093,6
466533,1091,1093,6
466543,1094,1093,6
466554,1095,1093,6
466564,1090,1093,6
466574,1097,1093,6
466584,1092,1093,6
466594,1094,1093,6
466605,1096,1093,6
466615,1091,1093,6
466625,1096,1093,6
466635,1091,1093,6
466645,1095,1093,6
466656,1096,1093,6
466666,1090,1093,6
466676,1096,1093,6
466686,1094,1093,6
466696,1093,1093,6
466706,1097,1093,6
466717,1089,1093,6
466727,1095,1093,6
466737,1094,1093,6
466747,1092,1093,6
466757,1097,1093,6
OSM
466779,344,337,4
466789,341,337,4
466799,337,337,4
466809,339,337,4
466819,337,337,4
466830,335,337,4
466840,340,337,4
466850,336,337,4
466860,334,337,4
466870,338,337,4
466881,337,337,4
466891,339,337,4
466901,339,337,4
466911,338,337,4
466921,336,337,4
466932,336,337,4
466942,340,337,4
466952,337,337,4
466962,337,337,4
466972,341,337,4
466982,336,337,4
466993,338,337,4
467003,338,337,4
467013,336,337,4
467023,335,337,4
467033,336,337,4
467044,340,337,4
467054,338,337,4
467064,335,337,4
467074,338,337,4
467084,337,337,4
467094,338,337,4
467105,339,337,4
467115,336,337,4
467125,344,337,4
467135,341,337,4
467145,338,337,4
467156,341,337,4
467166,335,337,4
467176,336,337,4
467186,338,337,4
467196,340,337,4
467207,338,337,4
467217,334,337,4
467227,339,337,4
467237,340,337,4
467247,336,337,4
467257,338,337,4
467268,337,337,4
467278,340,337,4
467288,339,337,4
467298,335,337,4
467308,339,337,4
467319,338,337,4
467329,338,337,4
467339,340,337,4
467349,336,337,5
467359,338,337,5
467369,337,337,5
467380,339,337,5
467390,339,337,4
467400,334,337,5
467410,342,337,5
467420,338,337,5
467431,336,337,5
467441,338,337,5
467451,334,337,5
467461,339,337,5
467471,340,337,5
467482,336,337,5
467492,338,337,5
467502,338,337,5
467512,339,337,5
467522,336,337,5
467532,337,337,5
467543,338,337,5
467553,342,337,5
467563,336,337,5
467573,339,337,5
467583,340,337,5
467594,339,337,5
467604,336,337,4
467614,337,337,4
467624,336,337,4
467634,336,337,4
467644,342,337,4
467655,340,337,4
467665,336,337,4
467675,341,337,5
467685,338,337,5
467695,335,337,5
467706,339,337,5
467716,337,337,5
467726,339,337,5
467736,335,337,5
467746,337,337,5
467757,339,337,5
467767,338,337,5
467777,340,337,5
467787,337,337,5
467797,334,337,5
467807,338,337,5
467818,338,337,5
467828,338,337,4
467838,337,337,4
467848,336,337,4
467858,341,337,5
467869,338,337,5
467879,339,337,5
467889,335,337,5
467899,335,337,5
467909,339,337,5
467919,336,337,5
467930,337,337,4
467940,337,337,4
467950,336,337,4
467960,340,337,5
467970,337,337,4
467981,335,337,4
467991,337,337,4
SIM
468011,1449,1446,4
468021,1449,1446,4
468031,1445,1446,4
468042,1445,1446,4
468052,1445,1446,4
468062,1447,1446,4
468072,1447,1446,4
468082,1444,1446,4
468093,1448,1446,4
468103,1446,1446,4
468113,1447,1446,4
468123,1448,1446,4
468133,1443,1446,4
468144,1448,1446,4
468154,1446,1446,4
468164,1445,1446,4
468174,1448,1446,4
468184,1444,1446,4
468195,1447,1446,4
468205,1447,1446,4
468215,1443,1446,4
468225,1449,1446,4
468235,1444,1446,4
468246,1446,1446,4
468256,1448,1446,4
468266,1442,1446,4
468276,1448,1446,4
468286,1444,1446,4
468297,1448,1446,4
468307,1447,1446,4
468317,1444,1446,4
468327,1449,1446,4
468337,1445,1446,4
468347,1442,1446,4
468358,1448,1446,4
468368,1443,1446,4
468378,1449,1446,4
468388,1447,1446,4
468398,1444,1446,4
468409,1448,1446,4
468419,1443,1446,4
468429,1447,1446,4
468439,1448,1446,4
468449,1442,1446,4
468460,1447,1446,4
468470,1445,1446,4
468480,1446,1446,4
468490,1446,1446,4
468500,1443,1446,4
468511,1447,1446,4
468521,1446,1446,4
468531,1446,1446,4
468541,1448,1446,4
468551,1443,1446,4
468562,1448,1446,4
468572,1449,1446,4
468582,1443,1446,4
468592,1448,1446,4
468602,1445,1446,4
468613,1447,1446,4
468623,1448,1446,4
468633,1445,1446,4
468643,1448,1446,4
468653,1444,1446,4
468664,1448,1446,4
468674,1448,1446,4
468684,1442,1446,4
468694,1447,1446,4
468704,1446,1446,4
468714,1443,1446,4
468725,1448,1446,4
468735,1443,1446,4
468745,1447,1446,4
468755,1448,1446,4
468765,1443,1446,4
468776,1448,1446,4
468786,1445,1446,4
468796,1445,1446,4
468806,1447,1446,4
468816,1444,1446,4
468827,1448,1446,4
468837,1445,1445,5
468847,1446,1446,4
468857,1448,1445,5
468867,1443,1445,5
468878,1448,1446,4
468888,1447,1446,4
468898,1445,1446,4
468908,1449,1446,4
468918,1443,1446,4
468929,1446,1446,4
468939,1448,1446,4
468949,1444,1446,4
468959,1448,1446,4
468969,1445,1446,4
468980,1447,1446,3
468990,1448,1446,3
469000,1443,1446,3
469010,1448,1446,3
469020,1446,1446,3
469031,1446,1446,3
469041,1448,1446,3
469051,1443,1446,3
469061,1447,1446,3
469071,1447,1446,3
469081,1444,1446,3
469092,1447,1446,3
469102,1444,1446,3
469112,1447,1446,3
469122,1447,1446,3
469132,1443,1446,3
469143,1449,1446,3
469153,1445,1446,4
469163,1447,1446,3
469173,1449,1446,4
469183,1444,1446,4
469194,1448,1446,4
469204,1445,1446,4
469214,1444,1446,4
469224,1449,1446,4
RIM
469245,1104,1093,7
469255,1098,1093,7
469265,1094,1093,7
469275,1097,1093,7
469285,1093,1093,7
469295,1096,1093,7
469306,1097,1093,7
469316,1092,1093,7
469326,1099,1093,7
469336,1095,1093,7
469346,1094,1093,7
469357,1099,1093,7
469367,1093,1093,7
469377,1096,1093,7
469387,1095,1093,7
469397,1094,1093,7
469408,1097,1093,7
469418,1091,1093,7
469428,1095,1093,7
469438,1092,1093,7
469448,1093,1093,7
469459,1098,1093,7
469469,1093,1093,7
469479,1095,1094,6
469489,1096,1094,6
469499,1092,1094,6
469509,1097,1094,6
469520,1092,1094,6
469530,1094,1094,6
469540,1096,1094,6
469550,1092,1094,6
469560,1096,1094,6
469571,1095,1094,6
469581,1091,1094,6
469591,1097,1094,6
469601,1091,1094,6
469611,1095,1094,6
469622,1096,1094,6
469632,1092,1094,6
469642,1096,1094,6
469652,1093,1094,6
469662,1096,1094,6
469673,1096,1094,6
469683,1091,1094,6
469693,1097,1094,6
469703,1093,1094,6
469713,1094,1094,6
469724,1097,1094,6
469734,1093,1094,6
469744,1096,1094,6
469754,1094,1094,6
469764,1093,1094,6
469775,1097,1094,6
469785,1091,1094,6
469795,1095,1094,6
469805,1097,1094,6
469815,1092,1094,6
469825,1099,1094,6
469836,1093,1094,6
469846,1094,1094,6
469856,1097,1094,6
469866,1091,1094,6
469876,1095,1094,6
469887,1093,1094,6
469897,1093,1094,6
469907,1097,1094,6
469917,1091,1094,6
469927,1094,1094,6
469938,1094,1094,6
469948,1093,1094,6
469958,1099,1094,6
469968,1092,1094,6
469978,1096,1094,6
469989,1095,1094,6
469999,1092,1094,6
470009,1098,1094,6
470019,1093,1094,6
470029,1093,1094,6
470040,1096,1094,6
470050,1091,1094,6
470060,1095,1094,6
470070,1094,1094,6
470080,1093,1094,6
470090,1095,1094,6
470101,1090,1094,6
470111,1094,1094,6
470121,1095,1094,6
470131,1092,1094,6
470141,1098,1094,6
470152,1091,1094,6
470162,1094,1094,6
470172,1098,1094,6
470182,1093,1094,6
470192,1096,1094,6
470203,1090,1094,6
470213,1094,1094,6
470223,1098,1094,6
470233,1087,1094,6
470243,1098,1094,6
470254,1093,1094,6
470264,1093,1094,6
470274,1096,1094,6
470284,1091,1094,6
470294,1096,1094,6
470305,1096,1094,6
470315,1093,1094,6
470325,1095,1094,6
470335,1091,1094,6
470345,1095,1094,6
470355,1097,1094,6
470366,1092,1094,6
470376,1099,1094,6
470386,1092,1094,6
470396,1094,1094,6
470406,1097,1094,6
470417,1091,1094,6
470427,1095,1094,6
470437,1093,1094,6
470447,1092,1094,6
470457,1098,1094,6
OSM
470478,346,337,5
470488,339,337,5
470498,337,337,5
470508,338,337,4
470519,334,337,5
470529,336,337,5
470539,336,337,4
470549,336,337,4
470559,340,337,4
470569,336,337,4
470580,341,337,5
470590,338,337,5
470600,339,337,5
470610,338,337,5
470620,336,337,5
470631,337,337,5
470641,341,337,5
470651,335,337,5
470661,336,337,5
470671,337,337,5
470681,337,337,5
470692,342,337,5
470702,337,337,5
470712,338,337,5
470722,340,337,5
470732,337,337,5
470743,337,337,5
470753,336,337,5
470763,340,337,5
470773,337,337,5
470783,336,337,5
470793,340,337,5
470804,336,337,5
470814,337,337,5
470824,337,337,4
470834,336,337,4
470844,339,337,4
470855,339,337,4
470865,336,337,4
470875,339,337,4
470885,338,337,4
470895,338,337,4
470906,339,337,4
470916,336,337,4
470926,339,337,4
470936,338,337,4
470946,336,337,4
470956,339,337,4
470967,337,337,4
470977,339,337,4
470987,337,337,4
470997,339,337,4
471007,338,337,4
471018,334,337,4
471028,338,337,4
471038,333,337,4
471048,337,337,4
471058,340,337,4
471068,338,337,4
471079,339,337,4
471089,337,337,4
471099,336,337,4
471109,340,337,4
471119,337,337,4
471130,334,337,4
471140,336,337,4
471150,337,337,4
471160,340,337,4
471170,335,337,4
471181,338,337,4
471191,337,337,4
471201,337,337,4
471211,339,337,4
471221,337,337,4
471231,335,337,4
471242,336,337,4
471252,338,337,4
471262,338,337,4
471272,340,337,4
471282,338,337,4
471293,338,337,4
471303,335,337,4
471313,338,337,4
471323,337,337,4
471333,335,337,4
471343,339,337,3
471354,337,337,3
471364,340,337,3
471374,338,337,3
471384,336,337,3
471394,340,337,3
471405,337,337,3
471415,336,337,3
471425,338,337,3
471435,337,337,3
471445,336,337,3
471456,337,337,3
471466,334,337,3
471476,346,337,4
471486,339,337,4
471496,337,337,4
471506,335,337,4
471517,336,337,4
471527,338,337,4
471537,336,337,4
471547,339,337,4
471557,338,337,4
471568,333,337,4
471578,338,337,4
471588,336,337,4
471598,338,337,4
471608,340,337,4
471618,335,337,4
471629,337,337,4
471639,336,337,4
471649,336,337,4
471659,341,337,4
471669,337,337,4
471680,337,337,4
471690,338,337,4
SIM
471710,1443,1446,4
471720,1441,1445,5
471730,1441,1445,5
471741,1441,1445,5
471751,1435,1445,6
471761,1442,1445,6
471771,1439,1445,6
471781,1438,1445,6
471792,1442,1445,6
471802,1436,1445,7
471812,1441,1445,7
471822,1440,1445,7
471832,1437,1445,8
471843,1440,1445,8
471853,1436,1445,9
471863,1441,1445,9
471873,1442,1445,9
471883,1442,1445,9
471894,1449,1445,9
471904,1443,1445,9
471914,1446,1445,9
471924,1451,1445,9
471934,1468,1445,14
471945,1479,1445,23
471955,1477,1445,32
471965,1479,1446,40
471975,1484,1446,52
471985,1476,1446,59
471996,1482,1446,70
472006,1479,1447,78
472016,1480,1447,87
472026,1482,1447,97
472036,1477,1448,103
472047,1480,1448,111
472057,1482,1448,121
472067,1478,1448,128
472077,1484,1449,137
472087,1480,1449,145
472098,1483,1449,155
472108,1484,1450,164
472118,1481,1450,171
472128,1485,1450,181
472138,1483,1451,189
472149,1484,1451,198
472159,1486,1451,208
472169,1484,1452,215
472179,1486,1452,225
472189,1486,1452,234
472199,1485,1453,241
472210,1489,1453,252
472220,1484,1453,259
472230,1488,1454,268
472240,1490,1454,278
472250,1486,1454,286
472261,1490,1455,295
472271,1488,1455,304
472281,1487,1455,311
472291,1489,1456,319
472301,1484,1456,324
472312,1491,1456,334
472322,1489,1457,341
472332,1488,1457,348
472342,1492,1457,357
472352,1485,1458,361
472363,1491,1458,369
472373,1490,1459,375
472383,1486,1459,379
472393,1490,1459,386
472403,1486,1460,389
472414,1490,1460,394
472424,1492,1460,402
472434,1486,1461,404
472444,1492,1461,410
472454,1488,1461,415
472465,1490,1462,417
472475,1492,1462,423
472485,1487,1463,425
472495,1492,1463,429
472505,1489,1463,433
472516,1489,1464,434
472526,1493,1464,439
472536,1486,1464,440
472546,1488,1465,441
472556,1491,1465,444
472567,1488,1465,444
472577,1492,1466,446
472587,1487,1466,447
472597,1492,1467,448
472607,1493,1467,451
472618,1485,1467,449
472628,1493,1468,449
472638,1490,1468,450
472648,1491,1468,450
472658,1493,1469,450
472669,1487,1469,448
472679,1492,1469,448
472689,1490,1470,447
472699,1489,1470,443
472709,1492,1471,442
472720,1488,1471,439
472730,1493,1471,438
472740,1491,1472,436
472750,1488,1472,431
472760,1491,1472,429
472771,1487,1473,424
472781,1491,1473,420
472791,1491,1474,416
472801,1486,1474,409
472811,1493,1474,406
472822,1489,1475,401
472832,1490,1475,394
472842,1492,1475,391
472852,1483,1476,383
472862,1491,1476,377
472873,1488,1476,373
472883,1487,1477,364
472893,1490,1477,358
472903,1484,1477,350
472913,1487,1478,340
472924,1489,1478,334
RIM
472944,1150,1094,32
472954,1145,1095,52
472964,1145,1095,72
472975,1149,1096,96
472985,1142,1096,113
472995,1146,1096,134
473005,1144,1097,151
473015,1144,1097,170
473026,1148,1098,190
473036,1143,1098,207
473046,1148,1099,226
473056,1146,1099,245
473066,1143,1099,261
473077,1150,1100,281
473087,1145,1100,297
473097,1149,1101,316
473107,1149,1101,335
473117,1144,1102,348
473127,1151,1102,368
473138,1147,1102,384
473148,1148,1103,399
473158,1150,1103,417
473168,1145,1104,430
473178,1149,1104,446
473189,1147,1105,460
473199,1146,1105,472
473209,1150,1106,487
473219,1140,1106,495
473229,1148,1106,509
473240,1148,1107,521
473250,1144,1107,531
473260,1151,1108,544
473270,1146,1108,555
473280,1149,1109,565
473291,1150,1109,578
473301,1144,1110,585
473311,1151,1110,597
473321,1147,1110,607
473331,1147,1111,614
473342,1151,1111,625
473352,1146,1112,631
473362,1149,1112,640
473372,1149,1113,648
473382,1147,1113,654
473393,1151,1114,663
473403,1145,1114,667
473413,1147,1114,673
473423,1149,1115,679
473433,1145,1115,682
473444,1151,1116,689
473454,1147,1116,693
473464,1149,1117,696
473474,1151,1117,702
473484,1146,1118,703
473495,1150,1118,707
473505,1149,1118,711
473515,1147,1119,711
473525,1151,1119,716
473535,1146,1120,715
473546,1151,1120,717
473556,1150,1121,719
473566,1146,1121,716
473576,1152,1122,718
473586,1147,1122,716
473597,1149,1123,714
473607,1150,1123,714
473617,1147,1123,710
473627,1151,1124,708
473637,1149,1124,706
473648,1148,1125,701
473658,1151,1125,701
473668,1147,1126,694
473678,1151,1126,692
473688,1149,1127,687
473699,1149,1127,681
473709,1152,1128,678
473719,1146,1128,670
473729,1151,1129,664
473739,1151,1129,659
473750,1146,1129,649
473760,1150,1130,641
473770,1147,1130,633
473780,1150,1131,623
473790,1151,1131,616
473801,1147,1132,602
473811,1151,1132,593
473821,1147,1133,582
473831,1148,1133,570
473841,1152,1134,562
473852,1147,1134,548
473862,1150,1135,536
473872,1149,1135,526
473882,1147,1135,512
473892,1152,1136,501
473903,1148,1136,484
473913,1149,1137,469
473923,1156,1137,460
473933,1148,1138,438
473943,1153,1138,427
473954,1148,1139,409
473964,1150,1139,393
473974,1151,1140,377
473984,1147,1140,358
473994,1151,1141,341
474005,1148,1141,325
474015,1149,1141,306
474025,1152,1142,288
474035,1147,1142,266
474045,1151,1143,247
474056,1150,1143,230
474066,1147,1144,207
474076,1152,1144,190
474086,1147,1145,166
474096,1150,1145,145
474107,1150,1146,125
474117,1145,1146,100
474127,1152,1146,78
474137,1148,1147,53
474147,1150,1147,28
474158,1151,1148,6
OSM
474178,347,337,4
474188,338,337,4
474198,339,337,4
474209,340,337,4
474219,336,337,4
474229,335,337,4
474239,336,337,4
474249,337,337,4
474260,340,337,4
474270,336,337,4
474280,338,337,4
474290,336,337,4
474300,337,337,4
474311,339,337,4
474321,336,337,4
474331,335,337,4
474341,340,337,4
474351,336,337,4
474361,336,337,4
474372,335,337,4
474382,336,337,4
474392,340,337,4
474402,335,337,4
474412,335,337,4
474423,337,337,4
474433,338,337,4
474443,338,337,4
474453,334,337,4
474463,337,337,4
474473,339,337,4
474484,338,337,4
474494,337,337,4
474504,335,337,4
474514,337,337,4
474524,339,337,4
474535,336,337,4
474545,341,337,4
474555,337,337,4
474565,338,337,4
474575,337,337,4
474586,334,337,4
474596,338,337,4
474606,338,337,4
474616,336,337,4
474626,336,337,4
474636,336,337,4
474647,338,337,4
474657,339,337,4
474667,335,337,4
474677,336,337,4
474687,335,337,4
474698,340,337,4
474708,338,337,4
474718,334,337,4
474728,338,337,4
474738,338,337,4
474748,338,337,4
474759,338,337,4
474769,333,337,4
474779,337,337,4
474789,338,337,4
474799,336,337,4
474810,340,337,4
474820,336,337,4
474830,336,337,4
474840,337,337,4
474850,337,337,4
474861,337,337,4
474871,334,337,4
474881,338,337,4
474891,336,337,4
474901,335,337,4
474911,339,337,4
474922,337,337,4
474932,336,337,4
474942,336,337,4
474952,337,337,4
474962,338,337,4
474973,336,337,4
474983,332,337,4
474993,338,337,4
475003,337,337,4
475013,336,337,4
475023,337,337,4
475034,337,337,4
475044,340,337,4
475054,336,337,4
475064,337,337,4
475074,335,337,4
475085,335,337,4
475095,337,337,4
475105,335,337,4
475115,335,337,4
475125,337,337,4
475136,338,337,4
475146,338,337,4
475156,338,337,4
475166,340,337,4
475176,338,337,3
475186,334,337,3
475197,337,337,3
475207,336,337,3
475217,333,336,4
475227,338,336,4
475237,336,336,4
475248,337,336,4
475258,338,336,4
475268,333,336,4
475278,338,336,4
475288,335,336,4
475298,334,336,4
475309,336,336,4
475319,334,336,4
475329,338,336,4
475339,336,336,4
475349,335,336,4
475360,337,336,4
475370,336,336,4
475380,337,336,4
475390,335,336,4
SIM
475410,1491,1478,325
475421,1485,1479,313
475431,1488,1479,301
475441,1488,1480,289
475451,1487,1480,272
475461,1491,1480,261
475472,1484,1481,246
475482,1489,1481,231
475492,1490,1482,217
475502,1485,1482,200
475512,1490,1483,185
475523,1487,1483,170
475533,1487,1483,153
475543,1490,1484,136
475553,1486,1484,117
475563,1491,1485,101
475574,1489,1485,86
475584,1487,1485,70
475594,1489,1486,58
475604,1486,1486,43
475614,1490,1486,30
475625,1489,1487,18
475635,1486,1487,15
475645,1491,1487,15
475655,1486,1487,14
475665,1490,1487,13
475676,1491,1487,13
475686,1485,1487,12
475696,1491,1487,12
475706,1488,1487,12
475716,1488,1487,11
475727,1492,1488,10
475737,1485,1488,9
475747,1492,1488,9
475757,1490,1488,9
475767,1488,1488,8
475778,1491,1488,8
475788,1486,1488,7
475798,1491,1488,7
475808,1491,1488,7
475818,1487,1488,7
475829,1490,1488,7
475839,1487,1488,6
475849,1490,1488,6
475859,1491,1488,6
475869,1486,1488,6
475879,1490,1488,6
475890,1488,1488,6
475900,1489,1488,6
475910,1492,1488,6
475920,1487,1488,6
475930,1491,1488,6
475941,1489,1488,6
475951,1488,1489,5
475961,1490,1489,5
475971,1488,1489,5
475981,1492,1489,5
475992,1491,1489,5
476002,1486,1489,5
476012,1492,1489,5
476022,1490,1489,5
476032,1491,1489,5
476043,1492,1489,5
476053,1485,1489,5
476063,1491,1489,5
476073,1490,1489,5
476083,1490,1489,5
476094,1492,1489,5
476104,1486,1489,5
476114,1492,1489,5
476124,1492,1489,5
476134,1489,1489,5
476145,1493,1489,5
476155,1487,1489,5
476165,1490,1489,5
476175,1492,1489,5
476185,1486,1489,5
476196,1490,1489,5
476206,1487,1489,5
476216,1490,1489,5
476226,1493,1489,5
476236,1486,1489,5
476247,1493,1489,5
476257,1492,1489,6
476267,1489,1489,6
476277,1493,1489,6
476287,1487,1489,6
476298,1492,1489,6
476308,1491,1489,5
476318,1488,1489,5
476328,1493,1489,5
476338,1487,1489,5
476348,1491,1489,5
476359,1492,1489,5
476369,1487,1489,5
476379,1492,1489,5
476389,1488,1489,5
476399,1489,1489,5
476410,1492,1489,5
476420,1486,1489,5
476430,1491,1489,5
476440,1490,1489,5
476450,1488,1489,5
476461,1491,1489,5
476471,1487,1489,5
476481,1492,1489,5
476491,1491,1489,5
476501,1487,1489,5
476512,1492,1489,5
476522,1486,1489,5
476532,1487,1489,5
476542,1489,1489,5
476552,1482,1489,5
476563,1488,1489,5
476573,1482,1489,6
476583,1483,1488,7
476593,1480,1488,7
476603,1451,1488,19
476614,1450,1488,31
476624,1446,1487,46
RIM
476644,1109,1148,19
476654,1095,1147,43
476664,1099,1147,62
476675,1099,1146,81
476685,1094,1146,104
476695,1098,1146,123
476705,1094,1145,146
476715,1093,1145,168
476726,1095,1144,190
476736,1090,1144,214
476746,1094,1143,235
476756,1092,1143,257
476766,1090,1142,281
476777,1097,1142,297
476787,1089,1142,321
476797,1093,1141,341
476807,1094,1141,358
476817,1090,1140,380
476828,1095,1140,396
476838,1091,1139,416
476848,1093,1139,433
476858,1095,1138,449
476868,1090,1138,468
476879,1097,1137,482
476889,1092,1137,498
476899,1092,1137,514
476909,1097,1136,526
476919,1091,1136,543
476930,1096,1135,555
476940,1094,1135,568
476950,1092,1134,583
476960,1095,1134,594
476970,1091,1133,609
476981,1095,1133,619
476991,1095,1133,628
477001,1092,1132,641
477011,1095,1132,650
477021,1092,1131,662
477032,1094,1131,671
477042,1096,1130,678
477052,1091,1130,689
477062,1095,1129,697
477072,1091,1129,705
477083,1094,1128,714
477093,1097,1128,717
477103,1090,1128,727
477113,1096,1127,733
477123,1090,1127,740
477134,1093,1126,747
477144,1096,1126,750
477154,1090,1125,757
477164,1094,1125,760
477174,1097,1124,762
477185,1092,1124,766
477195,1096,1123,768
477205,1091,1123,771
477215,1095,1123,773
477225,1096,1122,772
477236,1091,1122,776
477246,1097,1121,774
477256,1092,1121,774
477266,1094,1120,775
477276,1096,1120,772
477287,1091,1119,773
477297,1095,1119,771
477307,1094,1118,768
477317,1091,1118,768
477327,1097,1117,763
477338,1091,1117,760
477348,1095,1117,756
477358,1096,1116,750
477368,1090,1116,748
477378,1095,1115,742
477389,1092,1115,736
477399,1092,1114,732
477409,1094,1114,723
477419,1092,1113,719
477429,1097,1113,709
477440,1094,1112,701
477450,1091,1112,695
477460,1095,1111,686
477470,1091,1111,678
477480,1095,1110,669
477491,1096,1110,656
477501,1091,1110,648
477511,1096,1109,636
477521,1093,1109,626
477531,1096,1108,615
477542,1098,1108,600
477552,1091,1107,590
477562,1095,1107,576
477572,1094,1106,563
477582,1094,1106,551
477593,1093,1105,535
477603,1092,1105,521
477613,1097,1105,506
477623,1096,1104,485
477633,1092,1104,470
477644,1099,1103,450
477654,1093,1103,434
477664,1095,1102,417
477674,1095,1102,397
477684,1093,1101,382
477695,1097,1101,361
477705,1093,1100,344
477715,1095,1100,324
477725,1095,1099,303
477735,1091,1099,284
477746,1097,1099,262
477756,1092,1098,240
477766,1094,1098,221
477776,1095,1097,197
477786,1092,1097,176
477797,1095,1096,153
477807,1094,1096,129
477817,1092,1095,110
477827,1096,1095,83
477837,1091,1094,60
477848,1093,1094,34
477858,1096,1093,8
OSM
477879,345,336,4
477889,340,336,4
477899,338,336,4
477909,340,336,4
477920,336,336,4
477930,339,336,4
477940,334,336,4
477950,339,336,4
477960,339,336,4
477970,335,336,4
477981,339,336,4
477991,336,336,4
478001,337,336,4
478011,337,336,4
478021,336,336,4
478032,335,336,4
478042,339,336,4
478052,336,336,4
478062,336,336,4
478072,337,336,4
478082,338,336,4
478093,336,336,4
478103,333,336,4
478113,338,336,4
478123,340,336,4
478133,337,336,4
478144,338,336,4
478154,338,336,4
478164,338,336,4
478174,339,336,4
478184,337,336,4
478194,339,336,4
478205,337,336,4
478215,338,336,4
478225,340,336,4
478235,337,336,4
478245,337,336,4
478256,335,336,4
478266,338,336,4
478276,342,336,4
478286,336,336,4
478296,338,336,4
478307,335,336,4
478317,338,336,4
478327,341,336,4
478337,337,336,4
478347,337,336,4
478357,338,336,4
478368,336,336,4
478378,341,337,3
478388,338,337,3
478398,335,337,3
478408,340,337,3
478419,339,337,3
478429,340,337,3
478439,334,337,4
478449,337,337,4
478459,336,337,4
478469,336,337,3
478480,337,337,3
478490,339,337,3
478500,339,337,3
478510,338,337,3
478520,335,337,3
478531,339,337,3
478541,341,337,4
478551,337,337,4
478561,338,337,4
478571,339,337,4
478582,339,337,4
478592,339,337,4
478602,339,337,4
478612,338,337,4
478622,337,337,4
478632,338,337,4
478643,339,337,4
478653,337,337,4
478663,338,337,4
478673,337,337,4
478683,337,337,3
478694,341,337,3
478704,337,337,3
478714,337,337,3
478724,341,337,4
478734,337,337,4
478745,339,337,4
478755,334,337,4
478765,338,337,4
478775,340,337,4
478785,336,337,4
478795,337,337,4
478806,336,337,4
478816,337,337,4
478826,339,337,4
478836,334,337,4
478846,338,337,4
478857,339,337,4
478867,338,337,4
478877,339,337,4
478887,334,337,4
478897,336,337,4
478907,340,337,4
478918,338,337,4
478928,336,337,4
478938,333,337,4
478948,337,337,4
478958,338,337,4
478969,334,337,4
478979,334,337,4
478989,337,337,4
478999,336,337,4
479009,339,337,4
479020,335,337,4
479030,338,337,4
479040,334,337,4
479050,336,337,4
479060,336,337,4
479070,334,337,4
479081,335,337,4
479091,335,337,4
SIM
479111,1444,1487,62
479121,1439,1487,81
479131,1442,1486,98
479142,1443,1486,114
479152,1441,1486,130
479162,1444,1485,145
479172,1441,1485,161
479182,1444,1484,176
479193,1444,1484,189
479203,1440,1484,205
479213,1444,1483,219
479223,1441,1483,233
479234,1442,1483,247
479244,1446,1482,258
479254,1439,1482,274
479264,1445,1481,285
479274,1442,1481,297
479285,1442,1481,310
479295,1444,1480,321
479305,1444,1480,332
479315,1444,1479,343
479325,1444,1479,352
479336,1440,1479,364
479346,1445,1478,373
479356,1440,1478,385
479366,1443,1478,394
479376,1444,1477,402
479387,1441,1477,413
479397,1444,1476,421
479407,1442,1476,429
479417,1443,1476,437
479427,1444,1475,444
479438,1439,1475,454
479448,1444,1474,461
479458,1442,1474,467
479468,1442,1474,474
479478,1446,1473,479
479489,1441,1473,486
479499,1443,1473,491
479509,1444,1472,495
479519,1441,1472,501
479529,1446,1471,505
479540,1438,1471,512
479550,1442,1471,516
479560,1444,1470,519
479570,1441,1470,524
479580,1444,1469,527
479591,1443,1469,530
479601,1453,1469,529
479611,1459,1469,525
479621,1454,1468,525
479631,1459,1468,521
479642,1458,1468,518
479652,1459,1467,517
479662,1463,1467,512
479672,1457,1467,509
479682,1460,1467,505
479693,1463,1466,501
479703,1458,1466,498
479713,1463,1466,493
479723,1457,1466,488
479733,1460,1465,484
479744,1459,1465,479
479754,1454,1465,476
479764,1462,1465,471
479774,1459,1464,467
479784,1458,1464,461
479795,1461,1464,455
479805,1457,1464,451
479815,1462,1463,446
479825,1460,1463,439
479835,1458,1463,433
479846,1462,1463,426
479856,1459,1462,422
479866,1460,1462,415
479876,1459,1462,408
479886,1454,1462,404
479897,1461,1461,398
479907,1456,1461,393
479917,1458,1461,386
479927,1457,1461,377
479937,1455,1460,373
479948,1458,1460,364
479958,1455,1460,356
479968,1452,1459,350
479978,1458,1459,340
479988,1450,1459,334
479999,1453,1458,326
480009,1455,1458,317
480019,1452,1458,310
480029,1456,1458,300
480039,1450,1457,294
480050,1454,1457,284
480060,1455,1457,274
480070,1451,1456,268
480080,1455,1456,257
480090,1453,1456,249
480101,1453,1455,240
480111,1456,1455,229
480121,1452,1455,221
480131,1455,1455,210
480141,1453,1454,200
480152,1452,1454,191
480162,1456,1454,180
480172,1450,1453,171
480182,1454,1453,159
480192,1454,1453,147
480203,1450,1452,138
480213,1456,1452,125
480223,1451,1452,115
480233,1456,1452,105
480243,1455,1451,94
480254,1450,1451,86
480264,1456,1451,75
480274,1452,1450,68
480284,1450,1450,59
480294,1454,1450,51
480305,1451,1450,51
480315,1453,1450,51
480325,1454,1450,51
RIM
480345,1113,1093,9
480355,1108,1094,10
480366,1108,1094,11
480376,1114,1094,14
480386,1107,1094,16
480396,1113,1094,18
480406,1109,1094,20
480417,1110,1094,22
480427,1114,1094,26
480437,1108,1095,26
480447,1113,1095,29
480457,1111,1095,31
480468,1110,1095,32
480478,1115,1095,36
480488,1110,1095,37
480498,1114,1096,39
480508,1117,1096,43
480519,1114,1096,45
480529,1120,1096,50
480539,1115,1096,53
480549,1119,1097,56
480559,1122,1097,61
480570,1116,1097,64
480580,1123,1097,69
480590,1120,1097,74
480600,1124,1098,78
480610,1125,1098,84
480621,1120,1098,88
480631,1125,1098,94
480641,1124,1099,98
480651,1121,1099,101
480661,1125,1099,107
480672,1119,1099,110
480682,1120,1100,112
480692,1120,1100,115
480702,1116,1100,117
480712,1120,1100,120
480723,1116,1100,121
480733,1116,1101,122
480743,1118,1101,124
480753,1113,1101,124
480763,1118,1101,126
480774,1115,1101,127
480784,1115,1102,127
480794,1118,1102,129
480804,1113,1102,129
480814,1117,1102,131
480825,1116,1102,131
480835,1113,1103,130
480845,1116,1103,131
480855,1112,1103,131
480865,1114,1103,131
480876,1116,1103,132
480886,1111,1103,132
480896,1116,1104,132
480906,1113,1104,131
480916,1114,1104,131
480927,1116,1104,132
480937,1110,1104,131
480947,1116,1104,131
480957,1114,1105,130
480967,1114,1105,130
480978,1118,1105,130
480988,1113,1105,129
480998,1116,1105,129
481008,1114,1105,129
481018,1112,1106,127
481029,1116,1106,127
481039,1111,1106,125
481049,1112,1106,124
481059,1114,1106,124
481069,1112,1106,122
481080,1117,1107,121
481090,1112,1107,120
481100,1113,1107,118
481110,1117,1107,117
481120,1110,1107,116
481131,1117,1107,116
481141,1112,1108,113
481151,1112,1108,111
481161,1116,1108,110
481171,1112,1108,108
481182,1114,1108,107
481192,1115,1108,106
481202,1106,1109,103
481212,1116,1109,102
481222,1111,1109,99
481233,1113,1109,98
481243,1117,1109,98
481253,1110,1109,95
481263,1115,1109,94
481273,1113,1110,91
481284,1113,1110,89
481294,1121,1110,87
481304,1112,1110,85
481314,1114,1110,83
481324,1113,1110,82
481335,1113,1111,78
481345,1115,1111,77
481355,1112,1111,74
481365,1115,1111,72
481375,1116,1111,70
481386,1112,1111,67
481396,1116,1112,65
481406,1112,1112,62
481416,1114,1112,59
481426,1117,1112,57
481436,1110,1112,54
481447,1115,1112,52
481457,1112,1113,47
481467,1113,1113,44
481477,1116,1113,42
481487,1112,1113,38
481498,1115,1113,35
481508,1115,1113,32
481518,1112,1114,28
481528,1118,1114,25
481538,1111,1114,21
481549,1115,1114,17
481559,1114,1114,14
OSM
481580,342,337,3
481590,335,337,3
481600,335,337,3
481610,333,337,4
481621,332,337,4
481631,334,337,4
481641,336,337,4
481651,334,337,4
481661,333,337,4
481671,333,337,4
481682,334,337,4
481692,334,337,4
481702,334,337,4
481712,335,337,4
481722,334,337,4
481733,336,337,4
481743,335,336,5
481753,331,336,5
481763,335,336,5
481773,330,336,6
481783,333,336,6
481794,334,336,6
481804,335,336,6
481814,335,336,6
481824,331,336,6
481834,334,336,6
481845,335,336,6
481855,333,336,6
481865,333,336,6
481875,332,336,6
481885,331,336,6
481896,337,336,6
481906,333,336,6
481916,334,336,6
481926,334,336,6
481936,332,336,6
481946,336,336,6
481957,333,336,6
481967,334,336,6
481977,333,336,6
481987,334,336,6
481997,335,336,6
482008,333,336,6
482018,334,336,6
482028,333,336,6
482038,332,335,7
482048,334,335,7
482059,334,335,7
482069,334,335,7
482079,332,335,7
482089,332,335,7
482099,332,335,7
482109,335,335,6
482120,331,335,6
482130,337,335,6
482140,334,335,6
482150,333,335,6
482160,332,335,6
482171,332,335,6
482181,335,335,6
482191,333,335,6
482201,332,335,6
482211,334,335,6
482221,333,335,6
482232,333,335,6
482242,336,335,6
482252,332,335,6
482262,331,335,6
482272,331,335,6
482283,332,335,6
482293,334,334,7
482303,333,334,6
482313,335,334,6
482323,333,334,6
482334,333,334,6
482344,336,334,6
482354,333,334,6
482364,335,334,6
482374,331,334,6
482384,331,334,6
482395,334,334,5
482405,330,334,5
482415,337,334,5
482425,334,334,5
482435,332,334,5
482446,334,334,5
482456,332,334,5
482466,335,334,5
482476,333,334,4
482486,330,334,5
482497,334,334,4
482507,332,334,4
482517,336,334,4
482527,334,334,4
482537,333,334,4
482547,334,334,4
482558,332,334,4
482568,333,333,5
482578,333,333,4
482588,333,333,4
482598,332,333,4
482609,334,333,4
482619,333,333,4
482629,334,333,4
482639,337,333,4
482649,333,333,4
482659,336,333,4
482670,333,333,4
482680,337,333,4
482690,333,333,4
482700,335,333,4
482710,336,333,3
482721,329,333,3
482731,338,333,3
482741,335,333,3
482751,333,333,3
482761,333,333,3
482771,333,333,3
482782,336,333,3
482792,335,333,3
SIM
482812,1465,1450,53
482822,1458,1450,53
482833,1464,1451,52
482843,1463,1451,53
482853,1461,1451,53
482863,1463,1451,54
482873,1460,1451,54
482884,1462,1451,54
482894,1463,1452,54
482904,1458,1452,53
482914,1465,1452,54
482924,1458,1452,53
482935,1461,1452,53
482945,1463,1452,54
482955,1460,1452,53
482965,1462,1453,52
482975,1461,1453,52
482985,1463,1453,51
482996,1463,1453,52
483006,1458,1453,51
483016,1461,1453,51
483026,1463,1454,50
483036,1458,1454,49
483047,1464,1454,49
483057,1461,1454,48
483067,1461,1454,47
483077,1464,1454,47
483087,1459,1454,46
483098,1464,1455,44
483108,1461,1455,43
483118,1460,1455,42
483128,1464,1455,42
483138,1459,1455,40
483149,1464,1455,40
483159,1461,1456,37
483169,1460,1456,36
483179,1464,1456,36
483189,1460,1456,34
483200,1463,1456,33
483210,1464,1456,32
483220,1458,1457,29
483230,1464,1457,29
483240,1459,1457,26
483251,1463,1457,24
483261,1463,1457,23
483271,1456,1457,21
483281,1464,1458,19
483291,1460,1458,17
483302,1460,1458,17
483312,1464,1458,17
483322,1458,1458,17
483332,1462,1458,17
483342,1462,1458,17
483353,1460,1458,17
483363,1463,1458,17
483373,1459,1458,17
483383,1459,1458,17
483393,1462,1458,17
483404,1459,1458,17
483414,1463,1458,17
483424,1460,1458,17
483434,1462,1458,17
483444,1463,1458,17
483455,1460,1458,17
483465,1462,1458,17
483475,1462,1458,17
483485,1461,1458,18
483495,1464,1458,18
483506,1458,1458,18
483516,1462,1458,18
483526,1462,1458,18
483536,1459,1458,18
483546,1464,1458,18
483557,1461,1458,18
483567,1462,1458,18
483577,1463,1458,18
483587,1459,1458,18
483597,1464,1458,18
483608,1461,1458,19
483618,1462,1458,19
483628,1464,1458,19
483638,1458,1458,19
483648,1459,1458,19
483659,1462,1458,19
483669,1460,1459,18
483679,1463,1459,18
483689,1459,1459,17
483699,1463,1459,17
483710,1463,1459,17
483720,1460,1459,17
483730,1465,1459,17
483740,1460,1459,16
483750,1464,1459,16
483761,1464,1459,16
483771,1459,1459,16
483781,1462,1459,16
483791,1460,1459,15
483801,1460,1459,15
483812,1464,1459,15
483822,1462,1460,14
483832,1463,1460,14
483842,1462,1460,13
483852,1461,1460,13
483863,1466,1460,13
483873,1460,1460,12
483883,1463,1460,12
483893,1463,1460,11
483903,1459,1460,11
483914,1464,1460,11
483924,1461,1460,10
483934,1463,1460,10
483944,1465,1460,10
483954,1459,1461,8
483965,1464,1461,8
483975,1461,1461,7
483985,1460,1461,6
483995,1464,1461,6
484005,1459,1461,5
484016,1462,1461,5
484026,1462,1461,4
RIM
484046,1122,1114,15
484056,1113,1114,15
484067,1116,1114,14
484077,1117,1114,14
484087,1112,1115,13
484097,1116,1115,13
484107,1114,1115,13
484117,1114,1115,12
484128,1116,1115,12
484138,1112,1115,12
484148,1116,1115,12
484158,1116,1115,12
484168,1113,1115,12
484179,1116,1115,12
484189,1114,1115,12
484199,1117,1115,12
484209,1116,1115,12
484219,1112,1115,12
484230,1117,1115,11
484240,1113,1115,11
484250,1114,1115,11
484260,1117,1115,11
484270,1111,1115,11
484281,1117,1115,11
484291,1115,1115,10
484301,1114,1114,11
484311,1118,1114,10
484321,1113,1114,9
484332,1115,1114,8
484342,1116,1114,8
484352,1114,1114,7
484362,1118,1114,6
484372,1112,1114,6
484383,1115,1114,6
484393,1116,1114,6
484403,1113,1114,6
484413,1122,1114,6
484423,1118,1114,6
484434,1114,1114,6
484444,1117,1114,6
484454,1111,1114,6
484464,1117,1114,6
484474,1114,1114,6
484485,1112,1114,6
484495,1116,1114,6
484505,1112,1114,6
484515,1121,1114,6
484525,1115,1114,6
484535,1112,1114,6
484546,1117,1114,6
484556,1111,1114,6
484566,1113,1114,6
484576,1117,1114,6
484586,1112,1114,6
484597,1115,1114,6
484607,1113,1114,6
484617,1114,1114,6
484627,1116,1114,6
484637,1111,1114,6
484648,1115,1114,6
484658,1114,1114,6
484668,1110,1114,6
484678,1123,1114,7
484688,1111,1114,7
484699,1112,1114,7
484709,1113,1114,7
484719,1113,1114,7
484729,1121,1114,7
484739,1111,1114,7
484750,1115,1114,7
484760,1116,1114,7
484770,1111,1114,7
484780,1118,1114,7
484790,1113,1114,7
484800,1114,1114,7
484811,1115,1114,7
484821,1109,1114,7
484831,1115,1114,7
484841,1113,1114,7
484851,1113,1114,7
484862,1116,1114,7
484872,1110,1114,7
484882,1115,1114,7
484892,1115,1114,7
484902,1113,1114,7
484913,1117,1114,7
484923,1112,1114,7
484933,1114,1114,7
484943,1118,1114,7
484953,1116,1114,7
484964,1116,1114,7
484974,1112,1114,7
484984,1114,1114,7
484994,1118,1114,7
485004,1112,1114,7
485015,1116,1114,7
485025,1114,1114,7
485035,1112,1114,7
485045,1116,1114,7
485055,1111,1114,7
485065,1116,1114,7
485076,1115,1114,7
485086,1113,1114,7
485096,1118,1114,7
485106,1112,1114,7
485116,1115,1114,7
485127,1117,1114,7
485137,1110,1114,7
485147,1117,1114,7
485157,1115,1114,7
485167,1114,1114,7
485178,1118,1114,7
485188,1112,1114,7
485198,1115,1114,7
485208,1113,1114,7
485218,1113,1114,7
485229,1116,1114,7
485239,1111,1114,7
485249,1116,1114,7
485259,1116,1114,7
OSM
485280,342,333,3
485290,333,333,3
485300,335,333,3
485310,342,333,4
485320,332,333,4
485331,335,333,4
485341,333,333,4
485351,334,333,4
485361,335,333,4
485371,334,333,4
485382,334,333,4
485392,333,333,4
485402,336,333,4
485412,335,333,4
485422,332,333,4
485433,333,333,4
485443,334,333,4
485453,330,333,4
485463,332,333,4
485473,334,333,4
485483,331,333,4
485494,333,333,4
485504,331,333,4
485514,333,333,4
485524,334,333,4
485534,335,333,4
485545,333,333,4
485555,333,333,4
485565,336,333,4
485575,334,333,4
485585,332,333,4
485596,337,333,4
485606,334,333,4
485616,337,333,4
485626,335,333,4
485636,336,333,4
485646,337,333,4
485657,337,333,4
485667,334,333,4
485677,336,333,4
485687,334,333,4
485697,338,333,5
485708,334,333,5
485718,333,333,5
485728,336,333,5
485738,335,333,5
485748,336,333,5
485758,333,333,5
485769,332,333,5
485779,336,333,5
485789,335,333,5
485799,334,333,5
485809,336,333,5
485820,336,333,5
485830,337,333,5
485840,332,333,5
485850,335,333,5
485860,337,334,4
485871,333,334,4
485881,339,334,4
485891,335,334,4
485901,337,334,4
485911,338,334,4
485921,334,334,4
485932,338,334,4
485942,336,334,4
485952,338,334,5
485962,340,334,5
485972,334,334,5
485983,338,334,5
485993,341,334,5
486003,337,334,5
486013,336,334,5
486023,336,334,5
486033,340,334,6
486044,340,334,6
486054,336,334,6
486064,338,334,6
486074,338,334,6
486084,337,334,6
486095,338,334,6
486105,334,334,6
486115,338,334,6
486125,338,334,6
486135,337,334,6
486146,338,334,6
486156,335,334,6
486166,340,335,6
486176,338,335,6
486186,337,335,5
486196,337,335,6
486207,336,335,5
486217,336,335,5
486227,339,335,6
486237,337,335,6
486247,337,335,6
486258,336,335,6
486268,337,335,6
486278,339,335,6
486288,333,335,6
486298,338,335,6
486308,338,335,6
486319,337,335,6
486329,338,335,6
486339,336,335,6
486349,340,335,6
486359,338,335,6
486370,337,335,6
486380,337,335,6
486390,337,335,6
486400,337,335,6
486410,337,335,6
486421,336,335,6
486431,339,335,6
486441,337,335,6
486451,335,335,6
486461,337,335,6
486471,334,335,6
486482,338,335,6
486492,337,335,6
SIM
486512,1450,1461,5
486522,1443,1461,8
486533,1448,1461,9
486543,1447,1461,11
486553,1445,1460,14
486563,1448,1460,15
486573,1444,1460,17
486583,1447,1460,18
486594,1447,1460,20
486604,1443,1460,22
486614,1447,1460,23
486624,1444,1460,25
486634,1446,1459,28
486645,1448,1459,28
486655,1442,1459,31
486665,1447,1459,32
486675,1444,1459,34
486686,1444,1459,36
486696,1448,1459,36
486706,1442,1458,40
486716,1447,1458,41
486726,1444,1458,42
486736,1444,1458,44
486747,1448,1458,44
486757,1441,1458,47
486767,1446,1458,48
486777,1447,1457,49
486787,1443,1457,51
486798,1447,1457,51
486808,1443,1457,53
486818,1446,1457,54
486828,1447,1457,54
486838,1443,1457,56
486849,1448,1457,56
486859,1444,1456,58
486869,1446,1456,59
486879,1448,1456,59
486889,1442,1456,60
486900,1447,1456,60
486910,1445,1456,61
486920,1445,1456,62
486930,1447,1455,63
486940,1443,1455,64
486951,1446,1455,64
486961,1447,1455,64
486971,1443,1455,65
486981,1448,1455,65
486991,1442,1455,66
487002,1446,1455,67
487012,1447,1454,67
487022,1441,1454,69
487032,1447,1454,68
487043,1445,1454,69
487053,1444,1454,69
487063,1448,1454,69
487073,1442,1454,70
487083,1447,1453,71
487093,1446,1453,71
487104,1444,1453,71
487114,1447,1453,70
487124,1443,1453,71
487134,1447,1453,71
487144,1448,1453,70
487155,1442,1453,70
487165,1448,1452,71
487175,1443,1452,71
487185,1445,1452,70
487196,1447,1452,69
487206,1446,1452,69
487216,1447,1452,69
487226,1445,1452,68
487236,1445,1451,69
487246,1449,1451,68
487257,1442,1451,68
487267,1446,1451,67
487277,1446,1451,66
487287,1444,1451,66
487297,1448,1451,65
487308,1445,1451,64
487318,1447,1450,64
487328,1446,1450,62
487338,1444,1450,62
487348,1447,1450,62
487359,1439,1450,61
487369,1445,1450,61
487379,1447,1450,60
487389,1443,1449,60
487400,1446,1449,59
487410,1446,1449,57
487420,1444,1449,56
487430,1449,1449,54
487440,1442,1449,54
487450,1448,1449,52
487461,1447,1448,51
487471,1443,1448,50
487481,1447,1448,48
487491,1444,1448,47
487502,1447,1448,46
487512,1447,1448,44
487522,1441,1448,43
487532,1446,1448,41
487542,1446,1447,40
487553,1445,1447,39
487563,1448,1447,36
487573,1444,1447,34
487583,1448,1447,32
487593,1446,1447,30
487604,1444,1447,29
487614,1449,1446,27
487624,1442,1446,26
487634,1445,1446,23
487644,1448,1446,20
487654,1442,1446,19
487665,1447,1446,16
487675,1442,1446,15
487685,1445,1445,14
487695,1446,1445,11
487706,1441,1445,9
487716,1444,1445,7
487726,1444,1445,5
RIM
487746,1095,1114,9
487756,1091,1114,14
487767,1089,1113,20
487777,1098,1113,22
487787,1088,1113,27
487797,1093,1113,30
487808,1090,1113,34
487818,1092,1113,38
487828,1092,1112,42
487838,1088,1112,47
487848,1092,1112,50
487859,1092,1112,54
487869,1090,1112,58
487879,1093,1111,61
487889,1090,1111,65
487899,1088,1111,69
487910,1093,1111,71
487920,1089,1111,75
487930,1093,1110,78
487940,1090,1110,82
487950,1092,1110,84
487961,1095,1110,86
487971,1090,1110,89
487981,1092,1109,92
487991,1092,1109,94
488001,1090,1109,97
488012,1096,1109,98
488022,1090,1109,101
488032,1092,1108,104
488042,1092,1108,105
488052,1090,1108,108
488063,1095,1108,108
488073,1090,1108,111
488083,1094,1107,113
488093,1095,1107,114
488103,1088,1107,116
488114,1094,1107,116
488124,1089,1107,118
488134,1090,1106,120
488144,1093,1106,121
488154,1090,1106,123
488165,1095,1106,123
488175,1092,1106,124
488185,1090,1106,126
488195,1094,1105,127
488205,1088,1105,129
488216,1092,1105,128
488226,1092,1105,129
488236,1090,1105,130
488246,1096,1104,130
488256,1091,1104,131
488267,1093,1104,131
488277,1094,1104,131
488287,1089,1104,132
488297,1093,1103,133
488307,1092,1103,133
488318,1092,1103,133
488328,1095,1103,132
488338,1091,1103,133
488348,1093,1103,133
488358,1091,1102,134
488369,1091,1102,134
488379,1094,1102,131
488389,1089,1102,132
488399,1092,1102,132
488409,1095,1101,132
488420,1092,1101,131
488430,1095,1101,128
488440,1090,1101,129
488450,1094,1101,127
488460,1095,1101,126
488471,1090,1100,127
488481,1094,1100,124
488491,1091,1100,124
488501,1093,1100,122
488511,1098,1100,121
488522,1092,1100,120
488532,1100,1099,119
488542,1094,1099,118
488552,1093,1099,117
488562,1095,1099,114
488573,1091,1099,114
488583,1093,1099,112
488593,1094,1098,111
488603,1091,1098,109
488613,1097,1098,106
488624,1092,1098,105
488634,1092,1098,103
488644,1094,1097,101
488654,1090,1097,98
488664,1095,1097,95
488675,1091,1097,94
488685,1093,1097,91
488695,1096,1097,88
488705,1090,1096,87
488715,1095,1096,84
488726,1093,1096,81
488736,1091,1096,79
488746,1095,1096,76
488756,1091,1096,74
488766,1094,1095,72
488777,1094,1095,68
488787,1089,1095,66
488797,1098,1095,62
488807,1086,1095,60
488817,1094,1094,57
488828,1097,1094,53
488838,1093,1094,51
488848,1094,1094,46
488858,1093,1094,43
488868,1094,1094,39
488879,1095,1093,35
488889,1091,1093,32
488899,1095,1093,28
488909,1093,1093,25
488919,1091,1093,22
488930,1097,1093,17
488940,1092,1092,15
488950,1094,1092,11
488960,1096,1092,6
OSM
488981,345,335,6
488991,339,335,6
489001,341,336,6
489011,339,335,6
489021,336,336,5
489032,339,336,5
489042,346,336,6
489052,338,336,6
489062,339,336,6
489072,336,336,6
489083,338,336,6
489093,336,336,6
489103,338,336,6
489113,341,336,6
489123,338,336,6
489134,344,336,7
489144,338,336,7
489154,337,336,6
489164,337,336,6
489174,343,336,7
489184,343,336,7
489195,341,336,7
489205,336,336,7
489215,338,336,7
489225,338,337,6
489235,337,337,6
489246,336,337,6
489256,336,337,5
489266,339,337,5
489276,335,337,5
489286,336,337,5
489297,338,337,5
489307,336,337,5
489317,343,337,5
489327,338,337,5
489337,336,337,5
489347,338,337,5
489358,336,337,5
489368,339,337,5
489378,338,337,5
489388,337,337,5
489398,339,337,5
489409,334,337,5
489419,338,337,5
489429,338,337,5
489439,337,337,5
489449,338,337,5
489459,340,337,5
489470,336,337,5
489480,344,337,5
489490,336,337,5
489500,337,337,5
489510,340,337,5
489521,337,337,5
489531,339,337,5
489541,335,337,5
489551,338,337,5
489561,340,337,5
489572,336,337,5
489582,337,337,5
489592,335,337,5
489602,336,337,5
489612,338,337,5
489622,338,337,5
489633,339,337,5
489643,337,337,5
489653,335,337,5
489663,339,337,5
489673,336,337,5
489684,338,337,5
489694,339,337,5
489704,337,337,5
489714,336,337,5
489724,338,337,5
489734,338,337,5
489745,338,337,5
489755,343,337,5
489765,339,337,5
489775,337,337,5
489785,341,337,5
489796,339,337,5
