Polling for available serial device...
Opening serial monitor for com port: "/dev/ttyACM0"
Serial monitor opened successfully:
824739,862,939,6503
824749,861,938,6457
824760,867,936,6396
824770,861,934,6308
824780,869,933,6271
824790,861,932,6233
824800,860,930,6148
824811,869,928,6059
824821,860,927,5999
824831,866,925,5891
824841,863,924,5792
824851,860,922,5703
824861,871,921,5590
824872,860,919,5468
824882,866,918,5356
824892,866,916,5225
824902,861,914,5080
824912,869,913,4936
824923,858,911,4780
824933,865,910,4645
824943,868,908,4547
824953,861,907,4456
824963,866,906,4383
824974,862,905,4323
824984,862,904,4261
824994,870,902,4180
825004,858,901,4104
825014,866,900,4026
825025,863,899,3944
825035,866,898,3860
825045,868,897,3777
825055,859,895,3693
825065,865,894,3609
825076,868,893,3512
825086,860,892,3418
825096,869,891,3318
825106,862,890,3210
825116,863,888,3112
825127,869,887,3006
825137,861,886,2898
825147,869,885,2790
825157,863,884,2675
825167,862,883,2570
825178,873,882,2448
825188,859,880,2328
825198,868,879,2208
825208,866,878,2077
825218,862,877,1963
825229,870,876,1836
825239,857,875,1699
825249,866,874,1565
825259,867,872,1424
825269,861,871,1282
825280,871,870,1144
825290,864,869,987
825300,864,868,838
825310,868,867,680
825320,861,865,524
825330,869,864,364
825341,863,863,189
825351,863,862,26
OSM
825372,419,413,21
825382,418,413,21
825392,419,413,21
825402,417,413,21
825413,419,413,21
825423,418,414,21
825433,419,414,20
825443,418,414,20
825453,418,414,20
825463,421,414,20
825474,415,414,20
825484,418,414,19
825494,418,414,19
825504,416,414,18
825514,416,414,18
825525,416,414,18
825535,419,414,17
825545,418,415,16
825555,416,415,15
825565,419,415,15
825576,419,415,15
825586,418,415,15
825596,420,415,14
825606,423,415,15
825616,418,415,14
825626,416,415,14
825637,419,415,14
825647,419,415,14
825657,416,416,12
825667,419,416,11
825677,420,416,11
825688,417,416,11
825698,418,416,11
825708,423,416,10
825718,416,416,10
825728,418,416,10
825739,416,416,9
825749,417,416,9
825759,418,416,8
825769,426,416,9
825779,418,416,8
825789,415,417,7
825800,416,417,7
825810,417,417,7
825820,418,417,6
825830,419,417,6
825840,414,417,6
825851,418,417,6
825861,420,417,6
825871,417,417,5
825881,415,417,5
825891,417,417,5
825902,418,417,5
825912,418,417,5
825922,417,417,5
825932,416,417,5
825942,417,417,5
825952,418,417,4
825963,418,417,4
825973,417,417,4
825983,418,417,4
825993,416,417,4
826003,417,417,4
826014,420,417,4
826024,418,417,4
826034,418,417,4
826044,419,417,4
826054,415,417,4
826064,419,417,4
826075,416,417,4
826085,419,417,4
826095,419,417,4
826105,415,417,4
826115,418,417,4
826126,421,417,4
826136,417,417,4
826146,417,417,4
826156,417,417,4
826166,418,417,4
826176,416,417,4
826187,417,417,4
826197,413,417,4
826207,416,417,4
826217,420,417,4
826227,414,417,4
826238,416,417,4
826248,418,417,4
826258,419,417,4
826268,419,417,4
826278,417,417,4
826289,420,417,4
826299,418,417,4
826309,417,417,4
826319,417,417,4
826329,419,417,4
826339,416,417,4
826350,417,417,4
826360,418,417,4
826370,420,417,4
826380,423,417,4
826390,420,417,4
826401,417,417,4
826411,417,417,4
826421,416,417,4
826431,421,417,4
826441,417,417,4
826451,415,417,4
826462,417,417,4
826472,417,417,4
826482,418,417,4
826492,415,417,4
826502,417,417,4
826513,418,417,4
826523,419,417,4
826533,418,417,4
826543,423,417,4
826553,419,417,4
826564,420,417,4
826574,417,417,4
826584,417,417,4
SIM
826604,1385,1384,5
826614,1390,1384,5
826625,1385,1384,5
826635,1387,1384,5
826645,1386,1384,5
826655,1384,1384,5
826665,1388,1384,5
826676,1384,1384,5
826686,1385,1384,5
826696,1388,1384,5
826706,1382,1384,5
826716,1388,1384,5
826727,1386,1384,5
826737,1385,1384,5
826747,1387,1384,5
826757,1382,1384,5
826767,1386,1384,5
826777,1386,1384,5
826788,1386,1384,5
826798,1386,1384,5
826808,1381,1384,5
826818,1387,1384,5
826828,1387,1384,5
826839,1385,1384,5
826849,1387,1384,5
826859,1383,1384,5
826869,1385,1384,5
826879,1387,1384,5
826890,1383,1384,5
826900,1386,1384,5
826910,1384,1384,5
826920,1385,1384,5
826930,1388,1384,5
826941,1384,1384,5
826951,1386,1384,5
826961,1386,1384,5
826971,1384,1384,5
826981,1388,1384,5
826992,1384,1384,5
827002,1387,1384,5
827012,1386,1384,5
827022,1384,1384,5
827032,1389,1384,5
827043,1386,1384,5
827053,1383,1384,5
827063,1389,1385,4
827073,1383,1384,5
827083,1385,1385,4
827093,1385,1384,5
827104,1385,1385,4
827114,1389,1385,4
827124,1383,1385,4
827134,1388,1385,4
827144,1388,1385,4
827155,1383,1385,4
827165,1387,1385,4
827175,1384,1385,4
827185,1386,1385,4
827195,1387,1385,4
827206,1384,1385,4
827216,1387,1385,4
827226,1385,1385,4
827236,1385,1385,4
827246,1387,1385,4
827257,1384,1385,4
827267,1386,1385,4
827277,1385,1385,4
827287,1382,1385,4
827297,1390,1385,4
827308,1383,1385,4
827318,1386,1385,4
827328,1387,1385,4
827338,1385,1385,4
827348,1388,1385,4
827359,1383,1385,4
827369,1387,1385,4
827379,1388,1385,4
827389,1383,1385,4
827399,1388,1385,4
827409,1384,1385,4
827420,1384,1385,4
827430,1386,1385,4
827440,1383,1385,4
827450,1387,1385,4
827460,1385,1385,4
827471,1381,1385,4
827481,1388,1385,4
827491,1384,1385,4
827501,1386,1385,4
827511,1387,1385,4
827522,1383,1385,4
827532,1387,1385,4
827542,1384,1385,4
827552,1386,1385,4
827562,1387,1385,4
827573,1382,1385,4
827583,1388,1385,4
827593,1386,1385,4
827603,1385,1385,4
827613,1386,1385,4
827624,1384,1385,4
827634,1387,1385,4
827644,1385,1385,4
827654,1385,1385,4
827664,1388,1385,4
827675,1383,1385,4
827685,1389,1385,4
827695,1386,1385,4
827705,1384,1385,4
827715,1389,1385,4
827726,1385,1385,4
827736,1387,1385,4
827746,1387,1385,4
827756,1381,1385,4
827766,1390,1385,4
827777,1385,1385,4
827787,1384,1385,4
827797,1389,1385,4
827807,1382,1385,4
827817,1388,1385,4
RIM
827838,881,862,28
827848,875,862,28
827858,867,862,28
827868,869,863,25
827878,873,863,26
827889,865,863,25
827899,874,863,25
827909,868,863,25
827919,866,863,23
827929,873,863,24
827940,864,863,23
827950,871,864,22
827960,870,864,22
827970,865,864,21
827980,873,864,22
827990,866,864,22
828001,867,864,21
828011,872,864,22
828021,865,864,21
828031,872,864,22
828041,865,864,22
828052,867,864,21
828062,872,864,22
828072,862,864,22
828082,870,865,21
828092,868,865,21
828103,866,865,20
828113,872,865,21
828123,862,865,20
828133,870,865,20
828143,869,865,20
828153,862,865,20
828164,872,865,20
828174,864,865,20
828184,864,865,20
828194,872,865,20
828204,863,865,20
828215,870,865,20
828225,865,865,20
828235,864,865,20
828245,868,865,20
828255,862,865,20
828266,872,865,20
828276,866,865,20
828286,863,865,19
828296,872,865,20
828306,862,865,20
828317,865,865,20
828327,869,865,20
828337,864,865,19
828347,872,865,20
828357,863,865,20
828367,865,865,20
828378,870,865,20
828388,863,866,18
828398,871,866,19
828408,863,866,18
828418,863,866,18
828429,871,866,18
828439,862,866,18
828449,871,866,18
828459,865,866,18
828469,865,866,18
828480,870,866,18
828490,860,866,18
828500,867,866,18
828510,868,866,18
828520,864,866,18
828530,871,866,18
828541,863,866,18
828551,867,866,18
828561,870,866,18
828571,862,866,17
828581,870,866,18
828592,865,866,18
828602,864,866,17
828612,871,866,17
828622,861,866,17
828632,867,866,17
828643,868,866,17
828653,863,866,17
828663,870,866,17
828673,864,866,17
828683,867,866,17
828693,867,866,17
828704,863,866,16
828714,871,866,17
828724,862,866,17
828734,865,866,17
828744,870,866,17
828755,860,866,17
828765,869,866,17
828775,864,866,17
828785,863,866,16
828795,872,866,17
828806,862,866,17
828816,868,866,17
828826,867,866,17
828836,863,866,16
828846,871,866,17
828856,860,866,17
828867,868,866,17
828877,867,866,16
828887,862,866,16
828897,872,866,16
828907,860,866,17
828918,862,866,17
828928,870,866,17
828938,861,866,16
828948,868,866,16
828958,864,866,16
828969,864,866,16
828979,871,866,16
828989,862,866,16
828999,867,866,16
829009,866,866,16
829019,863,866,16
829030,870,866,16
829040,862,866,16
829050,867,866,16
OSM
829071,420,417,4
829081,420,417,4
829091,419,417,4
829101,417,417,4
829112,418,417,4
829122,418,417,4
829132,420,417,4
829142,418,417,4
829152,418,417,4
829162,421,417,4
829173,418,417,4
829183,418,417,4
829193,415,417,4
829203,419,417,4
829213,419,417,4
829224,416,417,4
829234,418,417,4
829244,419,417,4
829254,419,417,4
829264,417,417,4
829274,415,417,4
829285,419,417,4
829295,418,417,4
829305,414,417,4
829315,417,417,4
829325,418,417,4
829336,419,417,4
829346,418,417,4
829356,418,417,4
829366,418,417,4
829376,417,417,4
829387,417,417,4
829397,420,417,4
829407,418,417,4
829417,418,417,4
829427,419,417,4
829437,420,417,4
829448,421,417,4
829458,417,417,4
829468,415,417,3
829478,419,417,3
829488,419,417,3
829499,419,417,3
829509,415,417,3
829519,425,417,4
829529,420,417,4
829539,418,417,4
829550,423,417,4
829560,415,417,4
829570,418,417,4
829580,419,417,4
829590,417,417,4
829600,417,417,4
829611,419,417,4
829621,415,417,4
829631,419,417,4
829641,420,417,4
829651,418,417,4
829662,421,418,3
829672,418,418,3
829682,417,418,3
829692,419,418,3
829702,418,418,3
829712,417,418,3
829723,416,418,3
829733,419,418,3
829743,419,418,3
829753,418,418,3
829763,417,418,3
829774,418,418,3
829784,421,418,3
829794,417,418,3
829804,416,418,3
829814,420,418,3
829825,417,418,3
829835,417,418,3
829845,418,418,3
829855,419,418,3
829865,419,418,3
829875,416,418,3
829886,417,418,3
829896,418,418,3
829906,416,418,3
829916,425,418,3
829926,418,418,3
829937,420,418,3
829947,418,418,3
829957,415,418,3
829967,418,418,3
829977,419,418,3
829987,416,418,3
829998,419,418,3
830008,418,418,3
830018,417,418,3
830028,419,418,3
830038,416,418,3
830049,417,418,3
830059,418,418,3
830069,419,418,3
830079,418,418,3
830089,417,418,3
830100,419,418,3
830110,417,418,3
830120,417,418,3
830130,417,418,3
830140,418,418,3
830150,420,418,3
830161,421,418,3
830171,417,418,3
830181,418,418,3
830191,417,418,3
830201,416,418,3
830212,420,418,3
830222,420,418,3
830232,419,418,3
830242,418,418,3
830252,418,418,3
830262,416,418,3
830273,415,418,3
830283,418,418,3
SIM
830303,1388,1385,4
830313,1388,1385,4
830324,1382,1385,4
830334,1388,1385,4
830344,1387,1385,4
830354,1385,1385,4
830364,1390,1385,4
830375,1383,1385,4
830385,1387,1385,4
830395,1387,1385,4
830405,1385,1385,4
830415,1388,1385,4
830426,1383,1385,4
830436,1386,1385,4
830446,1387,1385,4
830456,1383,1385,4
830466,1388,1385,4
830476,1386,1385,4
830487,1385,1385,4
830497,1389,1385,4
830507,1384,1385,4
830517,1386,1385,4
830527,1386,1385,4
830538,1384,1385,4
830548,1387,1385,4
830558,1382,1385,4
830568,1385,1385,4
830578,1388,1385,4
830589,1383,1385,4
830599,1387,1385,4
830609,1385,1385,4
830619,1387,1385,4
830629,1388,1385,4
830640,1383,1385,4
830650,1388,1385,5
830660,1385,1385,5
830670,1385,1385,4
830680,1388,1385,4
830691,1382,1385,5
830701,1388,1385,5
830711,1386,1385,5
830721,1384,1385,5
830731,1388,1385,5
830742,1383,1385,5
830752,1388,1385,5
830762,1385,1385,4
830772,1384,1385,4
830782,1389,1385,5
830792,1383,1385,5
830803,1386,1385,5
830813,1387,1385,5
830823,1383,1385,5
830833,1389,1385,5
830843,1384,1385,5
830854,1386,1385,4
830864,1384,1385,4
830874,1382,1385,5
830884,1389,1385,5
830894,1385,1385,5
830905,1385,1385,5
830915,1387,1385,5
830925,1383,1385,5
830935,1387,1385,5
830945,1387,1385,5
830956,1384,1385,5
830966,1388,1385,5
830976,1383,1385,5
830986,1386,1385,5
830996,1386,1385,5
831007,1383,1385,5
831017,1387,1385,5
831027,1386,1385,5
831037,1385,1385,5
831047,1387,1385,4
831058,1385,1385,4
831068,1388,1385,4
831078,1388,1385,4
831088,1385,1385,4
831098,1388,1385,4
831108,1385,1385,4
831119,1387,1385,4
831129,1387,1385,4
831139,1384,1385,4
831149,1388,1385,5
831159,1385,1385,5
831170,1385,1385,4
831180,1387,1385,4
831190,1383,1385,4
831200,1389,1385,4
831210,1385,1385,4
831221,1385,1385,4
831231,1386,1385,4
831241,1383,1385,4
831251,1387,1385,4
831261,1385,1385,4
831272,1383,1385,4
831282,1389,1385,4
831292,1383,1385,4
831302,1388,1385,5
831312,1387,1385,5
831323,1383,1385,5
831333,1388,1385,5
831343,1384,1385,5
831353,1387,1385,5
831363,1387,1385,5
831374,1382,1385,5
831384,1390,1385,5
831394,1385,1385,5
831404,1385,1385,5
831414,1391,1385,5
831424,1383,1385,5
831435,1388,1385,5
831445,1385,1385,5
831455,1385,1385,5
831465,1388,1385,5
831475,1382,1385,5
831486,1386,1385,5
831496,1384,1385,5
831506,1383,1385,5
831516,1389,1385,5
RIM
831537,878,866,15
831547,876,866,15
831557,863,866,16
831567,871,866,16
831577,870,866,15
831587,864,866,15
831598,872,866,15
831608,866,866,15
831618,868,866,15
831628,871,866,15
831638,863,866,15
831649,871,866,15
831659,865,866,15
831669,866,866,15
831679,870,866,15
831689,863,866,15
831700,871,866,15
831710,868,866,15
831720,865,866,15
831730,871,866,15
831740,861,866,15
831750,868,866,15
831761,868,866,14
831771,863,866,14
831781,870,866,14
831791,863,866,14
831801,865,866,14
831812,870,866,14
831822,862,866,14
831832,871,866,14
831842,863,866,14
831852,862,866,14
831863,870,866,14
831873,863,866,14
831883,870,866,14
831893,866,866,14
831903,866,866,14
831913,871,866,14
831924,862,866,14
831934,868,866,14
831944,867,866,14
831954,860,866,14
831964,872,866,14
831975,861,866,15
831985,865,866,14
831995,869,866,14
832005,861,866,14
832015,871,866,15
832026,864,866,14
832036,864,866,14
832046,869,866,14
832056,861,866,14
832066,870,866,14
832077,863,866,14
832087,863,866,14
832097,868,866,14
832107,864,866,14
832117,870,866,14
832127,866,866,14
832138,864,866,14
832148,871,866,14
832158,861,866,14
832168,865,866,14
832178,869,866,14
832189,861,866,14
832199,869,866,14
832209,862,866,14
832219,864,866,14
832229,871,866,14
832240,861,866,14
832250,867,866,14
832260,866,866,14
832270,863,866,14
832280,872,866,14
832290,861,866,14
832301,866,866,14
832311,866,866,14
832321,861,866,14
832331,869,866,14
832341,862,866,14
832352,864,866,14
832362,868,866,14
832372,859,866,15
832382,869,866,15
832392,864,866,15
832403,863,866,15
832413,870,866,15
832423,861,866,15
832433,869,866,15
832443,864,866,15
832453,862,866,15
832464,869,866,15
832474,861,866,15
832484,867,866,15
832494,868,866,14
832504,863,866,14
832515,869,866,14
832525,860,866,15
832535,866,866,15
832545,869,866,14
832555,860,866,14
832566,869,866,14
832576,863,866,15
832586,864,866,14
832596,869,866,14
832606,860,866,14
832616,869,866,14
832627,863,866,14
832637,860,865,15
832647,871,866,14
832657,861,865,16
832667,867,866,15
832678,868,865,15
832688,860,865,15
832698,870,866,15
832708,862,865,16
832718,865,865,16
832729,867,865,16
832739,860,865,16
832749,872,865,16
OSM
832770,421,418,3
832780,418,418,3
832790,419,418,3
832800,419,418,3
832811,423,418,3
832821,420,418,3
832831,420,418,3
832841,417,418,3
832851,421,418,3
832861,418,418,3
832872,420,418,3
832882,420,418,3
832892,416,418,3
832902,419,418,3
832912,420,418,3
832923,418,418,3
832933,419,418,3
832943,419,418,3
832953,419,418,3
832963,417,418,3
832973,417,418,3
832984,420,418,3
832994,420,418,3
833004,417,418,3
833014,418,418,3
833024,418,418,3
833035,419,418,3
833045,416,418,3
833055,415,418,3
833065,419,418,3
833075,417,418,3
833086,421,418,3
833096,418,418,3
833106,420,418,3
833116,419,418,3
833126,415,418,3
833136,418,418,3
833147,419,418,3
833157,417,418,3
833167,421,418,3
833177,418,418,3
833187,419,418,3
833198,420,418,3
833208,418,418,3
833218,417,418,3
833228,417,418,3
833238,415,418,3
833248,420,418,2
833259,418,418,2
833269,416,418,2
833279,418,418,2
833289,419,418,2
833299,419,418,2
833310,418,418,2
833320,418,418,2
833330,417,418,2
833340,418,418,2
833350,418,418,2
833361,417,418,2
833371,422,418,2
833381,419,418,2
833391,420,418,2
833401,419,418,2
833411,416,418,2
833422,418,418,2
833432,416,418,2
833442,417,418,2
833452,420,418,2
833462,418,418,2
833473,417,418,2
833483,421,418,2
833493,417,418,2
833503,416,418,2
833513,419,418,2
833523,419,418,2
833534,419,418,2
833544,419,418,2
833554,416,418,2
833564,418,418,2
833574,419,418,2
833585,420,418,2
833595,418,418,2
833605,417,418,2
833615,421,418,2
833625,417,418,2
833636,416,418,2
833646,416,418,2
833656,417,418,2
833666,420,418,2
833676,416,418,2
833686,418,418,2
833697,418,418,2
833707,419,418,2
833717,419,418,2
833727,416,418,2
833737,418,418,2
833748,420,418,2
833758,419,418,2
833768,416,418,2
833778,418,418,2
833788,419,418,2
833798,419,418,2
833809,417,418,2
833819,417,418,2
833829,419,418,2
833839,419,418,2
833849,421,418,2
833860,418,418,2
833870,418,418,2
833880,418,418,2
833890,417,418,2
833900,416,418,2
833911,418,418,2
833921,417,418,2
833931,418,418,2
833941,419,418,2
833951,419,418,2
833961,421,418,2
833972,419,418,2
833982,419,418,2
SIM
834002,1390,1385,5
834012,1386,1385,5
834022,1384,1385,5
834033,1388,1385,5
834043,1382,1385,5
834053,1386,1385,5
834063,1389,1385,5
834073,1384,1385,5
834084,1388,1385,5
834094,1384,1385,5
834104,1385,1385,5
834114,1389,1385,5
834124,1384,1385,5
834135,1388,1385,5
834145,1385,1385,5
834155,1385,1385,5
834165,1388,1385,5
834175,1383,1385,5
834186,1387,1385,5
834196,1385,1385,5
834206,1384,1385,5
834216,1387,1385,5
834226,1384,1385,5
834237,1387,1385,5
834247,1387,1385,5
834257,1382,1385,5
834267,1388,1385,5
834277,1384,1385,5
834288,1386,1385,5
834298,1387,1385,5
834308,1381,1385,5
834318,1387,1385,5
834328,1386,1385,5
834339,1384,1385,5
834349,1388,1385,5
834359,1383,1385,5
834369,1388,1385,5
834379,1386,1385,5
834389,1383,1385,5
834400,1389,1385,5
834410,1382,1385,5
834420,1387,1385,5
834430,1388,1385,5
834440,1385,1385,5
834451,1387,1385,5
834461,1384,1385,5
834471,1386,1385,5
834481,1390,1385,5
834491,1384,1385,5
834502,1387,1385,5
834512,1386,1385,5
834522,1386,1385,5
834532,1388,1385,5
834542,1383,1385,5
834553,1388,1385,5
834563,1387,1385,5
834573,1384,1385,5
834583,1388,1385,5
834593,1384,1385,5
834604,1386,1385,5
834614,1388,1385,5
834624,1383,1385,5
834634,1389,1385,5
834644,1385,1385,5
834655,1386,1385,5
834665,1387,1385,5
834675,1384,1385,5
834685,1388,1385,5
834695,1388,1385,5
834705,1384,1385,5
834716,1388,1385,5
834726,1383,1385,5
834736,1387,1385,5
834746,1388,1385,5
834756,1385,1385,5
834767,1388,1385,5
834777,1384,1385,5
834787,1388,1385,5
834797,1388,1385,5
834807,1384,1385,5
834818,1389,1385,5
834828,1385,1385,5
834838,1387,1385,5
834848,1389,1385,5
834858,1384,1385,5
834869,1389,1385,5
834879,1387,1385,5
834889,1386,1385,5
834899,1389,1385,5
834909,1384,1385,5
834920,1387,1385,5
834930,1388,1386,4
834940,1384,1386,4
834950,1389,1386,4
834960,1385,1386,4
834971,1388,1386,4
834981,1389,1386,4
834991,1385,1386,4
835001,1388,1386,4
835011,1387,1386,4
835022,1386,1386,4
835032,1388,1386,4
835042,1384,1386,4
835052,1385,1386,4
835062,1386,1386,4
835072,1387,1386,4
835083,1390,1386,4
835093,1385,1386,4
835103,1388,1386,4
835113,1387,1386,4
835123,1385,1386,4
835134,1388,1386,4
835144,1386,1386,4
835154,1388,1386,4
835164,1388,1386,4
835174,1384,1386,4
835185,1389,1386,4
835195,1385,1386,4
835205,1385,1386,4
835215,1389,1386,4
RIM
835236,855,865,15
835246,863,865,14
835256,847,865,17
835266,857,865,17
835276,856,865,18
835287,851,865,19
835297,864,865,19
835307,852,865,20
835317,857,864,22
835327,861,864,21
835337,853,864,22
835348,864,864,22
835358,856,864,23
835368,858,864,23
835378,864,864,23
835388,853,864,24
835399,866,864,23
835409,859,864,23
835419,858,864,24
835429,866,864,23
835439,857,864,23
835450,864,864,23
835460,860,864,23
835470,858,864,24
835480,872,864,24
835490,860,864,24
835500,866,864,24
835511,864,863,25
835521,861,863,25
835531,869,863,25
835541,858,863,25
835551,863,863,25
835562,867,863,24
835572,862,863,24
835582,870,863,24
835592,860,863,24
835602,866,863,24
835613,868,863,24
835623,859,863,24
835633,870,863,24
835643,863,863,24
835653,860,863,24
835663,871,863,24
835674,860,863,24
835684,866,863,24
835694,867,863,24
835704,862,863,24
835714,871,863,24
835725,861,863,24
835735,867,863,24
835745,866,863,24
835755,862,863,24
835765,870,863,24
835776,864,863,24
835786,864,863,24
835796,869,863,24
835806,861,863,24
835816,870,863,24
835826,863,863,24
835837,864,863,24
835847,870,863,24
835857,859,863,24
835867,869,863,24
835877,866,863,24
835888,862,863,24
835898,870,863,24
835908,860,863,24
835918,865,863,24
835928,868,863,24
835939,862,863,24
835949,869,863,24
835959,862,863,24
835969,865,863,24
835979,869,863,24
835990,862,863,24
836000,874,863,25
836010,864,863,24
836020,864,863,24
836030,872,863,25
836040,859,863,25
836051,867,863,25
836061,865,863,25
836071,863,863,25
836081,870,863,25
836091,860,863,25
836102,866,863,25
836112,867,863,25
836122,864,863,25
836132,870,863,25
836142,862,863,25
836153,863,863,25
836163,870,863,25
836173,861,863,25
836183,870,863,25
836193,865,863,25
836203,863,863,25
836214,869,863,25
836224,860,863,25
836234,868,863,25
836244,865,863,25
836254,861,863,25
836265,871,863,25
836275,863,863,25
836285,865,863,25
836295,869,863,25
836305,864,863,25
836316,872,863,25
836326,862,863,25
836336,865,863,25
836346,871,863,25
836356,863,863,25
836366,871,863,26
836377,865,863,26
836387,865,863,26
836397,872,863,26
836407,861,863,26
836417,872,864,25
836428,866,864,25
836438,864,864,25
836448,873,864,25
OSM
836469,423,418,2
836479,424,418,2
836489,419,418,2
836499,418,418,2
836509,417,418,2
836520,418,418,2
836530,419,418,2
836540,417,418,2
836550,416,418,2
836560,420,418,2
836571,418,418,2
836581,415,418,2
836591,416,418,2
836601,420,418,2
836611,418,418,2
836622,414,418,2
836632,418,418,2
836642,417,418,2
836652,419,418,2
836662,417,418,2
836672,413,418,3
836683,412,418,3
836693,409,417,4
836703,409,417,5
836713,412,417,5
836723,414,417,5
836734,411,417,5
836744,412,417,6
836754,412,417,6
836764,409,417,6
836774,411,417,7
836785,417,417,6
836795,416,417,6
836805,416,417,6
836815,415,417,6
836825,415,417,6
836835,418,417,6
836846,417,417,6
836856,416,417,6
836866,414,417,6
836876,417,417,6
836886,418,417,6
836897,418,417,6
836907,416,417,6
836917,418,417,6
836927,415,417,6
836937,412,417,6
836947,413,417,6
836958,411,417,7
836968,409,417,7
836978,410,417,8
836988,411,416,9
836998,409,416,9
837009,410,416,10
837019,411,416,10
837029,416,416,10
837039,418,416,10
837049,416,416,10
837060,415,416,10
837070,422,416,10
837080,417,416,10
837090,417,416,9
837100,420,416,10
837110,415,416,10
837121,420,416,10
837131,418,416,10
837141,415,416,10
837151,418,416,10
837161,415,416,10
837172,414,416,10
837182,414,416,9
837192,413,416,9
837202,412,416,10
837212,413,416,10
837223,410,416,10
837233,410,416,10
837243,413,416,10
837253,411,416,10
837263,410,416,10
837273,408,416,11
837284,413,415,12
837294,410,415,12
837304,414,415,12
837314,414,415,12
837324,411,415,12
837335,411,415,12
837345,412,415,12
837355,412,415,12
837365,410,415,12
837375,410,415,12
837386,412,415,12
837396,410,415,12
837406,410,415,12
837416,419,415,12
837427,408,415,13
837437,411,415,13
837447,409,415,13
837457,411,415,13
837468,414,415,13
837478,411,414,14
837488,408,414,14
837498,413,414,14
837508,412,414,14
837519,413,414,14
837529,413,414,14
837539,417,414,13
837549,412,414,13
837559,414,414,13
837569,413,414,13
837580,415,414,13
837590,417,414,13
837600,417,414,13
837610,414,414,13
837620,419,414,13
837631,418,414,13
837641,415,414,13
837651,418,414,12
837661,417,414,12
837671,416,414,12
837682,419,414,12
SIM
837702,1384,1386,4
837712,1379,1386,4
837722,1380,1386,4
837732,1379,1386,5
837743,1379,1385,6
837753,1380,1385,6
837763,1379,1385,6
837773,1378,1385,7
837783,1384,1385,7
837794,1380,1385,7
837804,1380,1385,7
837814,1381,1385,7
837824,1380,1385,7
837834,1384,1385,7
837845,1380,1385,7
837855,1382,1385,7
837865,1383,1385,7
837875,1380,1385,8
837885,1386,1385,8
837896,1381,1385,8
837906,1381,1385,8
837916,1384,1385,8
837926,1380,1385,8
837936,1384,1385,8
837946,1384,1385,8
837957,1382,1385,8
837967,1385,1385,8
837977,1381,1385,8
837987,1385,1385,8
837997,1385,1385,8
838008,1381,1385,8
838018,1386,1385,8
838028,1381,1385,8
838038,1384,1385,8
838048,1385,1385,8
838059,1381,1385,8
838069,1387,1385,8
838079,1383,1385,8
838089,1383,1385,8
838099,1385,1385,8
838110,1381,1385,8
838120,1386,1385,8
838130,1384,1384,9
838140,1381,1384,9
838150,1387,1384,9
838161,1381,1384,9
838171,1385,1384,9
838181,1384,1384,9
838191,1381,1384,9
838201,1386,1384,9
838212,1383,1384,9
838222,1384,1384,9
838232,1386,1384,9
838242,1382,1384,9
838252,1385,1384,8
838263,1384,1384,8
838273,1383,1384,8
838283,1386,1384,8
838293,1382,1384,8
838303,1385,1384,8
838314,1387,1384,8
838324,1384,1384,8
838334,1386,1384,8
838344,1382,1384,8
838354,1386,1384,8
838365,1384,1384,8
838375,1382,1384,8
838385,1386,1384,8
838395,1382,1384,8
838405,1384,1384,8
838416,1386,1384,8
838426,1380,1384,8
838436,1387,1384,8
838446,1386,1384,8
838456,1383,1384,8
838466,1386,1384,8
838477,1381,1384,8
838487,1386,1384,8
838497,1383,1384,8
838507,1383,1384,8
838517,1385,1384,7
838528,1382,1384,7
838538,1385,1384,7
838548,1386,1384,7
838558,1382,1384,7
838568,1387,1384,7
838579,1384,1384,7
838589,1384,1384,7
838599,1385,1384,7
838609,1382,1384,7
838619,1386,1384,7
838630,1383,1384,7
838640,1383,1384,7
838650,1387,1384,6
838660,1381,1383,7
838670,1385,1383,7
838681,1385,1383,7
838691,1383,1383,7
838701,1388,1383,7
838711,1384,1383,7
838721,1386,1383,7
838732,1385,1383,7
838742,1381,1383,7
838752,1387,1383,7
838762,1383,1383,7
838772,1383,1383,7
838783,1383,1383,6
838793,1382,1383,6
838803,1387,1383,6
838813,1385,1383,6
838823,1385,1383,6
838834,1386,1383,6
838844,1384,1383,6
838854,1385,1383,6
838864,1385,1383,5
838874,1381,1383,5
838884,1384,1383,5
838895,1382,1383,5
838905,1386,1383,5
838915,1385,1383,5
RIM
838935,884,864,28
838946,872,864,29
838956,868,864,26
838966,877,864,27
838976,869,864,27
838986,871,865,25
838997,875,865,26
839007,866,865,24
839017,876,865,25
839027,870,865,25
839037,868,865,24
839047,876,865,25
839058,865,865,24
839068,872,865,24
839078,869,865,24
839088,869,866,22
839098,874,866,23
839109,864,866,22
839119,873,866,22
839129,870,866,22
839139,866,866,22
839149,875,866,22
839160,865,866,22
839170,869,866,21
839180,874,866,22
839190,867,866,21
839200,873,866,22
839210,867,866,22
839221,866,866,22
839231,874,866,22
839241,866,866,21
839251,872,866,22
839261,864,866,22
839272,867,867,21
839282,874,867,21
839292,865,867,21
839302,866,867,21
839312,873,867,21
839323,864,867,20
839333,873,867,21
839343,868,867,20
839353,869,867,20
839363,872,867,20
839373,866,867,20
839384,872,867,20
839394,867,867,20
839404,871,867,20
839414,873,867,20
839424,863,867,20
839435,876,867,21
839445,871,867,21
839455,867,867,20
839465,873,867,21
839475,864,867,21
839486,872,867,21
839496,871,867,21
839506,864,867,21
839516,873,867,21
839526,868,867,21
839536,869,867,21
839547,873,867,21
839557,864,867,21
839567,872,868,20
839577,867,868,20
839587,869,868,19
839598,871,868,19
839608,864,868,19
839618,873,868,19
839628,868,868,19
839638,865,868,19
839649,873,868,19
839659,865,868,19
839669,870,868,19
839679,872,868,19
839689,865,868,19
839699,873,868,19
839710,862,868,19
839720,870,868,19
839730,873,868,19
839740,862,868,18
839750,873,868,19
839761,864,868,19
839771,866,868,19
839781,873,868,19
839791,864,868,18
839801,870,868,18
839812,869,868,18
839822,866,868,18
839832,871,868,18
839842,864,868,18
839852,871,868,18
839863,873,868,18
839873,864,868,18
839883,871,868,18
839893,866,868,18
839903,870,868,18
839913,874,868,18
839924,864,868,18
839934,872,868,18
839944,866,868,18
839954,866,868,17
839964,873,869,16
839975,864,869,16
839985,868,869,16
839995,868,869,16
840005,868,869,16
840015,872,869,16
840026,862,869,16
840036,872,869,16
840046,869,869,16
840056,864,869,16
840066,873,869,16
840076,866,869,16
840087,866,869,16
840097,872,869,16
840107,866,869,15
840117,871,869,15
840127,867,869,15
840138,865,869,15
840148,873,869,15
OSM
840168,423,414,12
840178,419,414,11
840189,420,414,11
840199,418,414,11
840209,419,414,12
840219,420,414,12
840229,426,414,13
840240,420,414,13
840250,422,414,13
840260,418,414,13
840270,419,414,13
840280,419,414,14
840291,420,414,14
840301,420,414,14
840311,419,414,14
840321,418,414,14
840331,422,414,14
840341,418,414,15
840352,428,414,16
840362,419,414,16
840372,417,414,16
840382,421,414,17
840392,418,414,16
840403,419,415,15
840413,419,415,15
840423,422,415,16
840433,416,415,16
840443,419,415,16
840454,423,415,16
840464,421,415,16
840474,416,415,16
840484,421,415,16
840494,420,415,17
840504,419,415,17
840515,423,415,17
840525,419,415,17
840535,419,415,17
840545,419,415,17
840555,422,415,18
840566,420,415,18
840576,424,415,19
840586,420,415,19
840596,417,415,19
840606,420,415,19
840617,421,415,19
840627,418,415,19
840637,419,416,18
840647,420,416,18
840657,422,416,18
840667,419,416,18
840678,419,416,18
840688,420,416,18
840698,419,416,17
840708,419,416,17
840718,422,416,17
840729,417,416,17
840739,422,416,18
840749,420,416,18
840759,420,416,18
840769,421,416,18
840780,420,416,18
840790,418,416,18
840800,421,416,18
840810,418,416,18
840820,420,416,18
840830,423,416,18
840841,419,416,18
840851,423,416,19
840861,419,417,18
840871,418,417,18
840881,423,417,18
840892,419,417,18
840902,426,417,18
840912,420,417,18
840922,417,417,18
840932,421,417,18
840943,419,417,18
840953,421,417,17
840963,420,417,17
840973,418,417,16
840983,420,417,16
840994,419,417,16
841004,421,417,16
841014,417,418,15
841024,420,418,15
841034,420,418,14
841044,419,418,14
841055,420,418,14
841065,422,418,13
841075,418,418,13
841085,420,418,12
841095,421,418,12
841106,420,418,11
841116,418,418,11
841126,419,418,11
841136,422,418,10
841146,420,418,10
841157,419,419,8
841167,420,419,8
841177,421,419,8
841187,420,419,7
841197,422,419,6
841207,419,419,6
841218,420,419,6
841228,420,419,5
841238,421,419,5
841248,419,419,5
841258,417,419,5
841269,417,419,5
841279,420,419,4
841289,424,419,5
841299,419,419,5
841309,418,419,4
841319,421,419,4
841330,422,419,4
841340,419,419,4
841350,420,419,4
841360,418,419,4
841370,420,419,4
841381,421,419,4
SIM
841401,1389,1383,5
841411,1381,1383,5
841421,1385,1383,5
841431,1385,1383,5
841442,1381,1383,5
841452,1386,1383,5
841462,1382,1383,5
841472,1382,1383,5
841482,1384,1383,5
841493,1380,1383,5
841503,1386,1383,5
841513,1384,1383,5
841523,1382,1383,4
841533,1387,1383,5
841544,1381,1383,5
841554,1386,1383,5
841564,1385,1383,5
841574,1381,1383,5
841584,1387,1383,5
841595,1381,1383,5
841605,1385,1383,5
841615,1385,1383,5
841625,1382,1384,4
841635,1387,1384,4
841646,1382,1384,4
841656,1386,1384,4
841666,1387,1384,4
841676,1380,1384,4
841686,1386,1384,4
841697,1384,1384,4
841707,1383,1384,4
841717,1387,1384,4
841727,1381,1384,4
841737,1385,1384,4
841748,1385,1384,4
841758,1381,1384,4
841768,1387,1384,4
841778,1381,1384,4
841788,1385,1384,4
841798,1385,1384,4
841809,1381,1384,4
841819,1386,1384,4
841829,1383,1384,4
841839,1383,1384,4
841849,1386,1384,4
841860,1382,1384,4
841870,1385,1384,4
841880,1381,1384,4
841890,1382,1384,4
841900,1388,1384,4
841911,1382,1384,4
841921,1385,1384,4
841931,1386,1384,4
841941,1382,1384,4
841951,1385,1384,4
841962,1382,1384,4
841972,1384,1384,4
841982,1384,1384,4
841992,1382,1384,4
842002,1386,1384,4
842013,1380,1384,4
842023,1386,1384,4
842033,1386,1384,4
842043,1381,1384,4
842053,1387,1384,4
842064,1384,1384,4
842074,1383,1384,4
842084,1387,1384,4
842094,1381,1384,4
842104,1385,1384,4
842114,1384,1384,4
842125,1382,1384,4
842135,1390,1384,4
842145,1381,1384,4
842155,1384,1384,4
842165,1386,1384,4
842176,1381,1384,4
842186,1386,1384,4
842196,1383,1384,4
842206,1384,1384,4
842216,1386,1384,4
842227,1380,1384,4
842237,1386,1384,4
842247,1384,1384,4
842257,1382,1384,4
842267,1388,1384,4
842278,1382,1384,5
842288,1385,1384,5
842298,1384,1384,5
842308,1383,1384,4
842318,1387,1384,5
842329,1382,1384,5
842339,1383,1384,5
842349,1386,1384,5
842359,1381,1384,5
842369,1387,1384,5
842380,1383,1384,5
842390,1385,1384,5
842400,1386,1384,4
842410,1381,1384,5
842420,1385,1384,5
842430,1385,1384,5
842441,1382,1384,4
842451,1386,1384,4
842461,1381,1383,5
842471,1384,1383,5
842481,1384,1384,5
842492,1382,1384,5
842502,1385,1383,5
842512,1383,1383,5
842522,1384,1383,5
842532,1386,1383,5
842543,1380,1383,5
842553,1385,1383,5
842563,1384,1383,5
842573,1384,1383,5
842583,1387,1383,5
842594,1381,1383,6
842604,1385,1383,5
842614,1384,1383,5
RIM
842634,860,869,14
842644,855,868,16
842655,851,868,19
842665,864,868,18
842675,852,868,20
842685,857,868,21
842695,863,868,21
842706,854,868,23
842716,865,868,22
842726,855,867,24
842736,857,867,25
842746,865,867,25
842757,857,867,25
842767,864,867,25
842777,857,867,26
842787,858,867,27
842797,868,867,26
842807,857,867,27
842818,865,867,27
842828,862,867,27
842838,856,867,28
842848,869,867,27
842858,859,867,28
842869,867,866,29
842879,866,866,28
842889,861,866,28
842899,870,866,28
842909,860,866,28
842920,865,866,28
842930,866,866,28
842940,861,866,28
842950,870,866,28
842960,863,866,28
842970,863,866,28
842981,871,866,28
842991,862,866,28
843001,868,866,28
843011,864,866,28
843021,865,866,28
843032,874,866,28
843042,860,866,28
843052,867,866,28
843062,866,866,28
843072,864,866,28
843083,870,866,27
843093,862,866,28
843103,868,866,27
843113,867,866,27
843123,862,866,27
843133,873,866,27
843144,862,866,27
843154,865,866,27
843164,872,866,26
843174,861,866,27
843184,871,866,27
843195,864,866,26
843205,866,866,26
843215,874,866,26
843225,863,865,27
843235,868,865,27
843246,867,865,27
843256,867,865,27
843266,872,865,27
843276,863,865,27
843286,869,865,27
843296,871,865,27
843307,864,865,27
843317,872,865,27
843327,863,865,27
843337,865,865,27
843347,873,865,27
843358,862,865,27
843368,871,865,27
843378,867,865,27
843388,864,865,27
843398,873,865,27
843409,862,865,27
843419,870,865,27
843429,868,865,26
843439,866,865,26
843449,872,865,26
843460,862,865,26
843470,869,865,26
843480,869,865,26
843490,868,865,26
843500,871,865,26
843510,862,865,26
843521,865,865,26
843531,872,865,26
843541,863,865,26
843551,871,865,26
843561,865,865,25
843572,865,865,25
843582,871,865,25
843592,865,865,25
843602,872,865,26
843612,865,865,25
843623,864,865,25
843633,874,865,25
843643,863,865,25
843653,868,865,25
843663,870,865,25
843673,866,865,25
843684,873,865,25
843694,865,865,25
843704,869,865,25
843714,871,865,25
843724,864,865,25
843735,872,865,25
843745,864,865,25
843755,866,865,25
843765,873,865,25
843775,866,865,25
843786,869,865,25
843796,867,865,25
843806,865,865,25
843816,871,865,25
843826,863,865,25
843837,870,865,25
843847,870,865,25
OSM
843868,424,419,4
843878,420,419,4
843888,421,419,4
843898,419,419,4
843908,416,419,4
843919,419,419,4
843929,418,419,4
843939,420,419,4
843949,420,419,4
843959,418,419,4
843970,421,419,4
843980,422,419,4
843990,419,419,4
844000,419,419,4
844010,420,419,4
844021,420,419,4
844031,419,419,4
844041,419,419,4
844051,422,419,3
844061,418,419,3
844071,419,419,3
844082,418,419,3
844092,419,419,3
844102,420,419,3
844112,418,419,3
844122,426,419,4
844133,422,419,4
844143,420,419,4
844153,418,419,4
844163,419,419,4
844173,420,419,3
844183,421,419,3
844194,420,419,3
844204,421,419,3
844214,417,419,3
844224,419,419,3
844234,421,419,3
844245,418,419,3
844255,420,419,3
844265,421,419,3
844275,420,419,3
844285,420,419,3
844296,420,419,3
844306,423,419,3
844316,420,419,3
844326,423,419,3
844336,420,419,3
844346,421,419,3
844357,419,419,3
844367,418,419,3
844377,419,419,3
844387,420,419,3
844397,422,419,3
844408,418,419,3
844418,418,419,3
844428,419,419,3
844438,423,419,3
844448,420,419,3
844458,419,419,3
844469,421,419,3
844479,420,419,3
844489,417,419,3
844499,419,419,3
844509,423,419,4
844520,422,419,4
844530,419,419,3
844540,418,419,3
844550,420,419,3
844560,422,419,3
844571,418,419,3
844581,421,419,3
844591,418,419,3
844601,421,419,3
844611,421,419,3
844621,420,419,3
844632,420,419,3
844642,420,419,3
844652,419,419,3
844662,417,419,3
844672,420,419,3
844683,421,419,3
844693,416,419,3
844703,421,419,3
844713,420,419,3
844723,418,419,3
844733,419,419,3
844744,416,419,3
844754,420,419,3
844764,422,419,3
844774,420,419,3
844784,421,419,3
844795,420,419,3
844805,421,419,3
844815,420,419,3
844825,418,419,3
844835,421,419,3
844846,419,419,3
844856,420,419,3
844866,418,419,3
844876,420,419,3
844886,420,419,3
844896,418,419,3
844907,419,419,3
844917,422,419,3
844927,420,419,3
844937,418,419,3
844947,420,419,3
844958,416,419,3
844968,418,419,3
844978,418,419,3
844988,420,419,3
844998,419,419,3
845008,419,419,3
845019,421,419,3
845029,419,419,3
845039,420,419,3
845049,415,419,3
845059,418,419,3
845070,423,419,3
845080,421,419,3
SIM
845100,1388,1383,5
845110,1381,1383,5
845120,1387,1383,5
845131,1384,1383,5
845141,1384,1383,5
845151,1389,1383,6
845161,1382,1383,6
845171,1385,1384,5
845182,1385,1384,5
845192,1382,1384,5
845202,1386,1384,5
845212,1382,1384,5
845222,1386,1384,5
845233,1385,1384,4
845243,1381,1384,4
845253,1387,1384,5
845263,1384,1384,5
845273,1384,1384,4
845284,1387,1384,4
845294,1381,1384,4
845304,1384,1384,4
845314,1383,1384,4
845324,1384,1384,4
845335,1389,1384,5
845345,1382,1384,5
845355,1385,1384,5
845365,1384,1384,4
845375,1382,1384,4
845385,1387,1384,4
845396,1382,1384,4
845406,1384,1384,4
845416,1385,1384,4
845426,1381,1384,4
845436,1386,1384,4
845447,1383,1384,4
845457,1384,1384,4
845467,1385,1384,4
845477,1382,1384,4
845487,1386,1384,4
845498,1384,1384,4
845508,1382,1384,4
845518,1387,1384,4
845528,1381,1384,4
845538,1386,1384,4
845549,1387,1384,4
845559,1382,1384,4
845569,1386,1384,4
845579,1382,1384,4
845589,1384,1384,4
845600,1386,1384,4
845610,1382,1384,4
845620,1386,1384,4
845630,1384,1384,4
845640,1385,1384,4
845651,1386,1384,4
845661,1381,1384,4
845671,1386,1384,4
845681,1384,1384,4
845691,1383,1384,4
845702,1387,1384,4
845712,1382,1384,4
845722,1386,1384,4
845732,1385,1384,4
845742,1382,1384,4
845752,1387,1384,4
845763,1381,1384,4
845773,1385,1384,4
845783,1386,1384,4
845793,1381,1384,4
845803,1386,1384,4
845814,1382,1384,4
845824,1383,1384,4
845834,1389,1384,4
845844,1380,1384,4
845854,1387,1384,4
845865,1385,1384,4
845875,1381,1384,4
845885,1388,1384,4
845895,1381,1384,4
845905,1384,1384,4
845916,1385,1384,4
845926,1383,1384,4
845936,1387,1384,4
845946,1384,1384,4
845956,1385,1384,4
845967,1385,1384,4
845977,1380,1384,4
845987,1387,1384,4
845997,1384,1384,4
846007,1383,1384,4
846018,1385,1384,4
846028,1381,1384,4
846038,1386,1384,4
846048,1385,1384,4
846058,1383,1384,4
846069,1386,1384,4
846079,1384,1384,4
846089,1386,1384,4
846099,1387,1384,4
846109,1381,1384,4
846120,1387,1384,4
846130,1382,1384,4
846140,1385,1384,4
846150,1385,1384,4
846160,1381,1384,4
846171,1388,1384,4
846181,1385,1384,4
846191,1383,1384,4
846201,1386,1384,4
846211,1381,1384,4
846221,1385,1384,4
846232,1385,1384,4
846242,1382,1384,4
846252,1387,1384,4
846262,1382,1384,4
846272,1384,1384,4
846283,1387,1384,4
846293,1381,1384,4
846303,1387,1384,4
846313,1383,1384,4
RIM
846334,862,865,25
846344,852,865,25
846354,850,865,25
846364,863,865,25
846374,853,865,25
846384,861,865,25
846395,859,865,25
846405,854,865,25
846415,863,865,25
846425,853,865,25
846435,861,865,25
846446,860,865,25
846456,857,865,25
846466,866,865,25
846476,854,865,26
846486,862,865,25
846497,863,865,25
846507,855,865,26
846517,868,865,26
846527,860,865,26
846537,861,865,25
846548,865,865,25
846558,858,865,25
846568,867,865,25
846578,863,865,25
846588,861,865,25
846598,867,865,25
846609,857,865,25
846619,865,865,25
846629,865,865,25
846639,861,865,25
846649,870,865,25
846660,862,865,26
846670,864,865,25
846680,866,865,25
846690,863,865,25
846700,870,865,25
846711,861,865,25
846721,865,865,25
846731,870,865,25
846741,862,865,25
846751,869,865,25
846762,862,865,25
846772,862,865,25
846782,871,865,25
846792,864,865,25
846802,869,865,25
846812,864,865,25
846823,863,865,25
846833,872,865,25
846843,862,865,25
846853,869,865,25
846863,867,865,25
846874,861,865,25
846884,871,865,25
846894,863,865,25
846904,866,865,25
846914,870,865,24
846925,863,865,24
846935,872,865,25
846945,864,865,25
846955,864,865,25
846965,873,865,25
846975,860,865,25
846986,868,865,25
846996,862,865,25
847006,862,865,25
847016,873,865,25
847026,861,865,25
847037,869,865,25
847047,868,865,25
847057,866,865,24
847067,871,865,24
847077,863,865,24
847088,868,865,25
847098,871,865,24
847108,862,865,24
847118,874,865,25
847128,866,865,25
847138,866,865,25
847149,871,865,25
847159,864,865,25
847169,871,865,25
847179,866,865,25
847189,865,865,24
847200,873,865,25
847210,863,865,25
847220,870,865,25
847230,867,865,25
847240,865,865,24
847251,876,865,25
847261,862,865,25
847271,868,865,25
847281,871,865,25
847291,865,865,25
847301,872,865,25
847312,864,865,25
847322,865,865,25
847332,874,865,25
847342,863,865,25
847352,870,865,25
847363,865,865,25
847373,866,865,25
847383,873,865,25
847393,864,865,25
847403,870,865,25
847414,867,865,25
847424,865,865,25
847434,872,865,25
847444,863,865,25
847454,871,865,25
847464,871,865,25
847475,863,865,25
847485,871,865,25
847495,865,865,25
847505,868,865,25
847515,872,865,25
847526,865,865,25
847536,871,865,26
847546,865,865,25
OSM
847567,424,419,3
847577,419,419,3
847587,421,419,3
847597,418,419,3
847608,419,419,3
847618,420,419,3
847628,419,419,3
847638,422,419,3
847648,420,419,3
847658,418,419,3
847669,419,419,3
847679,419,419,3
847689,419,419,3
847699,421,419,3
847709,417,419,3
847720,421,419,3
847730,420,419,3
847740,420,419,3
847750,419,419,3
847760,421,419,3
847770,420,419,3
847781,421,419,3
847791,420,419,3
847801,418,419,3
847811,419,419,3
847821,420,419,3
847832,418,419,2
847842,420,419,2
847852,423,419,3
847862,420,419,3
847872,419,419,3
847883,421,419,3
847893,419,419,3
847903,420,419,3
847913,420,419,3
847923,419,419,3
847933,420,419,3
847944,417,419,3
847954,422,419,3
847964,420,419,3
847974,417,419,3
847984,420,419,3
847995,420,419,3
848005,418,419,2
848015,420,419,2
848025,421,419,2
848035,421,419,2
848045,420,419,2
848056,419,419,2
848066,419,419,2
848076,417,419,2
848086,420,419,2
848096,419,419,2
848107,419,419,2
848117,422,419,2
848127,420,419,2
848137,418,419,2
848147,419,419,2
848158,421,419,2
848168,422,419,2
848178,420,419,2
848188,418,419,2
848198,426,419,3
848208,418,419,3
848219,422,419,3
848229,420,419,3
848239,420,419,3
848249,420,419,3
848259,419,419,3
848270,418,419,3
848280,420,419,3
848290,427,419,3
848300,421,419,3
848310,419,419,3
848320,419,419,3
848331,420,419,3
848341,416,419,3
848351,420,419,3
848361,421,419,3
848371,420,419,3
848382,421,419,3
848392,419,419,3
848402,425,419,3
848412,419,419,3
848422,421,419,3
848433,419,419,3
848443,418,419,3
848453,419,419,3
848463,419,419,3
848473,420,419,3
848483,421,419,3
848494,421,419,3
848504,419,419,3
848514,419,419,3
848524,419,419,3
848534,422,419,3
848545,421,419,3
848555,418,419,3
848565,420,419,3
848575,421,419,3
848585,421,419,3
848595,419,419,3
848606,420,419,3
848616,418,419,3
848626,425,419,3
848636,422,419,4
848646,419,419,4
848657,419,419,3
848667,421,419,3
848677,419,419,3
848687,423,419,4
848697,420,419,4
848708,419,419,4
848718,423,419,4
848728,419,419,4
848738,418,419,4
848748,420,419,4
848758,419,419,4
848769,421,419,3
848779,417,419,3
SIM
848799,1386,1384,4
848809,1382,1384,4
848820,1387,1384,4
848830,1381,1384,4
848840,1383,1384,4
848850,1385,1384,4
848860,1382,1384,4
848870,1387,1384,4
848881,1384,1384,4
848891,1386,1384,4
848901,1386,1384,4
848911,1382,1384,4
848921,1386,1384,4
848932,1384,1384,4
848942,1385,1384,4
848952,1386,1384,4
848962,1382,1384,4
848972,1385,1384,4
848983,1384,1384,4
848993,1381,1384,4
849003,1387,1384,4
849013,1381,1384,4
849023,1385,1384,4
849034,1385,1384,4
849044,1381,1384,4
849054,1387,1384,4
849064,1381,1384,4
849074,1385,1384,4
849085,1384,1384,4
849095,1381,1384,4
849105,1386,1384,4
849115,1385,1384,4
849125,1382,1384,4
849136,1387,1384,4
849146,1381,1384,4
849156,1386,1384,4
849166,1386,1384,4
849176,1382,1384,4
849186,1386,1384,4
849197,1382,1384,4
849207,1384,1384,4
849217,1385,1384,4
849227,1380,1384,4
849237,1386,1384,4
849248,1382,1384,4
849258,1384,1384,4
849268,1386,1384,4
849278,1381,1384,4
849288,1384,1384,4
849299,1384,1384,4
849309,1383,1384,4
849319,1386,1384,4
849329,1381,1384,4
849339,1384,1384,4
849350,1384,1384,4
849360,1382,1384,4
849370,1386,1384,4
849380,1381,1384,4
849390,1383,1384,4
849401,1386,1384,4
849411,1380,1384,4
849421,1385,1384,4
849431,1383,1384,4
849441,1384,1384,4
849452,1387,1384,4
849462,1381,1384,4
849472,1385,1384,4
849482,1384,1384,4
849492,1382,1384,4
849502,1387,1384,4
849513,1382,1384,4
849523,1387,1384,4
849533,1384,1384,4
849543,1382,1384,4
849553,1387,1384,4
849564,1381,1384,4
849574,1386,1384,4
849584,1387,1384,4
849594,1381,1384,4
849604,1387,1384,4
849615,1384,1384,4
849625,1383,1384,4
849635,1386,1384,4
849645,1382,1384,4
849655,1386,1384,4
849666,1384,1384,4
849676,1384,1384,4
849686,1386,1384,4
849696,1382,1384,4
849706,1384,1384,4
849717,1385,1384,4
849727,1378,1384,4
849737,1387,1384,4
849747,1382,1384,4
849757,1386,1384,4
849768,1386,1384,4
849778,1381,1384,4
849788,1387,1384,4
849798,1385,1384,4
849808,1382,1384,4
849819,1386,1384,4
849829,1382,1384,4
849839,1386,1384,4
849849,1384,1384,4
849859,1384,1384,4
849869,1386,1384,4
849880,1382,1384,4
849890,1385,1384,4
849900,1387,1384,4
849910,1381,1384,4
849920,1387,1384,4
849931,1383,1384,4
849941,1384,1384,4
849951,1386,1384,4
849961,1382,1384,4
849971,1387,1384,4
849982,1384,1384,4
849992,1383,1384,4
850002,1387,1384,4
850012,1382,1384,4
RIM
850033,868,865,25
850043,851,865,26
850053,858,865,24
850063,861,865,24
850073,852,865,24
850083,864,865,24
850094,853,865,25
850104,856,865,25
850114,863,865,25
850124,856,865,24
850134,865,865,24
850145,857,865,25
850155,858,865,24
850165,865,865,24
850175,858,865,24
850185,866,865,24
850196,859,865,24
850206,858,865,24
850216,871,865,24
850226,859,865,24
850236,865,865,24
850247,863,865,24
850257,859,865,24
850267,870,865,24
850277,859,865,24
850287,865,865,24
850297,867,865,24
850308,862,865,24
850318,872,865,24
850328,862,865,24
850338,864,865,24
850348,868,865,24
850359,862,865,24
850369,871,865,24
850379,863,865,24
850389,864,865,24
850399,871,865,24
850410,861,865,24
850420,869,865,24
850430,865,865,24
850440,864,865,24
850450,872,865,24
850460,862,865,24
850471,868,865,24
850481,868,865,24
850491,865,865,24
850501,873,865,24
850511,862,865,24
850522,867,865,24
850532,874,865,25
850542,863,865,25
850552,872,865,25
850562,865,865,25
850573,868,865,25
850583,874,865,25
850593,864,865,25
850603,872,865,26
850613,867,865,25
850623,866,865,25
850634,876,865,26
850644,865,865,26
850654,869,865,26
850664,872,865,26
850674,866,865,26
850685,874,866,25
850695,863,866,25
850705,867,866,25
850715,871,866,25
850725,864,866,25
850736,873,866,25
850746,865,866,25
850756,867,866,25
850766,874,866,25
850776,864,866,25
850786,871,866,26
850797,865,866,25
850807,866,866,25
850817,874,866,25
850827,864,866,25
850837,870,866,25
850848,870,866,25
850858,863,866,25
850868,873,866,26
850878,865,866,26
850888,868,866,26
850899,871,866,25
850909,863,866,25
850919,873,866,26
850929,865,866,26
850939,868,866,26
850949,871,866,25
850960,863,866,25
850970,873,866,25
850980,867,866,25
850990,865,866,25
851000,872,866,25
851011,866,866,25
851021,869,866,25
851031,868,866,25
851041,866,866,25
851051,869,866,25
851062,863,866,25
851072,869,866,25
851082,871,866,25
851092,864,866,25
851102,873,866,25
851112,866,866,25
851123,867,866,25
851133,873,866,25
851143,865,866,25
851153,871,866,25
851163,867,866,25
851174,867,866,25
851184,873,866,25
851194,862,866,25
851204,869,866,25
851214,871,866,25
851225,867,866,25
851235,870,866,25
851245,864,866,25
OSM
851266,422,419,3
851276,422,419,3
851286,424,419,4
851296,421,419,4
851307,418,419,4
851317,418,419,4
851327,418,419,4
851337,420,419,4
851347,419,419,4
851357,420,419,4
851368,423,419,4
851378,420,419,4
851388,418,419,4
851398,420,419,4
851408,421,420,3
851419,420,419,4
851429,422,420,3
851439,420,420,3
851449,419,420,3
851459,421,420,3
851469,420,420,3
851480,420,420,3
851490,420,420,3
851500,420,420,3
851510,420,420,3
851520,419,420,3
851531,418,420,3
851541,421,420,3
851551,420,420,3
851561,416,419,4
851571,420,419,4
851582,420,419,4
851592,422,419,4
851602,419,419,4
851612,417,419,4
851622,420,419,4
851632,422,419,4
851643,420,420,3
851653,419,419,4
851663,417,419,4
851673,420,419,4
851683,422,420,3
851694,419,419,4
851704,421,420,3
851714,420,420,3
851724,420,420,3
851734,423,420,3
851744,420,420,3
851755,421,420,3
851765,420,420,3
851775,417,420,3
851785,419,420,3
851795,419,420,3
851806,418,420,3
851816,419,420,3
851826,420,420,3
851836,422,420,3
851846,417,420,3
851857,420,420,3
851867,426,420,3
851877,420,420,3
851887,419,420,3
851897,416,419,4
851907,420,419,4
851918,420,419,4
851928,418,419,4
851938,421,419,4
851948,419,419,4
851958,418,419,4
851969,421,419,4
851979,418,419,4
851989,423,419,3
851999,420,419,3
852009,419,419,3
852019,422,419,4
852030,422,419,4
852040,418,419,4
852050,418,419,4
852060,419,419,3
852070,422,419,4
852081,420,419,4
852091,418,419,4
852101,420,419,3
852111,421,419,3
852121,420,419,3
852132,418,419,3
852142,420,419,3
852152,418,419,3
852162,419,419,3
852172,420,419,3
852182,421,419,3
852193,419,419,3
852203,419,419,3
852213,420,419,3
852223,420,419,3
852233,419,419,3
852244,419,419,3
852254,420,419,3
852264,421,419,3
852274,421,419,3
852284,418,419,3
852294,417,419,3
852305,420,419,3
852315,419,419,3
852325,416,419,3
852335,421,419,3
852345,419,419,3
852356,418,419,3
852366,419,419,3
852376,420,419,3
852386,421,419,3
852396,417,419,3
852407,420,419,3
852417,420,419,3
852427,419,419,3
852437,419,419,3
852447,418,419,3
852457,422,419,3
852468,421,419,3
852478,419,419,3
SIM
852498,1385,1384,4
852508,1383,1384,4
852518,1387,1384,4
852529,1382,1384,4
852539,1386,1384,4
852549,1385,1384,4
852559,1384,1384,4
852569,1386,1384,4
852580,1382,1384,4
852590,1387,1384,4
852600,1384,1384,4
852610,1381,1384,4
852620,1386,1384,4
852631,1382,1384,4
852641,1385,1384,4
852651,1384,1384,4
852661,1380,1384,4
852671,1386,1384,4
852682,1382,1384,4
852692,1383,1384,4
852702,1386,1384,4
852712,1381,1384,4
852722,1383,1383,5
852733,1384,1383,5
852743,1383,1384,4
852753,1387,1384,4
852763,1383,1384,4
852773,1384,1384,4
852784,1385,1384,4
852794,1381,1384,4
852804,1387,1384,4
852814,1381,1383,5
852824,1384,1384,4
852835,1386,1384,4
852845,1380,1383,5
852855,1388,1384,4
852865,1383,1383,5
852875,1384,1384,4
852886,1386,1384,4
852896,1380,1383,5
852906,1385,1383,5
852916,1384,1383,5
852926,1383,1384,4
852936,1386,1384,4
852947,1381,1384,4
852957,1381,1383,5
852967,1385,1383,5
852977,1382,1383,5
852987,1385,1383,5
852998,1382,1383,5
853008,1383,1383,5
853018,1385,1383,5
853028,1380,1383,5
853038,1387,1383,5
853049,1382,1383,5
853059,1383,1383,5
853069,1386,1383,5
853079,1378,1383,5
853089,1385,1383,5
853100,1383,1383,5
853110,1383,1383,5
853120,1387,1383,5
853130,1382,1383,5
853140,1385,1383,5
853151,1385,1383,5
853161,1384,1383,5
853171,1387,1384,4
853181,1383,1383,5
853191,1384,1384,4
853202,1385,1383,5
853212,1381,1383,5
853222,1387,1383,5
853232,1384,1383,5
853242,1384,1384,4
853253,1385,1383,5
853263,1380,1383,5
853273,1387,1383,5
853283,1384,1383,5
853293,1382,1383,5
853303,1386,1383,5
853314,1380,1383,5
853324,1384,1383,5
853334,1385,1383,5
853344,1380,1383,5
853354,1387,1383,5
853365,1382,1383,5
853375,1384,1383,5
853385,1386,1383,5
853395,1380,1383,5
853405,1386,1383,5
853416,1383,1383,5
853426,1383,1383,5
853436,1387,1383,5
853446,1382,1383,5
853456,1386,1383,5
853467,1385,1383,5
853477,1382,1383,5
853487,1386,1383,5
853497,1382,1383,5
853507,1385,1383,5
853518,1386,1383,5
853528,1381,1383,5
853538,1384,1383,5
853548,1383,1383,5
853558,1383,1383,5
853569,1385,1383,5
853579,1380,1383,5
853589,1386,1383,5
853599,1383,1383,5
853609,1383,1383,5
853620,1386,1383,5
853630,1380,1383,5
853640,1385,1383,5
853650,1384,1383,5
853660,1382,1383,5
853670,1388,1383,5
853681,1380,1383,5
853691,1385,1383,5
853701,1386,1383,5
853711,1381,1383,5
RIM
853732,868,866,25
853742,848,866,26
853752,859,866,26
853762,855,866,26
853772,854,866,26
853783,866,866,26
853793,852,866,26
853803,864,866,25
853813,856,866,26
853823,854,866,26
853833,868,866,26
853844,854,866,27
853854,860,866,27
853864,862,866,27
853874,856,866,27
853884,868,866,27
853895,862,866,27
853905,862,866,27
853915,866,866,26
853925,856,866,27
853935,866,866,27
853946,860,866,27
853956,863,866,27
853966,869,866,27
853976,860,866,26
853986,867,866,26
853996,861,866,27
854007,863,866,27
854017,869,866,26
854027,861,866,26
854037,867,866,26
854047,863,866,26
854058,862,866,26
854068,871,866,26
854078,861,866,27
854088,868,866,27
854098,866,866,26
854109,861,866,26
854119,872,866,27
854129,863,866,27
854139,866,866,27
854149,868,866,26
854159,862,866,26
854170,873,866,27
854180,863,866,27
854190,865,866,27
854200,871,866,27
854210,861,866,27
854221,870,866,27
854231,864,865,27
854241,865,865,27
854251,871,865,27
854261,862,865,27
854272,870,865,27
854282,867,865,27
854292,864,865,27
854302,872,865,27
854312,863,865,27
854322,868,865,27
854333,869,865,26
854343,865,865,26
854353,873,865,26
854363,865,865,26
854373,866,865,26
854384,871,865,25
854394,862,865,26
854404,871,865,26
854414,867,865,26
854424,865,865,26
854435,871,865,25
854445,864,865,25
854455,872,865,26
854465,867,865,25
854475,865,865,25
854485,873,865,25
854496,862,865,25
854506,867,865,25
854516,872,865,25
854526,864,865,25
854536,873,865,25
854547,863,865,25
854557,865,865,25
854567,873,865,25
854577,863,865,25
854587,870,865,25
854598,866,865,25
854608,866,865,25
854618,874,865,25
854628,864,865,25
854638,871,865,25
854648,868,865,25
854659,865,865,25
854669,872,865,25
854679,864,865,25
854689,869,865,25
854699,871,865,25
854710,864,865,25
854720,873,865,25
854730,866,865,25
854740,868,865,25
854750,872,865,26
854761,865,865,26
854771,872,865,26
854781,866,865,26
854791,865,865,26
854801,874,865,26
854812,864,865,26
854822,870,865,26
854832,868,865,26
854842,865,865,26
854852,874,865,26
854862,865,865,26
854873,871,865,26
854883,870,865,26
854893,863,865,26
854903,873,865,26
854913,868,865,26
854924,869,865,26
854934,876,865,27
854944,865,865,27
OSM
854965,422,419,3
854975,421,419,3
854985,423,419,3
854995,419,419,3
855006,419,419,3
855016,418,419,3
855026,418,419,3
855036,420,419,3
855046,418,419,3
855056,419,419,3
855067,420,419,2
855077,420,419,2
855087,419,419,2
855097,417,419,2
855107,421,419,2
855118,420,419,2
855128,418,419,2
855138,426,419,3
855148,421,419,3
855158,420,419,3
855168,420,419,3
855179,419,419,3
855189,422,419,3
855199,420,419,3
855209,418,419,3
855219,421,419,3
855230,420,419,3
855240,420,419,3
855250,420,419,3
855260,420,419,3
855270,421,419,3
855280,417,419,3
855291,419,419,3
855301,420,419,3
855311,419,419,3
855321,419,419,3
855331,418,419,3
855342,421,419,3
855352,422,419,3
855362,419,419,3
855372,419,419,3
855382,420,419,3
855393,422,419,3
855403,419,419,3
855413,419,419,3
855423,422,419,3
855433,418,419,3
855443,418,419,3
855454,420,419,3
855464,419,419,3
855474,422,419,3
855484,419,419,3
855494,418,419,3
855505,422,419,3
855515,422,419,3
855525,420,419,3
855535,418,419,3
855545,419,419,3
855556,423,419,3
855566,419,419,2
855576,422,419,2
855586,421,419,3
855596,418,419,2
855606,420,419,2
855617,420,419,2
855627,418,419,2
855637,420,419,2
855647,420,419,2
855657,420,419,2
855668,418,419,2
855678,420,419,2
855688,420,419,2
855698,420,419,2
855708,419,419,2
855718,418,419,2
855729,419,419,2
855739,419,419,2
855749,421,419,2
855759,420,419,2
855769,420,419,2
855780,419,419,2
855790,423,419,2
855800,419,419,2
855810,418,419,2
855820,419,419,2
855830,425,419,2
855841,420,419,2
855851,422,419,3
855861,419,419,3
855871,419,419,3
855881,419,419,3
855892,421,419,3
855902,422,419,3
855912,420,419,3
855922,419,419,3
855932,419,419,3
855943,420,419,3
855953,421,419,3
855963,417,419,3
855973,420,419,3
855983,420,419,3
855993,417,419,3
856004,421,419,3
856014,419,419,3
856024,420,419,3
856034,418,419,3
856044,423,419,3
856055,421,419,3
856065,419,419,3
856075,426,419,3
856085,420,419,3
856095,420,419,3
856105,419,419,3
856116,419,419,3
856126,420,419,3
856136,418,419,3
856146,418,419,3
856156,420,419,3
856167,418,419,3
856177,419,419,3
SIM
856197,1382,1383,5
856207,1387,1383,5
856217,1384,1383,5
856228,1382,1383,5
856238,1388,1383,5
856248,1382,1383,5
856258,1385,1383,5
856268,1383,1383,5
856279,1380,1383,5
856289,1386,1383,5
856299,1382,1383,5
856309,1383,1383,5
856319,1386,1383,5
856330,1383,1383,5
856340,1385,1383,5
856350,1382,1383,5
856360,1383,1383,5
856370,1387,1383,5
856381,1382,1383,5
856391,1385,1383,5
856401,1385,1383,5
856411,1381,1383,5
856421,1387,1383,5
856432,1380,1383,5
856442,1385,1383,5
856452,1385,1383,5
856462,1381,1383,5
856472,1386,1383,5
856482,1382,1383,5
856493,1383,1383,5
856503,1386,1383,5
856513,1380,1383,5
856523,1386,1383,5
856533,1382,1383,5
856544,1383,1383,5
856554,1388,1383,5
856564,1382,1383,5
856574,1385,1383,5
856584,1385,1383,5
856595,1381,1383,5
856605,1385,1383,5
856615,1380,1383,5
856625,1386,1383,5
856635,1384,1383,5
856646,1380,1383,5
856656,1386,1383,5
856666,1382,1383,5
856676,1382,1383,5
856686,1385,1383,5
856697,1381,1383,5
856707,1385,1383,5
856717,1384,1383,5
856727,1384,1383,5
856737,1387,1383,5
856748,1381,1383,5
856758,1385,1383,5
856768,1385,1383,5
856778,1383,1383,5
856788,1386,1383,5
856799,1381,1383,5
856809,1384,1383,5
856819,1385,1383,5
856829,1381,1383,5
856839,1387,1383,5
856850,1383,1383,5
856860,1383,1383,5
856870,1386,1383,5
856880,1380,1383,5
856890,1387,1383,5
856900,1384,1383,5
856911,1382,1383,5
856921,1386,1383,5
856931,1381,1383,5
856941,1384,1383,5
856951,1385,1383,5
856962,1383,1383,5
856972,1385,1383,5
856982,1381,1383,5
856992,1384,1383,5
857002,1386,1383,5
857013,1381,1383,5
857023,1388,1383,5
857033,1383,1383,5
857043,1383,1383,5
857053,1384,1383,5
857064,1381,1383,5
857074,1386,1383,5
857084,1383,1383,5
857094,1383,1383,5
857104,1387,1383,5
857115,1381,1383,5
857125,1384,1383,5
857135,1386,1383,5
857145,1384,1383,5
857155,1386,1383,5
857166,1382,1383,5
857176,1385,1383,5
857186,1385,1383,5
857196,1382,1383,5
857206,1385,1383,5
857216,1383,1383,5
857227,1384,1383,5
857237,1386,1383,5
857247,1381,1383,5
857257,1384,1383,5
857267,1384,1383,5
857278,1382,1383,5
857288,1386,1383,5
857298,1381,1383,5
857308,1384,1383,5
857318,1385,1383,5
857329,1380,1383,5
857339,1385,1383,5
857349,1381,1383,5
857359,1384,1383,5
857369,1386,1383,5
857380,1380,1383,5
857390,1385,1383,5
857400,1383,1383,4
857410,1382,1383,4
RIM
857430,864,865,27
857441,849,865,26
857451,865,865,26
857461,854,865,26
857471,861,865,25
857481,861,865,26
857492,859,865,25
857502,871,866,24
857512,861,866,23
857522,869,866,22
857532,869,866,22
857543,867,866,21
857553,879,866,22
857563,870,866,22
857573,875,866,22
857583,881,866,24
857594,877,866,25
857604,883,867,26
857614,880,867,27
857624,884,867,28
857634,891,867,33
857644,886,867,36
857655,893,868,40
857665,891,868,45
857675,897,868,51
857685,906,868,63
857695,902,869,71
857706,913,869,87
857716,924,870,111
857726,931,870,141
857736,954,871,198
857746,966,872,271
857757,974,873,355
857767,968,874,429
857777,948,874,474
857787,950,875,519
857797,943,876,556
857807,951,876,601
857818,955,877,651
857828,951,878,693
857838,958,879,744
857848,951,879,787
857858,956,880,832
857869,965,881,890
857879,965,882,945
857889,973,883,1010
857899,971,883,1074
857909,973,884,1135
857920,976,885,1201
857930,972,886,1258
857940,975,887,1319
857950,973,888,1376
857960,963,889,1416
857971,960,889,1455
857981,945,890,1475
857991,940,891,1489
858001,929,891,1498
858011,914,892,1495
858022,911,892,1493
858032,898,892,1489
858042,893,892,1483
858052,896,893,1479
858062,880,893,1473
858073,884,893,1468
858083,883,893,1465
858093,877,893,1459
858103,882,893,1456
858113,880,893,1452
858124,880,893,1447
858134,889,894,1442
858144,883,894,1435
858154,890,894,1431
858164,885,894,1426
858175,886,894,1419
858185,891,894,1416
858195,885,895,1407
858205,888,895,1400
858215,884,895,1397
858226,878,895,1391
858236,884,895,1388
858246,875,895,1383
858256,875,895,1379
858266,879,895,1377
858277,876,895,1372
858287,882,896,1367
858297,876,896,1363
858307,879,896,1358
858317,882,896,1355
858328,879,896,1349
858338,883,896,1345
858348,881,896,1341
858358,878,896,1335
858368,890,896,1331
858378,881,897,1323
858389,888,897,1317
858399,888,897,1312
858409,883,897,1305
858419,892,897,1300
858429,884,897,1294
858440,886,897,1288
858450,888,898,1282
858460,883,898,1275
858470,890,898,1270
858480,884,898,1263
858491,882,898,1256
858501,892,898,1251
858511,879,898,1245
858521,887,899,1238
858531,884,899,1232
858542,886,899,1224
858552,891,899,1219
858562,885,899,1211
858572,891,899,1205
858582,890,900,1198
858593,888,900,1187
858603,895,900,1182
858613,889,900,1174
858623,893,900,1166
858633,896,900,1162
858644,892,901,1151
OSM
858665,421,419,3
858675,422,419,3
858685,420,419,3
858695,419,419,3
858705,419,419,3
858716,419,419,3
858726,420,419,3
858736,417,419,3
858746,417,419,3
858756,420,419,3
858767,419,419,3
858777,418,419,3
858787,420,419,3
858797,416,419,3
858807,424,419,3
858818,419,419,3
858828,420,419,3
858838,417,419,3
858848,418,419,3
858858,418,419,3
858868,427,419,3
858879,420,419,3
858889,420,419,3
858899,416,419,3
858909,419,419,3
858919,419,419,3
858930,417,419,3
858940,418,419,3
858950,422,419,3
858960,419,419,3
858970,417,419,3
858980,418,419,3
858991,420,419,3
859001,418,419,3
859011,418,419,3
859021,421,419,3
859031,418,419,3
859042,419,419,3
859052,419,419,3
859062,416,419,3
859072,419,419,3
859082,425,419,4
859093,419,419,3
859103,419,419,3
859113,415,419,4
859123,419,419,4
859133,419,419,4
859143,421,419,4
859154,419,419,4
859164,418,419,4
859174,422,419,4
859184,420,419,4
859194,416,419,4
859205,419,419,4
859215,420,419,3
859225,417,419,4
859235,417,419,4
859245,418,419,4
859255,419,419,3
859266,425,419,4
859276,422,419,4
859286,420,419,4
859296,417,419,4
859306,420,419,4
859317,421,419,4
859327,420,419,4
859337,424,419,4
859347,418,419,4
859357,421,419,4
859368,418,419,4
859378,427,419,4
859388,419,419,4
859398,419,419,4
859408,418,419,4
859418,419,419,4
859429,417,419,5
859439,420,419,5
859449,420,419,4
859459,418,419,4
859469,417,419,5
859480,418,419,5
859490,420,419,4
859500,418,419,4
859510,417,419,4
859520,420,419,4
859530,420,419,4
859541,419,419,4
859551,419,419,4
859561,418,419,4
859571,421,419,4
859581,421,419,4
859592,421,419,4
859602,418,419,4
859612,421,419,4
859622,420,419,4
859632,419,419,4
859643,421,419,4
859653,420,419,4
859663,417,419,4
859673,420,419,4
859683,421,419,4
859693,421,419,4
859704,421,419,4
859714,418,419,4
859724,418,419,4
859734,421,419,4
859744,420,419,4
859755,420,419,4
859765,418,419,4
859775,421,419,4
859785,421,419,4
859795,423,419,4
859805,418,419,4
859816,419,419,4
859826,420,419,4
859836,422,419,4
859846,419,419,4
859856,419,419,4
859867,418,419,4
859877,418,419,4
SIM
859897,1385,1383,4
859907,1388,1383,5
859917,1385,1383,5
859928,1386,1383,5
859938,1388,1383,5
859948,1385,1383,5
859958,1388,1383,5
859968,1389,1383,5
859979,1389,1383,5
859989,1392,1384,5
859999,1387,1384,5
860009,1392,1384,6
860019,1392,1384,6
860030,1390,1384,6
860040,1395,1384,7
860050,1391,1384,8
860060,1395,1384,9
860070,1396,1384,10
860081,1392,1384,10
860091,1397,1384,12
860101,1394,1384,13
860111,1395,1384,13
860121,1398,1385,14
860132,1393,1385,14
860142,1396,1385,15
860152,1397,1385,17
860162,1395,1385,17
860172,1399,1385,19
860183,1396,1385,20
860193,1398,1385,21
860203,1399,1385,23
860213,1394,1386,22
860223,1399,1386,24
860233,1396,1386,24
860244,1397,1386,25
860254,1399,1386,27
860264,1395,1386,27
860274,1399,1386,29
860285,1398,1386,30
860295,1397,1386,31
860305,1401,1387,31
860315,1395,1387,31
860325,1400,1387,33
860335,1402,1387,35
860346,1396,1387,35
860356,1399,1387,36
860366,1396,1387,37
860376,1397,1387,37
860387,1399,1388,37
860397,1396,1388,37
860407,1400,1388,39
860417,1397,1388,39
860427,1399,1388,40
860437,1400,1388,41
860448,1394,1388,41
860458,1399,1388,42
860468,1397,1388,43
860478,1395,1389,42
860489,1399,1389,42
860499,1393,1389,42
860509,1395,1389,42
860519,1394,1389,42
860529,1390,1389,42
860540,1393,1389,42
860550,1386,1389,42
860560,1387,1389,41
860570,1386,1389,41
860580,1382,1389,41
860590,1386,1389,41
860601,1381,1389,41
860611,1381,1389,41
860621,1384,1389,42
860631,1379,1389,42
860641,1384,1389,42
860652,1382,1389,42
860662,1379,1389,43
860672,1384,1389,43
860682,1379,1389,43
860693,1384,1389,43
860703,1383,1389,43
860713,1378,1389,44
860723,1383,1389,44
860733,1380,1389,44
860743,1382,1389,45
860754,1382,1389,45
860764,1379,1389,45
860774,1383,1389,45
860784,1380,1389,46
860795,1381,1389,46
860805,1383,1389,46
860815,1378,1389,47
860825,1382,1389,47
860835,1383,1389,47
860845,1382,1389,47
860856,1384,1389,47
860866,1378,1389,48
860876,1382,1389,48
860886,1383,1389,48
860897,1378,1389,49
860907,1383,1388,50
860917,1379,1388,51
860927,1381,1388,51
860937,1382,1388,51
860948,1379,1388,51
860958,1381,1388,52
860968,1380,1388,52
860978,1378,1388,53
860988,1384,1388,53
860998,1377,1388,53
861009,1380,1388,54
861019,1381,1388,54
861029,1378,1388,54
861039,1384,1388,54
861049,1378,1388,55
861060,1380,1388,55
861070,1379,1388,56
861080,1379,1388,56
861090,1383,1388,56
861101,1379,1388,57
861111,1379,1388,57
RIM
861131,907,901,1140
861141,899,901,1117
861151,901,902,1105
861162,898,902,1086
861172,905,902,1072
861182,900,903,1056
861192,902,903,1040
861202,910,903,1032
861213,903,904,1016
861223,910,904,1006
861233,909,905,995
861243,915,905,984
861253,926,905,982
861264,922,906,972
861274,927,906,968
861284,924,907,964
861294,927,907,960
861304,934,907,961
861314,936,908,961
861325,980,909,998
861335,998,910,1060
861345,995,910,1115
861355,1004,911,1184
861365,1002,912,1247
861376,1007,913,1318
861386,1011,914,1395
861396,1009,915,1467
861406,1009,916,1540
861416,1005,916,1605
861427,1005,917,1667
861437,1007,918,1722
861447,1002,918,1762
861457,1001,918,1793
861467,1001,918,1830
861478,986,919,1859
861488,985,919,1888
861498,983,919,1917
861508,986,920,1945
861518,982,920,1967
861529,983,920,1992
861539,976,920,2006
861549,972,920,2020
861559,977,921,2035
861569,983,921,2051
861580,979,921,2063
861590,978,921,2068
861600,974,921,2070
861610,974,921,2071
861620,981,921,2076
861631,983,921,2086
861641,990,921,2102
861651,996,921,2126
861661,997,922,2158
861671,1002,922,2200
861682,1001,922,2247
861692,1003,923,2297
861702,1005,924,2352
861712,1003,924,2403
861722,1006,925,2455
861733,1006,926,2502
861743,1006,927,2544
861753,1008,928,2589
861763,1004,929,2616
861773,1008,930,2650
861784,1005,931,2676
861794,1006,932,2697
861804,1011,933,2725
861814,1009,934,2748
861824,1013,935,2773
861835,1012,936,2802
861845,1011,937,2823
861855,1014,938,2851
861865,1010,939,2868
861875,1012,941,2885
861886,1017,942,2911
861896,1012,943,2923
861906,1017,944,2942
861916,1015,945,2953
861926,1016,946,2955
861937,1019,947,2966
861947,1015,948,2958
861957,1016,949,2950
861967,1016,951,2942
861977,1016,952,2929
861988,1020,953,2925
861998,1016,954,2906
862008,1019,955,2892
862018,1020,956,2880
862028,1017,958,2858
862039,1020,959,2842
862049,1017,960,2818
862059,1019,961,2789
862069,1019,962,2773
862079,1016,963,2740
862090,1021,964,2719
862100,1019,965,2693
862110,1019,966,2658
862120,1020,968,2633
862130,1017,969,2593
862141,1021,970,2556
862151,1020,971,2519
862161,1020,972,2472
862171,1020,973,2433
862181,1021,974,2384
862192,1019,975,2328
862202,1020,976,2284
862212,1017,978,2215
862222,1021,979,2160
862232,1019,980,2097
862243,1019,981,2034
862253,1020,982,1977
862263,1018,983,1907
862273,1021,984,1846
862283,1019,985,1780
862294,1017,986,1707
862304,1021,987,1646
862314,1017,989,1569
862324,1020,990,1499
862334,1019,991,1431
862345,1023,992,1357
OSM
862366,409,419,5
862376,409,419,5
862386,409,419,6
862396,407,419,7
862406,408,418,9
862417,406,418,10
862427,406,418,12
862437,416,418,12
862447,407,418,13
862457,406,418,14
862468,411,418,14
862478,407,418,15
862488,406,418,16
862498,408,418,17
862508,409,418,18
862519,405,417,20
862529,408,417,20
862539,406,417,21
862549,408,417,22
862559,408,417,23
862570,405,417,23
862580,407,417,24
862590,409,417,24
862600,406,417,25
862610,410,417,26
862620,409,416,27
862631,410,416,27
862641,409,416,28
862651,406,416,28
862661,406,416,29
862671,409,416,29
862682,408,416,30
862692,406,416,31
862702,409,416,31
862712,408,416,31
862722,411,416,31
862733,406,415,33
862743,411,415,33
862753,407,415,34
862763,408,415,34
862773,409,415,34
862783,408,415,34
862794,409,415,34
862804,408,415,34
862814,407,415,35
862824,407,415,35
862834,407,415,35
862845,407,414,37
862855,409,414,37
862865,407,414,37
862875,408,414,37
862885,405,414,37
862896,409,414,37
862906,406,414,37
862916,408,414,37
862926,409,414,38
862936,407,414,38
862946,407,413,39
862957,407,413,39
862967,408,413,38
862977,409,413,38
862987,407,413,38
862997,408,413,38
863008,410,413,37
863018,407,413,37
863028,406,413,37
863038,409,413,36
863048,407,412,37
863059,405,412,37
863069,409,412,37
863079,409,412,35
863089,408,412,35
863099,406,412,34
863109,408,412,34
863120,406,412,34
863130,407,412,34
863140,407,411,35
863150,407,411,34
863160,409,411,34
863171,410,411,34
863181,407,411,33
863191,408,411,33
863201,406,411,32
863211,409,411,32
863222,409,411,32
863232,405,411,31
863242,408,411,31
863252,408,410,31
863262,410,410,31
863273,408,410,30
863283,406,410,29
863293,408,410,28
863303,410,410,27
863313,402,410,27
863323,407,410,26
863334,405,410,26
863344,407,410,25
863354,408,409,25
863364,404,409,24
863374,408,409,23
863385,409,409,22
863395,408,409,21
863405,406,409,20
863415,407,409,19
863425,410,409,19
863436,407,409,17
863446,405,408,17
863456,408,408,16
863466,408,408,15
863476,405,408,14
863486,409,408,13
863497,413,408,11
863507,409,408,10
863517,408,408,9
863527,407,408,8
863537,411,408,6
863548,406,407,6
863558,408,407,5
863568,409,407,4
863578,409,407,3
SIM
863598,1421,1388,66
863609,1422,1389,75
863619,1422,1389,84
863629,1418,1389,90
863639,1418,1389,97
863649,1411,1390,100
863660,1410,1390,104
863670,1407,1390,106
863680,1396,1390,106
863690,1393,1390,106
863700,1389,1390,106
863711,1388,1390,106
863721,1387,1390,106
863731,1382,1390,107
863741,1385,1390,107
863751,1385,1390,107
863762,1379,1390,108
863772,1386,1390,108
863782,1381,1389,109
863792,1395,1389,109
863802,1405,1389,111
863813,1405,1390,111
863823,1407,1390,113
863833,1406,1390,115
863843,1408,1390,118
863853,1410,1390,121
863864,1383,1390,121
863874,1382,1390,121
863884,1376,1390,122
863894,1377,1389,124
863904,1378,1389,124
863915,1375,1389,125
863925,1378,1389,126
863935,1376,1389,127
863945,1377,1389,127
863955,1380,1388,128
863966,1377,1388,128
863976,1378,1388,128
863986,1378,1388,128
863996,1377,1388,129
864006,1379,1388,128
864017,1374,1387,130
864027,1375,1387,130
864037,1375,1387,129
864047,1372,1387,130
864057,1376,1387,130
864068,1372,1386,132
864078,1372,1386,132
864088,1373,1386,132
864098,1371,1386,133
864108,1378,1386,132
864119,1377,1385,133
864129,1376,1385,132
864139,1375,1385,131
864149,1371,1385,132
864159,1375,1385,131
864170,1375,1384,131
864180,1372,1384,131
864190,1376,1384,130
864200,1372,1384,131
864210,1372,1384,131
864221,1376,1383,131
864231,1372,1383,132
864241,1376,1383,132
864251,1374,1383,132
864261,1376,1383,132
864272,1376,1383,133
864282,1372,1383,134
864292,1375,1383,134
864302,1375,1383,135
864312,1374,1383,135
864323,1378,1383,136
864333,1372,1383,136
864343,1377,1382,138
864353,1375,1382,138
864363,1374,1382,139
864374,1377,1382,139
864384,1374,1382,139
864394,1376,1382,139
864404,1379,1382,140
864414,1374,1382,140
864425,1377,1382,140
864435,1375,1382,141
864445,1374,1382,141
864455,1378,1382,141
864465,1374,1382,142
864476,1376,1382,142
864486,1376,1382,142
864496,1376,1382,142
864506,1378,1382,143
864516,1374,1382,143
864527,1378,1382,143
864537,1378,1382,143
864547,1374,1382,144
864557,1381,1382,144
864567,1375,1381,145
864578,1377,1381,145
864588,1377,1381,145
864598,1373,1381,146
864608,1378,1381,146
864618,1376,1381,146
864629,1375,1381,146
864639,1378,1381,146
864649,1373,1381,147
864659,1378,1381,147
864669,1376,1381,147
864680,1374,1381,147
864690,1380,1381,147
864700,1377,1381,147
864710,1377,1381,147
864720,1379,1381,147
864731,1375,1381,148
864741,1378,1381,148
864751,1375,1381,148
864761,1377,1381,148
864771,1378,1381,148
864782,1374,1381,148
864792,1379,1381,148
864802,1377,1381,149
864812,1375,1381,149
RIM
864833,890,992,1383
864843,880,991,1417
864853,884,991,1444
864863,875,991,1485
864873,880,991,1526
864883,876,991,1567
864894,879,990,1606
864904,881,990,1652
864914,874,990,1701
864924,879,990,1750
864934,876,989,1805
864945,873,989,1871
864955,881,989,1935
864965,875,988,2007
864975,877,988,2079
864985,880,988,2142
864996,873,987,2221
865006,882,987,2289
865016,873,986,2376
865026,876,985,2477
865036,878,984,2572
865047,871,983,2678
865057,879,982,2764
865067,876,981,2855
865077,872,980,2948
865087,878,979,3027
865098,871,978,3116
865108,875,977,3196
865118,875,976,3275
865128,870,974,3361
865138,878,973,3430
865149,868,972,3515
865159,872,971,3592
865169,875,970,3661
865179,868,969,3746
865189,876,968,3816
865200,868,967,3898
865210,868,966,3977
865220,874,965,4047
865230,867,964,4125
865240,871,964,4196
865250,869,963,4270
865261,867,962,4344
865271,872,961,4408
865281,864,960,4483
865291,864,959,4557
865301,869,958,4623
865312,864,957,4695
865322,872,956,4750
865332,864,955,4815
865342,866,954,4871
865352,871,953,4914
865363,862,952,4967
865373,869,951,5004
865383,863,950,5047
865393,864,949,5084
865403,869,947,5112
865414,861,946,5148
865424,868,945,5169
865434,866,944,5190
865444,863,943,5212
865454,870,942,5220
865465,862,940,5241
865475,866,939,5249
865485,871,938,5252
865495,861,937,5262
865505,869,936,5255
865516,861,935,5256
865526,863,933,5248
865536,869,932,5230
865546,861,931,5220
865556,870,930,5193
865567,862,928,5177
865577,863,927,5154
865587,870,926,5114
865597,860,925,5088
865607,867,923,5045
865618,864,922,5004
865628,863,921,4959
865638,869,920,4900
865648,863,918,4852
865658,864,917,4796
865669,868,916,4734
865679,861,915,4675
865689,870,913,4600
865699,862,912,4533
865709,863,911,4457
865720,870,909,4372
865730,859,908,4296
865740,869,907,4204
865750,863,906,4119
865760,862,904,4028
865771,871,903,3927
865781,859,902,3836
865791,868,901,3727
865801,864,899,3621
865811,862,898,3512
865822,871,897,3393
865832,861,895,3284
865842,866,894,3159
865852,867,893,3032
865862,861,891,2906
865872,869,890,2772
865883,863,889,2635
865893,862,888,2499
865903,871,886,2356
865913,861,885,2218
865923,868,884,2066
865934,863,882,1917
865944,863,881,1764
865954,866,880,1605
865964,859,879,1449
865974,868,877,1281
865985,866,876,1114
865995,861,875,950
866005,869,873,772
866015,859,872,602
866025,864,871,419
866036,867,870,236
866046,861,868,40
OSM
866067,422,407,5
866077,420,407,7
866087,423,408,8
866097,420,408,9
866108,418,408,10
866118,419,408,11
866128,418,408,11
866138,422,408,12
866148,419,408,13
866158,418,408,14
866169,422,408,16
866179,419,408,17
866189,417,409,16
866199,420,409,17
866209,423,409,19
866220,420,409,20
866230,420,409,21
866240,419,409,22
866250,420,409,23
866260,420,409,24
866271,423,409,25
866281,418,409,26
866291,421,410,26
866301,417,410,26
866311,418,410,27
866321,421,410,28
866332,417,410,28
866342,421,410,29
866352,421,410,30
866362,419,410,30
866372,419,410,31
866383,419,410,32
866393,420,411,31
866403,418,411,32
866413,419,411,32
866423,422,411,33
866434,423,411,34
866444,420,411,35
866454,421,411,36
866464,425,411,37
866474,421,411,38
866484,421,411,39
866495,420,412,38
866505,419,412,39
866515,417,412,39
866525,421,412,39
866535,422,412,40
866546,419,412,40
866556,422,412,41
866566,419,412,41
866576,419,412,41
866586,420,413,40
866597,420,413,40
866607,421,413,41
866617,419,413,41
866627,421,413,41
866637,420,413,41
866647,418,413,41
866658,420,413,41
866668,417,413,41
866678,420,413,41
866688,421,414,41
866698,419,414,41
866709,418,414,41
866719,420,414,40
866729,421,414,40
866739,420,414,40
866749,418,414,40
866760,421,414,40
866770,419,414,40
866780,419,414,40
866790,427,415,40
866800,421,415,39
866810,419,415,39
866821,424,415,39
866831,419,415,39
866841,419,415,38
866851,422,415,38
866861,419,415,38
866872,417,415,38
866882,418,415,37
866892,420,416,36
866902,426,416,36
866912,415,416,36
866923,419,416,35
866933,420,416,35
866943,419,416,34
866953,425,416,34
866963,419,416,34
866973,421,416,34
866984,419,417,32
866994,420,417,31
867004,418,417,31
867014,419,417,29
867024,421,417,28
867035,418,417,27
867045,420,417,26
867055,421,417,26
867065,417,417,24
867075,420,417,24
867086,420,418,22
867096,417,418,21
867106,418,418,20
867116,418,418,19
867126,422,418,19
867136,420,418,18
867147,419,418,16
867157,421,418,16
867167,417,418,15
867177,419,418,13
867187,420,419,12
867198,420,419,11
867208,422,419,11
867218,418,419,10
867228,421,419,8
867238,419,419,8
867249,423,419,7
