Polling for available serial device...
Opening serial monitor for com port: "/dev/ttyACM0"
Serial monitor opened successfully:
1540614,1292,1298,16
1540624,1298,1298,16
1540635,1294,1298,16
1540645,1297,1298,16
1540655,1297,1298,16
1540665,1291,1298,16
1540675,1298,1298,16
1540686,1295,1298,16
1540696,1294,1298,16
1540706,1298,1298,16
1540716,1292,1297,17
1540726,1295,1297,17
1540737,1295,1297,16
1540747,1293,1297,16
1540757,1298,1297,16
1540767,1293,1297,16
1540777,1296,1297,16
1540788,1298,1297,16
1540798,1291,1297,16
1540808,1297,1297,16
1540818,1293,1297,15
1540828,1295,1297,15
1540839,1298,1297,15
1540849,1291,1297,15
1540859,1297,1297,15
1540869,1295,1297,14
1540879,1293,1297,14
1540890,1299,1297,14
1540900,1292,1296,15
1540910,1295,1296,15
1540920,1298,1296,14
1540930,1292,1296,14
1540941,1298,1296,14
1540951,1293,1296,14
1540961,1295,1296,13
1540971,1297,1296,13
1540981,1292,1296,13
1540992,1297,1296,13
1541002,1295,1296,13
1541012,1294,1296,13
1541022,1297,1296,12
1541032,1292,1296,12
1541043,1296,1296,12
1541053,1297,1296,11
1541063,1293,1296,11
1541073,1298,1296,11
1541083,1293,1296,11
1541094,1297,1296,11
1541104,1296,1295,11
1541114,1291,1295,11
1541124,1297,1295,11
1541134,1292,1295,10
1541145,1294,1295,10
1541155,1298,1295,10
1541165,1292,1295,9
1541175,1297,1295,9
1541185,1294,1295,9
1541196,1293,1295,9
1541206,1299,1295,8
1541216,1292,1295,8
1541226,1297,1295,8
1541236,1297,1295,7
1541247,1293,1295,7
1541257,1296,1295,6
1541267,1291,1295,6
1541277,1295,1295,6
RIM
1541297,663,658,3
1541308,659,658,3
1541318,658,658,3
1541328,651,658,3
1541338,655,658,3
1541348,653,658,3
1541359,653,658,3
1541369,654,658,4
1541379,651,658,4
1541389,657,658,4
1541399,656,658,4
1541409,654,657,5
1541420,658,657,5
1541430,653,657,5
1541440,655,657,5
1541450,656,657,5
1541460,656,657,5
1541471,657,657,5
1541481,656,657,5
1541491,656,657,5
1541501,657,657,5
1541511,657,657,5
1541522,658,657,5
1541532,653,657,5
1541542,658,657,5
1541552,658,657,5
1541562,657,657,5
1541573,661,657,5
1541583,656,657,5
1541593,657,657,5
1541603,659,657,5
1541613,656,657,5
1541623,660,657,5
1541634,656,657,5
1541644,657,657,5
1541654,661,657,5
1541664,655,657,5
1541674,658,657,5
1541685,659,657,5
1541695,656,657,5
1541705,658,657,5
1541715,657,657,5
1541725,658,657,5
1541736,658,657,5
1541746,657,657,5
1541756,659,657,5
1541766,657,657,5
1541776,659,657,5
1541786,661,657,5
1541797,656,657,5
1541807,658,657,5
1541817,660,657,5
1541827,657,657,5
1541838,658,657,5
1541848,655,657,5
1541858,658,657,5
1541868,658,657,5
1541878,657,657,5
1541889,660,657,5
1541899,657,657,5
1541909,657,657,5
1541919,659,657,5
1541929,657,657,5
1541939,660,657,5
1541950,658,657,5
1541960,659,657,5
1541970,661,657,5
1541980,656,657,5
1541990,658,657,5
1542001,657,657,5
1542011,659,657,5
1542021,659,657,5
1542031,656,657,5
1542041,659,657,5
1542052,658,657,5
1542062,655,657,5
1542072,661,657,5
1542082,657,657,5
1542092,657,657,5
1542102,660,657,5
1542113,657,657,5
1542123,658,657,5
1542133,656,657,5
1542143,661,657,5
1542153,660,657,5
1542164,657,657,5
1542174,658,657,5
1542184,657,657,5
1542194,659,657,5
1542204,659,657,5
1542215,655,657,5
1542225,660,657,5
1542235,659,657,5
1542245,658,657,5
1542255,660,657,5
1542265,658,657,5
1542276,658,657,5
1542286,659,657,5
1542296,655,657,5
1542306,660,657,5
1542316,658,657,5
1542327,658,657,5
1542337,661,657,5
1542347,656,657,5
1542357,660,657,5
1542367,660,657,4
1542378,657,657,4
1542388,660,657,4
1542398,656,657,4
1542408,661,657,4
1542418,660,657,4
1542429,656,657,4
1542439,661,657,5
1542449,657,657,4
1542459,659,657,4
1542469,661,657,5
1542479,656,657,4
1542490,660,657,5
1542500,657,657,5
1542510,657,657,5
OSM
1542531,599,601,3
1542541,601,601,3
1542551,599,601,3
1542561,602,601,3
1542572,601,601,3
1542582,601,601,3
1542592,604,601,3
1542602,600,601,3
1542612,599,601,3
1542622,601,601,3
1542633,599,601,3
1542643,601,601,3
1542653,602,601,3
1542663,600,601,3
1542673,601,601,3
1542684,601,601,3
1542694,600,601,3
1542704,600,601,3
1542714,598,601,3
1542724,600,601,3
1542735,602,601,3
1542745,600,601,3
1542755,604,601,3
1542765,599,601,3
1542775,607,601,4
1542785,601,601,4
1542796,598,601,4
1542806,602,601,4
1542816,602,601,4
1542826,600,601,4
1542836,599,601,4
1542847,600,601,4
1542857,600,601,4
1542867,600,601,4
1542877,600,601,4
1542887,601,601,4
1542898,599,601,4
1542908,603,601,4
1542918,602,601,4
1542928,598,601,4
1542938,601,601,4
1542948,600,601,4
1542959,602,601,3
1542969,601,601,3
1542979,599,601,3
1542989,600,601,3
1542999,606,601,3
1543010,598,601,3
1543020,601,601,3
1543030,600,600,4
1543040,604,601,3
1543050,601,601,3
1543061,597,600,5
1543071,601,600,5
1543081,601,600,5
1543091,601,600,4
1543101,602,600,4
1543111,603,600,5
1543122,599,600,5
1543132,600,600,5
1543142,600,600,5
1543152,598,600,5
1543162,600,600,5
1543173,601,600,4
1543183,600,600,4
1543193,604,600,4
1543203,600,600,4
1543213,599,600,4
1543224,603,600,5
1543234,600,600,4
1543244,599,600,4
1543254,601,600,4
1543264,602,600,4
1543274,602,600,4
1543285,601,600,4
1543295,601,600,4
1543305,604,600,4
1543315,600,600,4
1543325,601,600,4
1543336,602,600,4
1543346,599,600,4
1543356,603,600,4
1543366,600,600,4
1543376,598,600,4
1543387,601,600,4
1543397,603,600,4
1543407,602,600,4
1543417,599,600,4
1543427,602,600,4
1543437,602,600,4
1543448,600,600,4
1543458,600,600,4
1543468,600,600,4
1543478,601,600,4
1543488,603,600,4
1543499,599,600,4
1543509,601,600,4
1543519,599,600,4
1543529,604,600,4
1543539,601,600,4
1543550,600,600,4
1543560,600,600,4
1543570,600,600,4
1543580,601,600,4
1543590,601,600,4
1543601,601,600,4
1543611,607,600,4
1543621,601,600,4
1543631,597,600,4
1543641,602,600,4
1543651,601,600,4
1543662,601,600,4
1543672,604,600,4
1543682,600,600,4
1543692,599,600,4
1543702,602,600,4
1543713,602,600,4
1543723,598,600,3
1543733,600,600,3
1543743,601,600,3
SIM
1543763,1296,1295,6
1543774,1299,1295,6
1543784,1294,1295,6
1543794,1297,1295,6
1543804,1298,1295,6
1543814,1294,1295,6
1543825,1300,1295,6
1543835,1295,1295,6
1543845,1294,1295,6
1543855,1300,1295,6
1543865,1294,1295,6
1543876,1297,1295,6
1543886,1296,1295,5
1543896,1294,1295,5
1543906,1300,1295,6
1543916,1293,1295,6
1543927,1298,1295,6
1543937,1296,1295,6
1543947,1294,1295,5
1543957,1299,1295,6
1543967,1293,1295,6
1543978,1296,1295,6
1543988,1299,1295,6
1543998,1292,1295,6
1544008,1298,1295,6
1544018,1294,1295,6
1544029,1294,1295,6
1544039,1299,1295,6
1544049,1293,1295,6
1544059,1298,1295,6
1544069,1298,1295,6
1544080,1294,1295,6
1544090,1299,1295,6
1544100,1292,1295,6
1544110,1298,1295,6
1544120,1298,1295,6
1544131,1294,1295,6
1544141,1298,1295,6
1544151,1294,1295,6
1544161,1297,1295,6
1544171,1298,1295,6
1544182,1293,1295,6
1544192,1301,1295,6
1544202,1296,1295,6
1544212,1296,1295,6
1544222,1299,1295,6
1544233,1293,1295,6
1544243,1297,1295,6
1544253,1297,1295,6
1544263,1294,1295,6
1544273,1300,1295,6
1544284,1295,1295,6
1544294,1297,1295,6
1544304,1298,1295,6
1544314,1293,1295,6
1544324,1297,1295,6
1544335,1294,1295,6
1544345,1296,1295,6
1544355,1298,1295,6
1544365,1292,1295,6
1544375,1299,1295,6
1544386,1295,1295,6
1544396,1297,1295,6
1544406,1300,1295,6
1544416,1295,1295,6
1544426,1297,1295,6
1544437,1299,1295,6
1544447,1294,1295,6
1544457,1299,1295,6
1544467,1295,1295,6
1544477,1297,1295,6
1544488,1299,1295,6
1544498,1294,1295,6
1544508,1298,1295,6
1544518,1296,1295,6
1544528,1295,1295,6
1544539,1300,1295,6
1544549,1293,1295,6
1544559,1297,1295,6
1544569,1296,1295,6
1544579,1295,1295,6
1544590,1300,1295,6
1544600,1293,1295,6
1544610,1297,1295,6
1544620,1297,1295,6
1544630,1292,1295,6
1544641,1299,1295,6
1544651,1294,1295,6
1544661,1295,1295,6
1544671,1298,1295,6
1544681,1293,1295,6
1544692,1299,1295,6
1544702,1296,1295,6
1544712,1294,1295,6
1544722,1299,1295,6
1544732,1294,1295,6
1544742,1298,1296,5
1544753,1296,1295,6
1544763,1295,1296,5
1544773,1296,1295,6
1544783,1295,1296,5
1544793,1297,1296,5
1544804,1298,1296,5
1544814,1293,1296,5
1544824,1298,1296,5
1544834,1295,1296,5
1544844,1296,1296,5
1544855,1298,1296,5
1544865,1293,1296,5
1544875,1300,1296,5
1544885,1296,1296,5
1544895,1296,1296,5
1544906,1298,1296,5
1544916,1293,1296,5
1544926,1297,1296,5
1544936,1297,1296,5
1544946,1293,1296,5
1544957,1298,1296,5
1544967,1293,1296,5
1544977,1296,1296,5
RIM
1544997,667,657,5
1545007,654,657,5
1545018,656,657,5
1545028,652,657,5
1545038,658,657,5
1545048,654,657,5
1545058,653,657,5
1545069,659,657,5
1545079,654,657,5
1545089,657,657,5
1545099,657,657,5
1545109,656,657,5
1545120,657,657,5
1545130,654,657,5
1545140,659,657,5
1545150,656,657,5
1545160,654,657,5
1545171,660,657,5
1545181,654,657,5
1545191,657,657,5
1545201,658,657,5
1545211,657,657,5
1545221,658,657,5
1545232,657,657,5
1545242,656,657,5
1545252,660,657,5
1545262,655,657,5
1545272,657,657,5
1545283,658,657,5
1545293,658,657,5
1545303,660,657,5
1545313,656,657,5
1545323,660,657,5
1545334,658,657,5
1545344,656,657,5
1545354,659,657,5
1545364,657,657,4
1545374,660,657,5
1545384,658,657,5
1545395,656,657,5
1545405,659,657,5
1545415,657,657,5
1545425,658,657,5
1545435,659,657,5
1545446,656,657,5
1545456,661,657,5
1545466,657,657,5
1545476,659,657,5
1545486,661,657,5
1545497,658,657,5
1545507,658,657,5
1545517,659,657,5
1545527,658,657,5
1545537,659,657,5
1545547,655,657,5
1545558,659,657,5
1545568,658,657,5
1545578,658,657,5
1545588,660,657,5
1545598,655,657,5
1545609,659,657,5
1545619,660,657,5
1545629,656,657,5
1545639,660,657,5
1545649,659,657,5
1545660,658,657,5
1545670,658,657,5
1545680,656,657,5
1545690,658,657,5
1545700,658,657,5
1545710,659,657,5
1545721,661,657,5
1545731,658,657,5
1545741,660,657,5
1545751,659,657,5
1545761,658,657,5
1545772,658,657,5
1545782,657,657,5
1545792,657,657,5
1545802,660,657,5
1545812,658,657,5
1545823,659,657,5
1545833,657,657,5
1545843,660,657,5
1545853,660,657,5
1545863,654,657,5
1545874,659,657,5
1545884,657,657,5
1545894,659,657,5
1545904,659,657,5
1545914,656,657,5
1545924,659,657,5
1545935,659,657,5
1545945,656,657,5
1545955,658,657,5
1545965,658,657,5
1545975,659,657,5
1545986,658,657,5
1545996,655,657,5
1546006,661,657,5
1546016,658,657,5
1546026,657,657,5
1546037,661,657,5
1546047,656,657,5
1546057,660,657,5
1546067,659,657,5
1546077,657,657,5
1546087,661,657,5
1546098,655,657,5
1546108,660,657,5
1546118,658,657,5
1546128,658,657,5
1546138,660,657,5
1546149,655,657,5
1546159,658,657,5
1546169,663,657,5
1546179,656,657,5
1546189,660,657,5
1546200,659,657,5
1546210,657,657,5
OSM
1546231,599,600,3
1546241,602,600,3
1546251,601,600,3
1546261,602,600,3
1546272,601,600,3
1546282,601,600,3
1546292,600,600,3
1546302,602,600,3
1546312,602,600,3
1546322,601,600,3
1546333,601,600,3
1546343,603,600,3
1546353,604,600,3
1546363,600,600,3
1546373,599,600,3
1546384,602,600,3
1546394,599,600,4
1546404,600,600,4
1546414,600,600,3
1546424,601,600,3
1546435,601,600,3
1546445,600,600,3
1546455,601,600,3
1546465,602,600,3
1546475,600,600,3
1546485,601,600,3
1546496,600,600,3
1546506,599,600,3
1546516,600,600,3
1546526,599,600,3
1546536,603,600,3
1546547,599,600,3
1546557,598,600,3
1546567,600,600,3
1546577,602,600,3
1546587,601,600,3
1546598,600,600,3
1546608,603,600,3
1546618,600,600,3
1546628,599,600,3
1546638,601,600,3
1546648,600,600,3
1546659,601,600,3
1546669,600,600,3
1546679,602,600,3
1546689,601,600,3
1546699,599,600,3
1546710,600,600,3
1546720,600,600,3
1546730,599,600,3
1546740,602,600,3
1546750,603,600,3
1546761,600,600,3
1546771,599,600,3
1546781,601,600,3
1546791,601,600,3
1546801,600,600,2
1546811,598,600,2
1546822,603,600,2
1546832,601,600,3
1546842,600,600,3
1546852,599,600,2
1546862,601,600,2
1546873,603,600,3
1546883,598,600,3
1546893,602,600,2
1546903,601,600,2
1546913,599,600,2
1546924,599,600,2
1546934,602,600,2
1546944,601,600,2
1546954,600,600,2
1546964,599,600,2
1546974,604,600,3
1546985,601,600,3
1546995,601,600,3
1547005,601,600,2
1547015,600,600,2
1547025,601,600,2
1547036,600,600,2
1547046,599,600,2
1547056,601,600,2
1547066,603,600,2
1547076,598,600,2
1547087,601,600,2
1547097,603,600,2
1547107,601,600,2
1547117,600,600,2
1547127,602,600,2
1547137,601,600,2
1547148,600,600,2
1547158,600,600,2
1547168,601,600,2
1547178,600,600,2
1547188,601,600,2
1547199,603,600,2
1547209,600,600,2
1547219,601,600,2
1547229,601,600,2
1547239,603,600,2
1547250,600,600,2
1547260,601,600,2
1547270,603,600,2
1547280,600,600,2
1547290,601,600,2
1547300,600,600,2
1547311,600,600,2
1547321,601,600,2
1547331,602,600,2
1547341,603,600,2
1547351,599,600,2
1547362,599,600,2
1547372,604,600,2
1547382,606,600,2
1547392,599,600,2
1547402,601,600,2
1547413,599,600,2
1547423,600,600,2
1547433,604,600,2
1547443,601,600,2
SIM
1547463,1295,1296,5
1547474,1299,1296,5
1547484,1295,1296,5
1547494,1297,1296,5
1547504,1297,1296,5
1547514,1292,1296,5
1547525,1299,1296,5
1547535,1295,1296,5
1547545,1297,1296,5
1547555,1297,1296,5
1547565,1293,1296,5
1547576,1298,1296,5
1547586,1296,1296,5
1547596,1294,1296,5
1547606,1299,1296,5
1547616,1293,1296,5
1547627,1297,1296,5
1547637,1297,1296,5
1547647,1292,1296,5
1547657,1299,1296,5
1547667,1294,1296,5
1547678,1297,1296,5
1547688,1298,1296,5
1547698,1292,1296,5
1547708,1298,1296,5
1547718,1296,1296,5
1547729,1295,1296,5
1547739,1300,1296,5
1547749,1294,1296,5
1547759,1299,1296,5
1547769,1299,1296,5
1547780,1294,1296,5
1547790,1299,1296,5
1547800,1293,1296,5
1547810,1297,1296,5
1547820,1298,1296,5
1547831,1293,1296,5
1547841,1299,1296,5
1547851,1294,1296,5
1547861,1295,1296,5
1547871,1299,1296,5
1547882,1293,1296,5
1547892,1296,1296,5
1547902,1296,1296,5
1547912,1294,1296,5
1547922,1299,1296,5
1547933,1294,1296,5
1547943,1297,1296,5
1547953,1299,1296,5
1547963,1293,1296,5
1547973,1299,1296,5
1547984,1294,1296,5
1547994,1296,1296,5
1548004,1298,1296,5
1548014,1292,1296,5
1548024,1298,1296,5
1548035,1295,1296,5
1548045,1296,1296,5
1548055,1300,1296,5
1548065,1293,1296,5
1548075,1299,1296,5
1548086,1296,1296,5
1548096,1295,1296,5
1548106,1299,1296,5
1548116,1293,1296,5
1548126,1297,1296,5
1548137,1298,1296,5
1548147,1293,1296,5
1548157,1299,1296,5
1548167,1294,1296,5
1548177,1297,1296,5
1548188,1298,1296,5
1548198,1293,1296,5
1548208,1299,1296,5
1548218,1296,1296,5
1548228,1296,1296,5
1548239,1298,1296,5
1548249,1294,1296,5
1548259,1298,1296,5
1548269,1297,1296,5
1548279,1294,1296,5
1548290,1299,1296,5
1548300,1293,1296,5
1548310,1299,1296,5
1548320,1300,1296,5
1548330,1292,1296,5
1548341,1299,1296,5
1548351,1294,1296,5
1548361,1295,1296,5
1548371,1298,1296,5
1548381,1295,1296,5
1548392,1299,1296,5
1548402,1296,1296,5
1548412,1295,1296,5
1548422,1301,1296,5
1548432,1293,1296,5
1548443,1298,1296,5
1548453,1297,1296,5
1548463,1294,1296,5
1548473,1300,1296,5
1548483,1293,1296,5
1548494,1296,1296,5
1548504,1298,1296,5
1548514,1292,1296,5
1548524,1299,1296,5
1548534,1296,1296,5
1548545,1296,1296,5
1548555,1298,1296,5
1548565,1292,1296,5
1548575,1298,1296,5
1548585,1296,1296,5
1548596,1294,1296,5
1548606,1299,1296,5
1548616,1293,1296,5
1548626,1298,1296,5
1548636,1298,1296,5
1548647,1294,1296,5
1548657,1299,1296,5
1548667,1293,1296,5
1548677,1297,1296,5
RIM
1548698,664,657,4
1548708,657,657,4
1548718,657,657,4
1548728,655,657,4
1548738,656,657,4
1548749,655,657,4
1548759,653,657,4
1548769,657,657,4
1548779,655,657,4
1548789,656,657,4
1548799,656,657,4
1548810,656,657,4
1548820,659,657,4
1548830,654,657,4
1548840,657,657,4
1548850,657,657,4
1548861,659,657,4
1548871,659,657,4
1548881,655,657,4
1548891,658,657,4
1548901,657,657,4
1548912,656,657,4
1548922,659,657,4
1548932,658,657,4
1548942,659,657,4
1548952,658,657,4
1548962,657,657,4
1548973,657,657,4
1548983,658,657,4
1548993,657,657,4
1549003,662,657,4
1549013,656,657,4
1549024,658,657,4
1549034,658,657,4
1549044,660,657,4
1549054,660,657,4
1549064,654,657,4
1549075,658,657,4
1549085,659,657,4
1549095,656,657,4
1549105,659,657,4
1549115,660,657,4
1549126,659,657,4
1549136,659,657,4
1549146,655,657,4
1549156,660,657,4
1549166,658,657,4
1549176,655,657,4
1549187,661,657,4
1549197,657,657,4
1549207,658,657,4
1549217,659,657,4
1549227,656,657,4
1549238,662,657,4
1549248,656,657,4
1549258,657,657,4
1549268,659,657,4
1549278,658,657,4
1549289,659,657,4
1549299,656,657,4
1549309,659,657,4
1549319,660,657,4
1549329,655,657,4
1549339,660,657,4
1549350,658,657,4
1549360,658,657,4
1549370,660,657,4
1549380,656,657,4
1549390,659,657,4
1549401,657,657,4
1549411,657,657,4
1549421,661,657,4
1549431,656,657,4
1549441,659,657,4
1549452,660,657,4
1549462,657,657,4
1549472,659,657,4
1549482,659,657,4
1549492,659,657,4
1549503,659,657,4
1549513,656,657,4
1549523,662,657,4
1549533,657,657,4
1549543,657,657,4
1549553,660,657,4
1549564,655,657,4
1549574,659,657,4
1549584,659,657,4
1549594,660,657,4
1549604,660,657,4
1549615,658,657,4
1549625,658,657,4
1549635,659,657,4
1549645,656,657,4
1549655,662,658,4
1549666,657,657,5
1549676,657,657,5
1549686,661,658,4
1549696,657,658,4
1549706,659,658,4
1549716,657,657,5
1549727,657,657,5
1549737,658,657,4
1549747,658,657,4
1549757,659,657,4
1549767,657,657,4
1549778,657,657,4
1549788,659,657,4
1549798,657,657,4
1549808,659,657,4
1549818,657,657,4
1549829,658,657,4
1549839,661,657,4
1549849,657,657,4
1549859,659,657,4
1549869,662,657,4
1549880,656,657,4
1549890,660,657,4
1549900,657,657,4
1549910,658,657,4
OSM
1549931,599,600,2
1549941,601,600,2
1549951,602,600,2
1549961,601,600,2
1549972,602,600,2
1549982,598,600,2
1549992,602,600,2
1550002,598,600,2
1550012,601,600,2
1550022,603,600,2
1550033,600,600,2
1550043,609,600,3
1550053,602,600,3
1550063,597,600,3
1550073,601,600,3
1550084,600,600,3
1550094,599,600,3
1550104,601,600,3
1550114,601,600,3
1550124,602,600,3
1550135,599,600,3
1550145,600,600,3
1550155,601,600,3
1550165,600,600,3
1550175,599,600,3
1550185,602,600,3
1550196,597,600,3
1550206,600,600,3
1550216,600,600,3
1550226,603,600,3
1550236,602,600,3
1550247,600,600,3
1550257,603,600,3
1550267,599,600,3
1550277,598,600,3
1550287,601,600,3
1550298,603,600,3
1550308,601,600,3
1550318,599,600,3
1550328,600,600,3
1550338,600,600,3
1550348,602,600,3
1550359,600,600,3
1550369,602,600,3
1550379,601,600,3
1550389,602,600,3
1550399,598,600,3
1550410,601,600,3
1550420,602,600,3
1550430,600,600,3
1550440,600,600,3
1550450,601,600,3
1550461,602,600,3
1550471,601,600,3
1550481,600,600,3
1550491,599,600,3
1550501,602,600,3
1550511,600,600,3
1550522,603,600,3
1550532,608,600,4
1550542,600,600,4
1550552,599,600,4
1550562,601,600,4
1550573,603,600,4
1550583,597,600,4
1550593,602,600,4
1550603,602,600,4
1550613,600,600,4
1550624,600,600,4
1550634,601,600,4
1550644,601,600,4
1550654,600,600,4
1550664,599,600,4
1550674,601,600,4
1550685,599,600,4
1550695,597,600,4
1550705,599,600,4
1550715,603,600,4
1550725,600,600,4
1550736,601,600,4
1550746,602,600,4
1550756,600,600,4
1550766,602,600,4
1550776,602,600,4
1550787,600,600,4
1550797,598,600,4
1550807,602,600,4
1550817,600,600,4
1550827,601,600,4
1550837,603,600,4
1550848,600,600,4
1550858,603,600,4
1550868,601,600,4
1550878,599,600,4
1550888,601,600,4
1550899,598,600,4
1550909,602,600,4
1550919,603,600,4
1550929,601,600,4
1550939,602,600,4
1550950,601,600,4
1550960,600,600,4
1550970,601,600,4
1550980,601,600,4
1550990,600,600,4
1551000,600,600,4
1551011,599,600,4
1551021,604,600,4
1551031,600,600,4
1551041,598,600,4
1551051,602,600,4
1551062,601,600,4
1551072,604,600,4
1551082,600,600,3
1551092,602,600,4
1551102,602,600,4
1551113,602,600,4
1551123,598,600,4
1551133,600,600,3
1551143,602,600,3
SIM
1551163,1296,1296,5
1551174,1300,1296,5
1551184,1293,1296,5
1551194,1296,1296,5
1551204,1298,1296,5
1551214,1291,1296,6
1551225,1300,1296,6
1551235,1296,1296,6
1551245,1297,1296,6
1551255,1297,1296,6
1551265,1293,1296,6
1551276,1297,1296,6
1551286,1297,1296,6
1551296,1293,1296,6
1551306,1300,1296,6
1551316,1293,1296,6
1551327,1297,1296,6
1551337,1297,1296,6
1551347,1294,1296,6
1551357,1300,1296,6
1551367,1294,1296,6
1551378,1296,1296,6
1551388,1297,1296,6
1551398,1293,1296,6
1551408,1300,1296,6
1551418,1295,1296,6
1551429,1298,1296,6
1551439,1300,1296,6
1551449,1293,1296,6
1551459,1299,1296,6
1551469,1297,1296,6
1551480,1294,1296,6
1551490,1299,1296,6
1551500,1293,1296,6
1551510,1297,1296,6
1551520,1298,1296,6
1551531,1292,1296,6
1551541,1298,1296,6
1551551,1294,1296,6
1551561,1296,1296,6
1551571,1297,1296,6
1551582,1294,1296,6
1551592,1298,1296,6
1551602,1295,1296,6
1551612,1295,1296,6
1551622,1299,1296,6
1551633,1294,1296,6
1551643,1297,1296,6
1551653,1297,1296,5
1551663,1296,1296,5
1551673,1300,1296,5
1551684,1294,1296,5
1551694,1298,1296,5
1551704,1299,1296,6
1551714,1294,1296,5
1551724,1300,1296,6
1551735,1295,1296,6
1551745,1295,1296,6
1551755,1298,1296,5
1551765,1293,1296,5
1551775,1299,1296,5
1551786,1297,1296,5
1551796,1293,1296,6
1551806,1298,1296,5
1551816,1293,1296,5
1551826,1297,1296,5
1551837,1297,1296,5
1551847,1294,1296,5
1551857,1299,1296,5
1551867,1294,1296,5
1551877,1296,1296,5
1551888,1299,1296,5
1551898,1292,1296,5
1551908,1298,1296,5
1551918,1296,1296,5
1551928,1295,1296,5
1551939,1298,1296,5
1551949,1293,1296,5
1551959,1299,1296,6
1551969,1297,1296,6
1551979,1294,1296,6
1551990,1300,1296,6
1552000,1292,1296,6
1552010,1298,1296,6
1552020,1299,1296,6
1552030,1293,1296,5
1552041,1298,1296,5
1552051,1294,1296,5
1552061,1295,1296,5
1552071,1298,1296,5
1552081,1292,1296,6
1552092,1300,1296,6
1552102,1296,1296,6
1552112,1295,1296,6
1552122,1300,1296,6
1552132,1293,1296,6
1552143,1297,1296,6
1552153,1297,1296,6
1552163,1296,1296,6
1552173,1299,1296,5
1552183,1293,1296,5
1552194,1297,1296,5
1552204,1297,1296,5
1552214,1293,1296,5
1552224,1299,1296,5
1552234,1295,1296,5
1552245,1296,1296,5
1552255,1297,1296,5
1552265,1293,1296,5
1552275,1301,1296,5
1552285,1297,1296,5
1552296,1297,1296,5
1552306,1299,1296,5
1552316,1292,1296,6
1552326,1298,1296,6
1552336,1295,1296,5
1552347,1295,1296,5
1552357,1300,1296,6
1552367,1292,1296,6
1552377,1297,1296,6
RIM
1552397,665,657,4
1552408,655,657,4
1552418,656,657,4
1552428,653,657,4
1552438,657,657,4
1552448,654,657,4
1552459,656,657,4
1552469,657,657,4
1552479,653,657,4
1552489,658,657,4
1552499,655,657,4
1552510,653,657,5
1552520,659,657,5
1552530,653,657,5
1552540,658,657,5
1552550,660,657,5
1552560,657,657,5
1552571,659,657,5
1552581,654,657,5
1552591,656,657,5
1552601,658,657,5
1552611,658,657,5
1552622,660,657,5
1552632,655,657,5
1552642,657,657,5
1552652,660,657,5
1552662,656,657,5
1552673,659,657,5
1552683,659,657,5
1552693,657,657,5
1552703,661,657,5
1552713,656,657,5
1552723,659,657,5
1552734,659,657,5
1552744,657,657,5
1552754,661,657,5
1552764,656,657,5
1552774,657,657,5
1552785,660,657,5
1552795,655,657,5
1552805,658,657,5
1552815,657,657,5
1552825,658,657,5
1552836,660,657,5
1552846,657,657,5
1552856,660,657,5
1552866,657,657,5
1552876,660,657,5
1552886,660,657,5
1552897,657,657,5
1552907,660,657,5
1552917,658,657,5
1552927,657,657,5
1552937,661,657,5
1552948,654,657,5
1552958,659,657,5
1552968,659,657,5
1552978,657,657,5
1552988,659,657,5
1552999,658,657,5
1553009,659,657,5
1553019,658,657,5
1553029,656,657,5
1553039,659,657,5
1553050,657,657,5
1553060,658,657,5
1553070,659,657,5
1553080,656,657,5
1553090,660,657,5
1553100,657,657,5
1553111,657,657,5
1553121,661,657,5
1553131,655,657,5
1553141,660,657,5
1553151,661,657,5
1553162,656,657,5
1553172,659,657,5
1553182,658,657,5
1553192,659,657,5
1553202,660,657,5
1553213,657,657,5
1553223,662,657,5
1553233,657,657,5
1553243,658,657,5
1553253,659,657,5
1553263,657,657,5
1553274,659,657,5
1553284,659,657,5
1553294,657,657,5
1553304,659,657,5
1553314,660,657,5
1553325,659,657,5
1553335,658,657,5
1553345,658,657,5
1553355,660,657,4
1553365,658,657,4
1553376,658,657,4
1553386,660,657,4
1553396,660,657,5
1553406,660,657,5
1553416,657,657,5
1553426,659,657,5
1553437,659,658,4
1553447,656,657,5
1553457,660,657,5
1553467,657,657,5
1553477,657,657,5
1553488,660,658,4
1553498,657,658,4
1553508,658,657,5
1553518,657,657,5
1553528,657,657,5
1553539,661,657,5
1553549,655,657,5
1553559,660,657,5
1553569,659,657,5
1553579,655,657,5
1553589,660,657,5
1553600,657,657,5
1553610,657,657,5
OSM
1553631,599,600,3
1553641,602,600,4
1553651,599,600,3
1553661,602,600,4
1553672,603,600,4
1553682,600,600,4
1553692,603,600,4
1553702,601,600,4
1553712,598,600,4
1553722,602,600,4
1553733,600,600,4
1553743,599,600,3
1553753,601,600,3
1553763,601,600,3
1553773,601,600,3
1553784,598,600,3
1553794,602,600,3
1553804,600,600,3
1553814,602,600,3
1553824,601,600,3
1553835,599,600,3
1553845,601,600,3
1553855,601,600,3
1553865,600,600,3
1553875,601,600,3
1553885,601,600,3
1553896,600,600,3
1553906,602,600,3
1553916,600,600,3
1553926,599,600,3
1553936,603,600,3
1553947,600,600,3
1553957,599,600,3
1553967,601,600,3
1553977,601,600,3
1553987,604,600,3
1553998,599,600,3
1554008,598,600,3
1554018,602,600,3
1554028,602,600,3
1554038,599,600,3
1554048,600,600,3
1554059,599,600,3
1554069,600,600,3
1554079,600,600,3
1554089,602,600,3
1554099,598,600,3
1554110,601,600,3
1554120,603,600,3
1554130,601,600,3
1554140,603,600,3
1554150,598,600,3
1554161,601,600,3
1554171,603,600,3
1554181,600,600,3
1554191,599,600,3
1554201,600,600,3
1554211,599,600,3
1554222,601,600,3
1554232,602,600,2
1554242,601,600,2
1554252,599,600,2
1554262,601,600,2
1554273,601,600,2
1554283,598,600,2
1554293,602,600,2
1554303,601,600,2
1554313,600,600,2
1554324,600,600,2
1554334,602,600,2
1554344,602,600,2
1554354,600,600,2
1554364,598,600,2
1554374,602,600,2
1554385,601,600,2
1554395,598,600,2
1554405,599,600,2
1554415,601,600,2
1554425,599,600,2
1554436,600,600,2
1554446,601,600,2
1554456,603,600,2
1554466,603,600,2
1554476,601,600,2
1554487,599,600,2
1554497,599,600,2
1554507,600,600,2
1554517,599,600,2
1554527,601,600,2
1554537,601,600,2
1554548,595,600,2
1554558,602,600,2
1554568,602,600,2
1554578,599,600,2
1554588,603,600,2
1554599,600,600,2
1554609,601,600,2
1554619,602,600,2
1554629,605,600,3
1554639,602,600,3
1554650,599,600,3
1554660,601,600,3
1554670,602,600,3
1554680,601,600,3
1554690,601,600,3
1554700,600,600,3
1554711,600,600,3
1554721,601,600,2
1554731,600,600,2
1554741,599,600,2
1554751,601,600,2
1554762,601,600,2
1554772,600,600,2
1554782,601,600,2
1554792,602,600,2
1554802,601,600,2
1554813,599,600,2
1554823,601,600,2
1554833,601,600,2
1554843,600,600,2
SIM
1554863,1296,1296,6
1554874,1299,1296,6
1554884,1293,1296,6
1554894,1297,1296,6
1554904,1297,1296,6
1554914,1293,1296,5
1554925,1299,1296,5
1554935,1294,1296,5
1554945,1296,1296,5
1554955,1301,1296,6
1554965,1293,1296,6
1554976,1297,1296,6
1554986,1295,1296,6
1554996,1293,1296,6
1555006,1299,1296,5
1555016,1292,1296,6
1555027,1299,1296,6
1555037,1298,1296,6
1555047,1293,1296,6
1555057,1299,1296,6
1555067,1292,1296,6
1555078,1296,1296,6
1555088,1298,1296,6
1555098,1292,1296,6
1555108,1297,1296,6
1555118,1295,1296,6
1555129,1297,1296,6
1555139,1300,1296,6
1555149,1294,1296,6
1555159,1299,1296,6
1555169,1296,1296,6
1555180,1295,1296,6
1555190,1301,1296,6
1555200,1294,1296,6
1555210,1298,1296,6
1555220,1298,1296,6
1555231,1294,1296,6
1555241,1297,1296,6
1555251,1293,1296,6
1555261,1299,1296,6
1555271,1298,1296,6
1555282,1295,1296,6
1555292,1300,1296,6
1555302,1296,1296,6
1555312,1295,1296,6
1555322,1300,1296,6
1555332,1294,1296,6
1555343,1298,1296,6
1555353,1297,1296,6
1555363,1295,1296,6
1555373,1300,1296,6
1555383,1293,1296,6
1555394,1298,1296,6
1555404,1298,1296,6
1555414,1295,1296,6
1555424,1298,1296,6
1555434,1292,1296,6
1555445,1298,1296,6
1555455,1299,1296,6
1555465,1295,1296,6
1555475,1299,1296,6
1555485,1297,1296,6
1555496,1295,1296,6
1555506,1299,1296,6
1555516,1293,1296,6
1555526,1298,1296,6
1555536,1298,1296,6
1555547,1293,1296,6
1555557,1299,1296,6
1555567,1294,1296,6
1555577,1297,1296,6
1555587,1299,1296,6
1555598,1294,1296,6
1555608,1298,1296,6
1555618,1297,1296,6
1555628,1296,1296,6
1555638,1299,1296,6
1555649,1293,1296,6
1555659,1299,1296,6
1555669,1296,1296,6
1555679,1297,1296,6
1555689,1297,1296,6
1555700,1293,1296,6
1555710,1299,1296,6
1555720,1296,1296,6
1555730,1293,1296,6
1555740,1300,1296,6
1555751,1294,1296,6
1555761,1297,1296,6
1555771,1299,1296,6
1555781,1295,1296,6
1555791,1300,1296,6
1555802,1295,1296,6
1555812,1295,1296,6
1555822,1299,1296,6
1555832,1294,1296,6
1555842,1298,1296,6
1555853,1297,1296,6
1555863,1295,1296,6
1555873,1300,1296,6
1555883,1295,1296,6
1555893,1296,1296,6
1555904,1300,1296,6
1555914,1294,1296,6
1555924,1299,1296,6
1555934,1295,1296,6
1555944,1299,1296,6
1555955,1299,1296,6
1555965,1294,1296,6
1555975,1300,1296,6
1555985,1295,1296,6
1555995,1296,1296,6
1556006,1298,1296,6
1556016,1293,1296,6
1556026,1299,1296,6
1556036,1297,1296,6
1556046,1295,1296,6
1556057,1300,1296,6
1556067,1294,1296,6
1556077,1296,1296,6
RIM
1556097,665,657,5
1556107,655,657,5
1556118,656,657,5
1556128,653,657,5
1556138,656,657,5
1556148,655,657,5
1556158,656,657,5
1556169,657,657,5
1556179,654,657,4
1556189,658,657,4
1556199,655,657,4
1556209,655,657,4
1556220,657,657,4
1556230,654,657,4
1556240,658,657,4
1556250,655,657,4
1556260,655,657,4
1556270,661,657,4
1556281,654,657,4
1556291,656,657,4
1556301,657,657,4
1556311,655,657,4
1556321,659,657,4
1556332,654,657,4
1556342,657,657,4
1556352,660,657,4
1556362,656,657,4
1556372,659,657,4
1556383,654,657,4
1556393,658,657,4
1556403,660,657,4
1556413,656,657,4
1556423,658,657,4
1556434,658,657,4
1556444,657,657,4
1556454,661,657,4
1556464,656,657,4
1556474,658,657,4
1556484,659,657,4
1556495,656,657,4
1556505,658,657,4
1556515,657,657,4
1556525,658,657,4
1556535,660,657,4
1556546,656,657,4
1556556,660,657,4
1556566,658,657,4
1556576,658,657,4
1556586,660,657,4
1556597,656,657,4
1556607,662,657,4
1556617,657,657,4
1556627,660,657,4
1556637,660,657,4
1556647,657,657,4
1556658,663,657,5
1556668,656,657,5
1556678,658,657,5
1556688,660,657,5
1556698,658,657,5
1556709,659,657,5
1556719,658,657,5
1556729,659,657,5
1556739,660,657,5
1556749,656,657,5
1556760,660,657,5
1556770,658,657,5
1556780,657,657,5
1556790,661,657,5
1556800,657,657,5
1556810,660,657,5
1556821,664,657,5
1556831,656,657,5
1556841,658,657,5
1556851,658,657,5
1556861,657,657,5
1556872,661,657,5
1556882,655,657,5
1556892,660,657,5
1556902,660,657,5
1556912,657,657,5
1556923,659,657,5
1556933,657,657,5
1556943,659,657,5
1556953,660,657,5
1556963,657,657,5
1556973,660,657,5
1556984,656,657,5
1556994,659,657,5
1557004,661,657,5
1557014,658,657,5
1557024,660,657,5
1557035,658,657,5
1557045,658,657,5
1557055,661,657,5
1557065,656,657,5
1557075,658,657,5
1557086,660,657,5
1557096,657,657,5
1557106,660,657,5
1557116,657,657,5
1557126,657,657,5
1557136,659,657,5
1557147,659,657,5
1557157,662,657,5
1557167,659,657,5
1557177,657,657,5
1557187,661,657,5
1557198,657,657,5
1557208,658,657,5
1557218,659,657,5
1557228,659,657,5
1557238,659,657,5
1557249,657,657,5
1557259,659,657,5
1557269,659,657,5
1557279,658,658,4
1557289,660,658,4
1557299,658,658,4
1557310,659,658,4
OSM
1557331,598,600,2
1557341,601,600,2
1557351,602,600,2
1557361,601,600,2
1557372,601,600,2
1557382,600,600,2
1557392,601,600,2
1557402,601,600,2
1557412,600,600,2
1557422,601,600,2
1557433,601,600,2
1557443,601,600,2
1557453,599,600,2
1557463,598,600,2
1557473,601,600,2
1557484,601,600,2
1557494,599,600,2
1557504,601,600,2
1557514,601,600,2
1557524,602,600,2
1557535,599,600,2
1557545,599,600,2
1557555,602,600,2
1557565,601,600,2
1557575,598,600,2
1557585,601,600,2
1557596,601,600,2
1557606,600,600,2
1557616,602,600,2
1557626,600,600,2
1557636,602,600,2
1557647,600,600,2
1557657,601,600,2
1557667,602,600,2
1557677,599,600,2
1557687,599,600,2
1557698,600,600,2
1557708,601,600,2
1557718,597,600,2
1557728,600,600,2
1557738,602,600,2
1557748,599,600,2
1557759,603,600,2
1557769,599,600,2
1557779,599,600,2
1557789,600,600,2
1557799,601,600,2
1557810,603,600,2
1557820,601,600,2
1557830,600,600,2
1557840,604,600,2
1557850,600,600,2
1557861,599,600,2
1557871,602,600,2
1557881,602,600,2
1557891,601,600,2
1557901,598,600,2
1557911,602,600,2
1557922,599,600,2
1557932,602,600,2
1557942,601,600,2
1557952,600,600,2
1557962,598,600,2
1557973,602,600,2
1557983,600,600,2
1557993,599,600,2
1558003,602,600,2
1558013,603,600,2
1558024,602,600,2
1558034,600,600,2
1558044,600,600,2
1558054,601,600,2
1558064,599,600,2
1558074,600,600,2
1558085,600,600,2
1558095,601,600,2
1558105,601,600,2
1558115,601,600,2
1558125,601,600,2
1558136,601,600,2
1558146,601,600,2
1558156,601,600,2
1558166,601,600,2
1558176,603,600,2
1558187,601,600,2
1558197,599,600,2
1558207,609,600,3
1558217,600,600,3
1558227,601,600,3
1558237,601,600,3
1558248,598,600,2
1558258,601,600,2
1558268,603,600,2
1558278,603,600,2
1558288,601,600,2
1558299,597,600,2
1558309,603,600,3
1558319,602,600,3
1558329,600,600,2
1558339,599,600,2
1558350,601,600,2
1558360,601,600,2
1558370,605,600,2
1558380,601,600,2
1558390,602,600,2
1558400,598,600,3
1558411,603,600,3
1558421,607,600,3
1558431,599,600,3
1558441,599,600,3
1558451,600,600,3
1558462,602,600,3
1558472,607,600,3
1558482,598,600,3
1558492,601,600,3
1558502,600,600,3
1558513,601,600,3
1558523,601,600,3
1558533,600,600,3
1558543,602,600,3
SIM
1558563,1297,1296,6
1558574,1299,1296,6
1558584,1293,1296,6
1558594,1297,1296,6
1558604,1298,1296,6
1558614,1293,1296,6
1558625,1298,1296,5
1558635,1293,1296,6
1558645,1296,1296,6
1558655,1298,1296,5
1558665,1292,1296,5
1558676,1298,1296,5
1558686,1295,1296,5
1558696,1296,1296,5
1558706,1298,1296,5
1558716,1294,1296,5
1558727,1298,1296,5
1558737,1296,1296,5
1558747,1293,1296,5
1558757,1300,1296,5
1558767,1293,1296,5
1558778,1298,1296,5
1558788,1297,1296,5
1558798,1293,1296,5
1558808,1299,1296,5
1558818,1294,1296,5
1558828,1297,1296,5
1558839,1299,1296,5
1558849,1293,1296,5
1558859,1299,1296,5
1558869,1295,1296,5
1558879,1297,1296,5
1558890,1299,1296,5
1558900,1293,1296,5
1558910,1298,1296,5
1558920,1298,1296,5
1558930,1293,1296,5
1558941,1300,1296,5
1558951,1293,1296,5
1558961,1296,1296,5
1558971,1297,1296,5
1558981,1294,1296,5
1558992,1299,1296,5
1559002,1292,1296,5
1559012,1296,1296,5
1559022,1300,1296,5
1559032,1295,1296,5
1559043,1298,1296,5
1559053,1296,1296,5
1559063,1295,1296,5
1559073,1299,1296,5
1559083,1294,1296,5
1559094,1297,1296,5
1559104,1296,1296,5
1559114,1292,1296,5
1559124,1299,1296,5
1559134,1295,1296,5
1559145,1296,1296,5
1559155,1298,1296,5
1559165,1293,1296,5
1559175,1298,1296,5
1559185,1296,1296,5
1559196,1294,1296,5
1559206,1298,1296,5
1559216,1292,1296,5
1559226,1297,1296,5
1559236,1296,1296,5
1559247,1294,1296,5
1559257,1298,1296,5
1559267,1293,1296,5
1559277,1298,1296,5
1559287,1298,1296,5
1559298,1295,1296,5
1559308,1298,1296,5
1559318,1293,1296,5
1559328,1298,1296,5
1559338,1299,1296,5
1559349,1294,1296,5
1559359,1299,1296,5
1559369,1295,1296,5
1559379,1295,1296,5
1559389,1299,1296,5
1559400,1293,1296,5
1559410,1298,1296,5
1559420,1296,1296,5
1559430,1295,1296,5
1559440,1298,1296,5
1559451,1294,1296,5
1559461,1298,1296,5
1559471,1298,1296,5
1559481,1293,1296,5
1559491,1300,1296,5
1559502,1295,1296,5
1559512,1296,1296,5
1559522,1297,1296,5
1559532,1293,1296,5
1559542,1299,1296,5
1559553,1296,1296,5
1559563,1295,1296,5
1559573,1300,1296,5
1559583,1293,1296,5
1559593,1299,1296,5
1559604,1297,1296,5
1559614,1291,1296,5
1559624,1299,1296,5
1559634,1294,1296,5
1559644,1297,1296,5
1559655,1299,1296,5
1559665,1293,1296,5
1559675,1299,1296,5
1559685,1295,1296,5
1559695,1297,1296,5
1559706,1298,1296,5
1559716,1293,1296,5
1559726,1298,1296,5
1559736,1297,1296,5
1559746,1296,1296,5
1559757,1298,1296,5
1559767,1294,1296,5
1559777,1298,1296,5
RIM
1559797,665,658,4
1559808,656,658,4
1559818,655,658,4
1559828,654,658,4
1559838,659,658,4
1559848,652,658,4
1559858,656,658,4
1559869,657,658,4
1559879,653,658,4
1559889,662,658,4
1559899,652,658,5
1559909,655,658,5
1559920,657,658,5
1559930,655,658,5
1559940,659,658,5
1559950,655,658,5
1559960,657,658,5
1559971,662,658,5
1559981,656,658,5
1559991,658,658,4
1560001,656,658,5
1560011,656,658,4
1560022,658,658,4
1560032,653,658,5
1560042,659,658,5
1560052,658,658,5
1560062,655,658,5
1560072,659,658,5
1560083,657,658,4
1560093,657,658,4
1560103,659,658,4
1560113,655,658,4
1560123,657,658,4
1560134,659,658,4
1560144,657,658,4
1560154,658,658,4
1560164,657,658,4
1560174,659,658,4
1560185,659,658,4
1560195,658,658,4
1560205,659,658,4
1560215,656,658,4
1560225,658,658,4
1560236,657,658,4
1560246,656,658,4
1560256,661,658,4
1560266,656,658,4
1560276,658,658,4
1560286,661,658,4
1560297,656,658,4
1560307,660,658,4
1560317,658,658,4
1560327,656,658,4
1560337,663,658,5
1560348,657,658,5
1560358,658,658,4
1560368,658,658,4
1560378,659,658,4
1560388,660,658,4
1560399,656,658,4
1560409,659,658,4
1560419,660,658,4
1560429,658,658,4
1560439,660,658,4
1560450,657,658,4
1560460,658,658,4
1560470,660,658,4
1560480,658,658,4
1560490,661,658,4
1560500,659,658,4
1560511,657,658,4
1560521,662,658,4
1560531,656,658,4
1560541,659,658,4
1560551,658,658,4
1560562,659,658,4
1560572,659,658,4
1560582,656,658,4
1560592,660,658,4
1560602,660,658,4
1560613,656,658,4
1560623,661,658,4
1560633,656,658,4
1560643,659,658,4
1560653,660,658,4
1560663,658,658,4
1560674,659,658,4
1560684,657,658,4
1560694,660,658,4
1560704,661,658,4
1560714,656,658,4
1560725,660,658,4
1560735,657,658,4
1560745,658,658,4
1560755,661,658,4
1560765,658,658,4
1560776,658,658,4
1560786,659,658,4
1560796,656,658,4
1560806,661,658,4
1560816,656,658,4
1560826,658,658,4
1560837,659,658,4
1560847,656,658,4
1560857,661,658,4
1560867,659,658,4
1560877,661,658,4
1560888,657,658,4
1560898,656,657,5
1560908,661,658,4
1560918,658,658,4
1560928,658,658,4
1560939,662,658,4
1560949,656,658,4
1560959,658,658,4
1560969,658,658,4
1560979,657,657,5
1560989,661,658,4
1561000,656,657,5
1561010,659,657,5
OSM
1561031,599,600,3
1561041,600,600,3
1561051,600,600,3
1561061,599,600,3
1561072,602,600,3
1561082,598,600,3
1561092,602,600,3
1561102,600,600,3
1561112,598,600,3
1561122,601,600,3
1561133,599,600,3
1561143,599,600,3
1561153,602,600,4
1561163,608,600,4
1561173,601,600,4
1561184,603,600,4
1561194,601,600,4
1561204,599,600,4
1561214,600,600,4
1561224,603,600,4
1561235,599,600,4
1561245,601,600,4
1561255,603,600,4
1561265,600,600,4
1561275,603,600,4
1561285,601,600,4
1561296,601,600,4
1561306,600,600,4
1561316,599,600,4
1561326,603,600,4
1561336,600,600,4
1561347,603,600,4
1561357,608,600,5
