Polling for available serial device...
Opening serial monitor for com port: "/dev/ttyACM0"
Serial monitor opened successfully:
698165,1415,1416,28
698175,1415,1416,28
698185,1417,1416,28
698196,1414,1416,27
698206,1418,1416,25
698216,1417,1416,25
698226,1414,1416,25
698236,1419,1416,25
698247,1413,1416,25
698257,1418,1416,25
698267,1417,1416,25
698277,1412,1416,25
698287,1418,1416,23
698298,1413,1416,20
698308,1415,1416,19
698318,1417,1415,17
698328,1411,1415,15
698338,1418,1415,13
698349,1415,1415,11
698359,1414,1415,10
698369,1418,1415,9
698379,1413,1415,8
698389,1417,1415,7
698400,1417,1415,6
698410,1414,1415,6
698420,1418,1415,5
698430,1414,1414,6
RIM
698450,1001,1027,663
698461,989,1026,673
698471,995,1026,679
698481,991,1025,686
698491,990,1025,694
698501,997,1024,698
698512,988,1024,706
698522,993,1024,711
698532,992,1023,715
698542,987,1023,724
698552,996,1022,726
698563,989,1022,730
698573,991,1021,736
698583,995,1021,736
698593,987,1020,742
698603,996,1020,743
698614,989,1020,744
698624,989,1019,748
698634,996,1019,745
698644,986,1018,749
698654,994,1018,746
698664,990,1017,744
698675,990,1017,743
698685,996,1016,739
698695,986,1016,737
698705,993,1015,732
698715,993,1015,723
698726,986,1014,720
698736,997,1014,710
698746,988,1013,702
698756,992,1013,693
698766,995,1012,681
698777,987,1012,673
698787,996,1011,662
698797,990,1011,647
698807,991,1010,636
698817,998,1010,619
698828,988,1009,604
698838,996,1009,589
698848,992,1008,570
698858,987,1007,557
698868,997,1007,538
698879,988,1006,520
698889,993,1006,501
698899,995,1005,478
698909,986,1005,459
698919,998,1004,438
698930,988,1004,416
698940,991,1003,391
698950,997,1003,365
698960,988,1002,345
698970,995,1002,321
698981,991,1001,302
698991,989,1000,284
699001,996,1000,267
699011,987,1000,258
699021,994,999,253
699032,991,999,248
699042,987,999,246
699052,997,999,243
699062,990,998,241
699072,994,998,238
699083,995,998,234
699093,985,998,234
699103,996,998,232
699113,989,997,231
699123,992,997,230
699134,997,997,227
699144,988,997,226
699154,996,997,226
699164,990,997,225
699174,987,997,226
699184,995,997,226
699195,984,996,228
699205,991,996,228
699215,992,996,228
699225,986,996,229
699235,994,996,228
699246,988,996,229
699256,989,996,229
699266,995,996,229
699276,986,996,229
699286,997,996,229
699297,988,996,229
699307,991,996,229
699317,997,996,229
699327,986,996,229
699337,994,996,229
699348,992,996,229
699358,989,996,228
699368,1001,996,229
699378,987,996,229
699388,993,996,228
699398,995,996,228
699409,988,996,228
699419,998,996,228
699429,989,996,228
699439,990,996,228
699449,995,996,228
699460,986,996,228
699470,998,996,228
699480,990,996,228
699490,990,996,228
699500,997,996,228
699511,989,996,229
699521,996,996,229
699531,991,996,229
699541,988,996,229
699551,997,996,212
699562,988,995,196
699572,995,995,183
699582,995,995,163
699592,989,994,147
699602,998,994,125
699613,987,993,107
699623,991,993,89
699633,995,992,69
699643,989,992,51
699653,998,992,33
699663,989,991,16
OSM
699685,378,371,4
699695,373,371,4
699705,376,371,4
699715,374,371,4
699725,370,371,4
699736,373,371,4
699746,369,371,4
699756,373,371,4
699766,372,371,4
699776,371,371,4
699787,373,371,4
699797,373,371,4
699807,372,371,4
699817,371,371,4
699827,371,371,4
699838,375,371,4
699848,374,371,4
699858,369,371,4
699868,374,371,4
699878,371,371,4
699888,371,371,4
699899,374,371,4
699909,370,371,4
699919,374,371,4
699929,371,371,4
699939,370,371,4
699950,373,371,4
699960,374,371,4
699970,374,371,4
699980,369,371,4
699990,372,371,4
700000,375,371,4
700011,371,371,4
700021,375,372,3
700031,372,372,3
700041,373,372,3
700051,372,372,3
700062,371,372,3
700072,372,372,3
700082,371,372,3
700092,379,372,3
700102,374,372,3
700113,371,372,3
700123,372,372,3
700133,370,372,3
700143,372,372,3
700153,374,372,3
700163,369,372,3
700174,373,372,3
700184,373,372,3
700194,372,372,3
700204,374,372,3
700214,369,372,3
700225,372,372,3
700235,374,372,3
700245,372,372,3
700255,374,372,3
700265,369,372,3
700275,371,372,3
700286,374,372,3
700296,368,372,3
700306,371,372,3
700316,372,372,3
700326,371,372,3
700337,375,372,3
700347,370,372,3
700357,371,372,3
700367,372,372,3
700377,369,372,3
700388,373,372,3
700398,372,372,3
700408,372,372,3
700418,373,372,3
700428,374,372,3
700438,373,372,3
700449,372,372,3
700459,371,372,3
700469,374,372,3
700479,370,372,3
700489,371,372,3
700500,373,372,3
700510,371,372,3
700520,373,372,3
700530,369,372,3
700540,373,372,3
700550,374,372,3
700561,371,372,3
700571,375,372,3
700581,371,372,3
700591,370,372,3
700601,372,372,3
700612,373,372,3
700622,374,372,3
700632,371,372,3
700642,371,372,3
700652,375,372,3
700663,371,372,3
700673,372,372,3
700683,370,372,3
700693,370,372,3
700703,371,372,3
700713,371,372,3
700724,372,372,3
700734,373,372,3
700744,369,372,3
700754,374,372,3
700764,373,372,3
700775,371,372,3
700785,371,372,3
700795,371,372,3
700805,374,372,3
700815,372,372,3
700825,371,372,3
700836,373,372,3
700846,373,372,3
700856,372,372,3
700866,370,372,3
700876,371,372,3
700887,373,372,3
700897,371,372,3
SIM
700917,1420,1414,6
700927,1413,1414,6
700937,1420,1414,6
700948,1418,1415,5
700958,1416,1415,5
700968,1414,1415,5
700978,1413,1415,5
700988,1419,1415,5
700999,1416,1415,5
701009,1415,1415,5
701019,1420,1415,5
701029,1413,1415,5
701039,1417,1415,5
701050,1418,1415,5
701060,1413,1415,5
701070,1419,1415,5
701080,1414,1415,5
701090,1417,1415,5
701101,1417,1415,5
701111,1413,1415,5
701121,1419,1415,5
701131,1415,1415,5
701141,1415,1415,5
701152,1419,1415,5
701162,1412,1415,5
701172,1418,1415,5
701182,1414,1415,5
701192,1414,1415,5
701203,1420,1415,6
701213,1414,1415,5
701223,1418,1415,5
701233,1417,1415,5
701243,1414,1415,5
701254,1419,1415,5
701264,1413,1415,5
701274,1416,1415,5
701284,1417,1415,5
701294,1412,1415,5
701305,1418,1415,5
701315,1414,1415,5
701325,1414,1415,5
701335,1417,1415,5
701345,1412,1415,5
701355,1420,1415,6
701366,1416,1415,6
701376,1415,1415,6
701386,1419,1415,6
701396,1414,1415,5
701406,1417,1415,6
701417,1418,1415,6
701427,1413,1415,6
701437,1417,1415,6
701447,1414,1415,5
701457,1417,1415,6
701468,1417,1415,6
701478,1412,1415,5
701488,1420,1415,6
701498,1416,1415,6
701508,1415,1415,6
701519,1418,1415,6
701529,1412,1415,6
701539,1419,1415,6
701549,1418,1415,6
701559,1416,1415,6
701570,1418,1415,6
701580,1414,1415,6
701590,1418,1415,6
701600,1417,1415,6
701610,1413,1415,6
701621,1420,1415,6
701631,1415,1415,6
701641,1416,1415,6
701651,1418,1415,6
701661,1413,1415,6
701671,1418,1415,6
701682,1414,1415,6
701692,1415,1415,6
701702,1419,1415,6
701712,1412,1415,6
701722,1419,1415,6
701733,1418,1415,6
701743,1414,1415,6
701753,1419,1415,6
701763,1414,1415,6
701773,1416,1415,6
701784,1419,1415,6
701794,1413,1415,6
701804,1419,1415,6
701814,1415,1416,5
701824,1415,1416,5
701835,1418,1416,5
701845,1414,1416,5
701855,1419,1416,5
701865,1416,1416,5
701875,1415,1416,5
701886,1418,1416,5
701896,1412,1416,5
701906,1418,1416,5
701916,1417,1416,5
701926,1414,1416,5
701937,1420,1416,5
701947,1413,1416,5
701957,1418,1416,5
701967,1416,1416,5
701977,1414,1416,5
701988,1417,1416,5
701998,1414,1416,5
702008,1416,1416,5
702018,1418,1416,5
702028,1413,1416,5
702039,1417,1416,5
702049,1415,1416,5
702059,1415,1416,5
702069,1418,1416,5
702079,1413,1416,5
702090,1418,1416,5
702100,1419,1416,5
702110,1416,1416,5
702120,1420,1416,5
702130,1414,1416,5
RIM
702151,992,991,15
702161,980,991,16
702171,984,991,16
702181,991,991,16
702191,979,991,18
702202,993,991,17
702212,984,991,18
702222,983,991,18
702232,995,991,18
702242,982,991,19
702252,990,991,19
702263,989,991,19
702273,983,991,19
702283,995,991,19
702293,984,991,19
702303,992,991,19
702314,991,991,19
702324,983,991,20
702334,996,991,20
702344,986,991,20
702354,989,991,20
702365,991,991,20
702375,984,991,20
702385,997,991,20
702395,987,991,20
702405,991,991,20
702415,995,991,20
702426,987,991,20
702436,997,991,20
702446,988,991,20
702456,988,990,21
702466,999,991,21
702477,986,991,21
702487,995,991,21
702497,990,991,21
702507,986,990,22
702517,998,990,22
702528,990,990,22
702538,992,990,21
702548,992,990,21
702558,987,990,21
702568,999,990,22
702578,988,990,22
702589,990,990,22
702599,996,990,22
702609,987,990,22
702619,997,990,22
702629,991,990,21
702640,993,990,22
702650,999,991,21
702660,987,991,21
702670,997,991,21
702680,991,991,21
702691,990,991,21
702701,999,991,21
702711,989,991,21
702721,994,991,21
702731,996,991,21
702742,988,991,21
702752,999,991,22
702762,989,991,22
702772,992,991,22
702782,997,991,22
702792,988,991,22
702803,996,991,22
702813,991,991,21
702823,992,991,21
702833,998,991,22
702843,990,991,22
702854,996,991,22
702864,992,991,22
702874,989,991,21
702884,999,991,22
702894,988,991,21
702905,996,991,22
702915,995,991,22
702925,988,991,22
702935,998,991,22
702945,990,991,22
702955,994,991,22
702966,997,991,22
702976,989,991,22
702986,998,991,22
702996,991,991,22
703006,994,991,22
703017,997,991,22
703027,991,991,22
703037,997,991,22
703047,991,991,22
703057,991,991,22
703068,999,991,22
703078,988,991,22
703088,994,991,22
703098,993,991,22
703108,990,991,22
703118,1001,991,22
703129,988,991,22
703139,992,991,22
703149,997,991,22
703159,990,991,22
703169,999,991,22
703180,992,991,22
703190,992,991,22
703200,998,991,22
703210,989,991,22
703220,995,991,22
703231,991,991,22
703241,990,991,22
703251,1000,991,22
703261,986,991,23
703271,995,991,23
703281,996,991,23
703292,987,991,23
703302,998,991,23
703312,991,991,23
703322,993,991,23
703332,998,991,23
703343,989,991,23
703353,994,991,23
703363,992,991,23
OSM
703384,380,372,3
703394,372,372,3
703404,377,372,3
703414,373,372,3
703424,370,372,3
703435,373,372,3
703445,373,372,3
703455,373,372,3
703465,370,372,3
703475,371,372,3
703486,373,372,3
703496,372,372,3
703506,376,372,3
703516,373,372,3
703526,373,372,3
703537,373,372,3
703547,371,372,3
703557,372,372,3
703567,373,372,3
703577,373,372,3
703587,374,372,3
703598,372,372,3
703608,370,372,3
703618,373,372,3
703628,370,372,3
703638,373,372,3
703649,374,372,3
703659,371,372,3
703669,371,372,3
703679,372,372,3
703689,372,372,3
703699,372,372,3
703710,377,372,3
703720,374,372,3
703730,373,372,3
703740,372,372,3
703750,374,372,3
703761,368,372,3
703771,374,372,3
703781,369,372,3
703791,370,372,3
703801,372,372,3
703812,370,372,3
703822,373,372,3
703832,371,372,3
703842,370,372,3
703852,375,372,3
703862,374,372,3
703873,379,372,3
703883,374,372,3
703893,373,372,3
703903,373,372,3
703913,370,372,3
703924,371,372,3
703934,373,372,3
703944,371,372,3
703954,372,372,3
703964,372,372,3
703974,374,372,3
703985,373,372,3
703995,370,372,3
704005,373,372,3
704015,374,372,3
704025,371,372,3
704036,374,372,3
704046,370,372,3
704056,372,372,3
704066,375,372,3
704076,372,372,3
704087,372,372,3
704097,371,372,3
704107,372,372,3
704117,378,372,3
704127,371,372,3
704137,371,372,3
704148,369,372,3
704158,371,372,3
704168,375,372,4
704178,371,372,4
704188,371,372,4
704199,372,372,3
704209,373,372,3
704219,374,372,4
704229,374,372,3
704239,373,372,3
704249,373,372,3
704260,372,372,3
704270,373,372,3
704280,371,372,3
704290,370,372,3
704300,372,372,3
704311,370,372,3
704321,374,372,3
704331,372,372,3
704341,369,372,3
704351,373,372,3
704362,371,372,3
704372,373,372,3
704382,372,372,3
704392,372,372,3
704402,373,372,3
704412,369,372,3
704423,371,372,3
704433,373,372,3
704443,372,372,3
704453,373,372,3
704463,370,372,3
704474,371,372,3
704484,375,372,3
704494,372,372,3
704504,372,372,3
704514,373,372,3
704524,370,372,3
704535,372,372,3
704545,371,372,3
704555,372,372,3
704565,370,372,3
704575,372,372,3
704586,372,372,3
704596,372,372,3
SIM
704616,1419,1416,5
704626,1414,1416,5
704637,1419,1416,5
704647,1413,1416,5
704657,1416,1416,5
704667,1415,1416,5
704677,1414,1416,5
704687,1419,1416,5
704698,1415,1416,5
704708,1415,1416,5
704718,1419,1416,5
704728,1412,1416,5
704738,1418,1416,5
704749,1416,1416,5
704759,1415,1416,5
704769,1420,1416,5
704779,1414,1416,5
704789,1417,1416,5
704800,1418,1416,5
704810,1413,1416,5
704820,1421,1416,5
704830,1413,1416,5
704840,1415,1416,5
704851,1419,1416,5
704861,1412,1416,5
704871,1420,1416,5
704881,1416,1416,5
704891,1416,1416,5
704902,1420,1416,5
704912,1413,1416,5
704922,1418,1416,5
704932,1416,1416,5
704942,1415,1416,5
704952,1418,1416,5
704963,1412,1416,5
704973,1419,1416,5
704983,1419,1416,5
704993,1414,1416,5
705003,1419,1416,5
705014,1411,1416,6
705024,1417,1416,6
705034,1419,1416,6
705044,1413,1416,6
705054,1420,1416,6
705065,1415,1416,6
705075,1414,1416,6
705085,1419,1416,6
705095,1412,1416,6
705105,1417,1416,6
705116,1417,1416,6
705126,1414,1416,6
705136,1420,1416,6
705146,1413,1416,6
705156,1418,1416,6
705167,1418,1416,6
705177,1414,1416,6
705187,1419,1416,6
705197,1413,1416,6
705207,1417,1416,6
705218,1417,1416,6
705228,1412,1416,6
705238,1419,1416,6
705248,1416,1416,6
705258,1415,1416,6
705269,1419,1416,6
705279,1413,1416,6
705289,1416,1416,6
705299,1416,1416,6
705309,1414,1416,6
705319,1418,1416,6
705330,1414,1416,6
705340,1417,1416,6
705350,1418,1416,6
705360,1414,1416,6
705370,1419,1416,6
705381,1416,1416,6
705391,1415,1416,6
705401,1418,1416,6
705411,1412,1416,6
705421,1421,1416,6
705432,1415,1416,6
705442,1416,1416,6
705452,1419,1416,6
705462,1414,1416,6
705472,1417,1416,6
705483,1418,1416,6
705493,1417,1416,5
705503,1419,1416,5
705513,1413,1416,6
705523,1418,1416,6
705534,1417,1416,6
705544,1413,1416,6
705554,1420,1416,6
705564,1417,1416,6
705574,1415,1416,6
705585,1419,1416,6
705595,1415,1416,6
705605,1419,1416,6
705615,1416,1416,6
705625,1416,1416,6
705636,1418,1416,5
705646,1413,1416,5
705656,1416,1416,5
705666,1418,1416,5
705676,1413,1416,6
705686,1420,1416,6
705697,1415,1416,6
705707,1417,1416,6
705717,1418,1416,6
705727,1415,1416,6
705737,1420,1416,6
705748,1415,1416,6
705758,1415,1416,6
705768,1418,1416,6
705778,1414,1416,6
705788,1419,1416,6
705799,1417,1416,6
705809,1415,1416,6
705819,1419,1416,6
705829,1412,1416,6
RIM
705849,1007,991,25
705860,992,992,23
705870,997,992,22
705880,994,992,22
705890,992,992,21
705900,1001,992,22
705911,990,992,21
705921,998,992,21
705931,996,992,21
705941,993,992,20
705951,1001,992,21
705962,991,992,20
705972,997,992,20
705982,998,992,20
705992,991,992,20
706002,1001,993,19
706013,992,993,19
706023,994,993,18
706033,1004,993,19
706043,989,993,19
706053,999,993,19
706063,990,993,19
706074,991,993,19
706084,1000,993,19
706094,992,993,19
706104,995,993,19
706114,995,993,19
706125,991,993,18
706135,996,993,18
706145,989,993,18
706155,996,993,18
706165,996,993,18
706176,988,993,18
706186,999,993,18
706196,991,993,18
706206,991,993,18
706216,1000,993,18
706226,988,993,18
706237,996,993,18
706247,994,993,18
706257,993,993,18
706267,999,993,18
706277,988,993,18
706288,1002,993,18
706298,995,993,18
706308,989,993,18
706318,999,993,18
706328,990,993,18
706339,993,993,18
706349,996,993,18
706359,988,993,18
706369,999,993,18
706379,991,993,18
706389,993,993,18
706400,999,993,18
706410,989,993,18
706420,997,993,18
706430,995,993,18
706440,990,993,18
706451,1000,993,18
706461,988,993,18
706471,997,993,18
706481,997,993,18
706491,989,993,18
706502,999,993,18
706512,990,993,18
706522,992,993,18
706532,998,993,18
706542,990,993,18
706552,997,993,19
706563,991,993,19
706573,992,994,17
706583,999,994,17
706593,989,994,17
706603,997,994,17
706614,993,994,17
706624,994,994,17
706634,1000,994,17
706644,991,994,17
706654,994,994,17
706665,994,994,17
706675,989,994,17
706685,1000,994,17
706695,990,994,17
706705,991,994,17
706716,999,994,18
706726,990,994,18
706736,999,994,18
706746,990,994,18
706756,992,994,18
706766,1001,994,18
706777,988,994,18
706787,996,994,18
706797,995,994,18
706807,991,994,18
706817,999,994,18
706828,989,994,18
706838,997,994,18
706848,995,994,18
706858,990,994,18
706868,1000,994,18
706879,991,994,18
706889,994,994,18
706899,997,994,18
706909,988,994,18
706919,998,994,18
706929,991,994,18
706940,991,994,18
706950,998,994,18
706960,988,994,17
706970,995,994,17
706980,995,994,17
706991,989,994,17
707001,999,994,17
707011,989,994,17
707021,997,994,17
707031,995,994,17
707042,986,994,18
707052,999,994,18
707062,991,994,18
OSM
707082,380,372,3
707093,375,372,3
707103,374,372,3
707113,370,372,3
707123,372,372,3
707133,373,372,3
707143,372,372,3
707154,376,372,3
707164,369,372,3
707174,370,372,3
707184,375,372,4
707194,372,372,4
707205,371,372,3
707215,372,372,3
707225,372,372,3
707235,373,372,3
707245,369,372,3
707256,373,372,3
707266,374,372,3
707276,372,372,3
707286,371,372,3
707296,372,372,3
707306,375,372,3
707317,375,372,4
707327,371,372,4
707337,372,372,4
707347,372,372,3
707357,373,372,3
707368,374,372,3
707378,372,372,3
707388,370,372,4
707398,372,372,4
707408,372,372,3
707419,373,372,3
707429,372,372,3
707439,372,372,3
707449,375,372,3
707459,372,372,3
707469,372,372,3
707480,369,372,3
707490,374,372,3
707500,371,372,3
707510,371,372,3
707520,372,372,3
707531,371,372,3
707541,371,372,3
707551,376,372,3
707561,371,372,3
707571,372,372,3
707581,374,372,3
707592,373,372,3
707602,372,372,3
707612,370,372,3
707622,372,372,3
707632,373,372,3
707643,371,372,3
707653,371,372,3
707663,370,372,3
707673,373,372,3
707683,372,372,3
707694,372,372,3
707704,373,372,3
707714,372,372,3
707724,371,372,3
707734,373,372,3
707744,372,372,3
707755,373,372,3
707765,373,372,3
707775,369,372,3
707785,373,372,3
707795,369,372,3
707806,371,372,3
707816,375,372,2
707826,371,372,2
707836,369,372,3
707846,371,372,2
707856,371,372,2
707867,373,372,2
707877,370,372,2
707887,372,372,2
707897,373,372,2
707907,371,372,2
707918,372,372,2
707928,369,372,2
707938,372,372,2
707948,371,372,2
707958,367,371,4
707969,370,371,4
707979,368,371,4
707989,368,371,4
707999,370,371,4
708009,368,371,4
708019,369,371,4
708030,371,371,4
708040,367,371,4
708050,368,371,4
708060,371,371,4
708070,370,371,4
708081,368,371,4
708091,372,371,4
708101,371,371,4
708111,368,371,4
708121,372,371,4
708131,372,371,4
708142,370,371,4
708152,370,371,4
708162,374,371,4
708172,372,371,4
708182,372,371,4
708193,369,371,4
708203,372,371,4
708213,370,371,4
708223,372,371,4
708233,372,371,4
708244,367,371,4
708254,369,371,4
708264,371,371,4
708274,371,371,4
708284,370,371,4
708294,367,371,4
SIM
708315,1418,1416,6
708325,1410,1416,6
708335,1409,1416,6
708345,1405,1416,7
708356,1408,1416,8
708366,1409,1415,9
708376,1406,1415,10
708386,1411,1415,10
708396,1406,1415,10
708407,1408,1415,11
708417,1408,1415,11
708427,1405,1415,12
708437,1417,1415,12
708447,1423,1415,12
708457,1423,1415,13
708468,1426,1415,14
708478,1419,1415,14
708488,1427,1415,15
708498,1426,1415,16
708508,1426,1416,16
708519,1424,1416,16
708529,1409,1416,16
708539,1410,1415,18
708549,1408,1415,18
708559,1404,1415,19
708570,1411,1415,19
708580,1406,1415,20
708590,1409,1415,20
708600,1411,1415,20
708610,1406,1415,20
708621,1411,1415,20
708631,1408,1415,21
708641,1410,1415,21
708651,1413,1415,21
708661,1408,1415,21
708672,1412,1415,21
708682,1413,1415,21
708692,1409,1415,21
708702,1415,1415,21
708712,1410,1415,21
708723,1413,1415,21
708733,1414,1414,22
708743,1410,1414,22
708753,1416,1414,22
708763,1411,1414,22
708774,1414,1414,22
708784,1416,1414,22
708794,1410,1414,22
708804,1417,1414,22
708814,1416,1414,22
708825,1415,1414,22
708835,1417,1414,22
708845,1414,1414,22
708855,1418,1414,22
708865,1417,1414,22
708876,1414,1414,22
708886,1418,1414,22
708896,1414,1414,22
708906,1417,1414,22
708916,1420,1414,22
708927,1413,1414,22
708937,1417,1414,22
708947,1415,1414,22
708957,1416,1414,22
708967,1419,1414,22
708978,1412,1414,22
708988,1418,1414,22
708998,1417,1414,22
709008,1416,1414,22
709018,1420,1414,22
709029,1414,1414,22
709039,1418,1414,22
709049,1420,1414,22
709059,1414,1414,22
709069,1419,1414,22
709080,1414,1414,22
709090,1419,1414,22
709100,1420,1414,23
709110,1414,1414,23
709120,1421,1414,23
709131,1416,1414,23
709141,1418,1414,23
709151,1419,1414,23
709161,1414,1414,23
709171,1419,1414,23
709182,1417,1414,23
709192,1414,1414,23
709202,1420,1414,23
709212,1416,1414,23
709222,1418,1414,23
709233,1420,1415,22
709243,1413,1415,22
709253,1421,1415,22
709263,1416,1415,22
709273,1416,1415,22
709284,1420,1415,22
709294,1413,1415,22
709304,1418,1415,22
709314,1415,1415,22
709324,1415,1414,23
709335,1420,1415,22
709345,1413,1415,22
709355,1419,1415,22
709365,1416,1415,22
709375,1414,1415,22
709386,1418,1415,22
709396,1414,1415,22
709406,1419,1415,22
709416,1419,1415,22
709426,1414,1415,22
709436,1419,1415,22
709447,1416,1415,22
709457,1416,1415,22
709467,1418,1415,22
709477,1416,1415,22
709487,1419,1415,22
709498,1416,1415,22
709508,1417,1415,22
709518,1419,1415,22
709528,1414,1415,22
RIM
709549,1005,994,17
709559,990,994,18
709569,1001,994,18
709579,993,994,18
709589,992,994,18
709599,996,994,18
709610,990,994,18
709620,998,994,18
709630,991,994,18
709640,991,994,18
709650,1000,994,18
709661,989,994,18
709671,994,994,18
709681,994,994,17
709691,989,993,19
709701,997,993,18
709712,990,993,18
709722,994,993,18
709732,995,993,17
709742,987,993,17
709752,997,993,17
709763,990,993,17
709773,990,993,17
709783,997,993,17
709793,987,993,17
709803,996,993,17
709813,991,993,17
709824,988,993,18
709834,996,993,18
709844,988,993,18
709854,994,993,18
709864,994,993,17
709875,989,993,17
709885,998,993,17
709895,988,993,18
709905,993,993,17
709915,997,993,17
709926,988,993,17
709936,995,993,17
709946,989,993,17
709956,991,993,17
709966,997,993,17
709976,987,993,17
709987,995,993,17
709997,990,993,17
710007,989,993,17
710017,996,993,16
710027,988,993,17
710038,995,993,17
710048,994,993,17
710058,988,993,17
710068,997,993,16
710078,988,993,17
710089,990,993,17
710099,997,993,16
710109,988,993,17
710119,995,993,16
710129,989,993,17
710139,991,993,16
710150,995,993,16
710160,987,993,16
710170,996,993,16
710180,991,993,16
710190,988,993,16
710201,997,993,16
710211,986,993,16
710221,995,993,16
710231,997,993,16
710241,987,993,16
710252,995,993,16
710262,988,993,17
710272,991,993,17
710282,996,992,17
710292,986,992,18
710302,997,992,18
710313,989,992,18
710323,990,992,18
710333,998,992,17
710343,987,992,18
710353,995,992,18
710364,993,992,18
710374,988,992,18
710384,998,992,17
710394,987,992,18
710404,993,992,18
710415,997,992,17
710425,987,992,18
710435,995,992,17
710445,988,992,17
710455,993,992,17
710465,996,992,17
710476,987,992,17
710486,995,992,17
710496,988,992,17
710506,989,992,17
710516,996,992,17
710527,987,992,17
710537,991,992,17
710547,994,992,17
710557,989,992,17
710567,997,992,16
710578,986,992,17
710588,992,992,17
710598,996,992,16
710608,987,992,17
710618,995,992,16
710628,987,992,16
710639,990,992,17
710649,995,992,16
710659,987,992,16
710669,994,992,16
710679,991,992,16
710690,986,992,16
710700,996,992,16
710710,985,992,17
710720,994,992,16
710730,992,992,16
710741,987,992,16
710751,995,992,16
710761,988,992,16
OSM
710782,378,371,4
710792,373,371,4
710802,376,371,4
710812,371,371,4
710822,371,371,4
710833,371,371,4
710843,371,371,4
710853,375,371,4
710863,372,371,4
710873,375,371,4
710884,376,371,4
710894,374,371,4
710904,374,371,4
710914,372,371,4
710924,374,371,4
710935,374,371,4
710945,369,371,4
710955,373,371,4
710965,375,371,4
710975,373,371,4
710985,372,371,4
710996,370,371,4
711006,372,371,4
711016,374,371,4
711026,373,371,4
711036,374,371,4
711047,373,371,4
711057,374,371,4
711067,374,371,4
711077,369,371,4
711087,373,371,4
711098,375,371,4
711108,374,371,4
711118,373,371,4
711128,370,371,4
711138,373,371,4
711148,372,371,4
711159,369,371,4
711169,373,371,4
711179,375,371,4
711189,371,371,4
711199,373,371,4
711210,375,371,5
711220,373,371,5
711230,371,371,5
711240,374,371,5
711250,373,371,5
711260,369,371,5
711271,372,371,5
711281,372,371,4
711291,372,371,4
711301,374,371,5
711311,372,371,5
711322,376,371,5
711332,372,371,5
711342,372,371,5
711352,373,371,5
711362,375,371,5
711373,373,371,5
711383,374,371,5
711393,372,371,5
711403,373,371,5
711413,370,371,5
711423,373,371,5
711434,373,371,5
711444,372,371,5
711454,374,371,5
711464,371,371,5
711474,372,371,5
711485,374,371,5
711495,370,371,5
711505,372,371,5
711515,374,371,5
711525,372,371,5
711535,373,371,5
711546,370,371,5
711556,372,371,5
711566,375,371,5
711576,371,371,5
711586,372,371,5
711597,373,371,5
711607,369,371,5
711617,374,371,5
711627,374,371,5
711637,372,371,5
711648,371,371,5
711658,375,371,5
711668,375,372,4
711678,372,372,4
711688,374,372,4
711698,372,372,4
711709,373,372,4
711719,373,372,4
711729,370,372,4
711739,374,372,4
711749,372,372,3
711760,370,372,4
711770,374,372,4
711780,375,372,3
711790,372,372,3
711800,369,372,4
711810,371,372,3
711821,374,372,3
711831,371,372,3
711841,371,372,3
711851,371,372,3
711861,371,372,3
711872,372,372,3
711882,372,372,3
711892,370,372,3
711902,373,372,3
711912,371,372,3
711923,373,372,3
711933,375,372,3
711943,369,372,3
711953,373,372,3
711963,371,372,3
711973,370,372,3
711984,375,372,3
711994,372,372,3
SIM
712014,1419,1415,22
712024,1417,1415,22
712035,1419,1415,22
712045,1415,1415,21
712055,1418,1415,21
712065,1421,1415,21
712075,1416,1415,20
712085,1421,1415,20
712096,1414,1415,20
712106,1416,1415,19
712116,1419,1415,19
712126,1413,1415,18
712136,1419,1415,18
712147,1416,1415,18
712157,1418,1415,17
712167,1419,1415,16
712177,1413,1415,16
712187,1419,1415,15
712198,1418,1415,14
712208,1416,1415,13
712218,1419,1415,13
712228,1415,1415,12
712238,1418,1415,12
712249,1419,1415,12
712259,1415,1415,11
712269,1419,1415,11
712279,1415,1415,10
712289,1419,1416,9
712300,1419,1416,9
712310,1413,1416,8
712320,1421,1416,8
712330,1417,1416,8
712340,1416,1416,7
712351,1419,1416,7
712361,1413,1416,7
712371,1419,1416,7
712381,1417,1416,7
712391,1415,1416,6
712402,1420,1416,7
712412,1413,1416,6
712422,1418,1416,6
712432,1419,1416,6
712442,1415,1416,6
712453,1421,1416,6
712463,1415,1416,6
712473,1419,1416,6
712483,1418,1416,6
712493,1414,1416,6
712504,1418,1416,6
712514,1416,1416,6
712524,1417,1416,6
712534,1420,1416,6
712544,1414,1416,6
712555,1420,1417,5
712565,1417,1417,5
712575,1416,1417,5
712585,1420,1417,5
712595,1415,1417,5
712605,1417,1417,5
712616,1419,1417,5
712626,1414,1417,5
712636,1420,1417,5
712646,1415,1417,5
712656,1417,1417,5
712667,1418,1417,5
712677,1414,1417,5
712687,1420,1417,5
712697,1417,1417,5
712707,1416,1417,5
712718,1422,1417,5
712728,1414,1417,5
712738,1420,1417,5
712748,1418,1417,5
712758,1416,1417,5
712769,1422,1417,5
712779,1415,1417,5
712789,1418,1417,5
712799,1419,1417,5
712809,1414,1417,5
712820,1419,1417,5
712830,1416,1417,5
712840,1417,1417,5
712850,1419,1417,5
712860,1414,1417,5
712871,1420,1417,5
712881,1415,1417,5
712891,1417,1417,5
712901,1422,1417,5
712911,1416,1417,5
712922,1418,1417,5
712932,1418,1417,5
712942,1415,1417,5
712952,1419,1417,5
712962,1417,1417,5
712972,1417,1417,5
712983,1418,1417,5
712993,1415,1417,5
713003,1419,1417,5
713013,1415,1417,5
713023,1417,1417,5
713034,1421,1417,5
713044,1414,1417,5
713054,1421,1417,5
713064,1418,1417,5
713074,1416,1417,5
713085,1420,1417,5
713095,1415,1417,5
713105,1419,1417,5
713115,1417,1417,5
713125,1416,1417,5
713136,1421,1417,5
713146,1416,1417,5
713156,1419,1417,5
713166,1419,1417,5
713176,1414,1417,5
713187,1421,1417,5
713197,1416,1417,5
713207,1417,1417,5
713217,1419,1417,5
713227,1415,1417,5
RIM
713248,1004,992,16
713258,991,992,16
713268,1000,992,16
713278,990,992,16
713288,995,992,16
713299,997,992,16
713309,989,992,16
713319,998,992,16
713329,990,992,16
713339,992,992,16
713350,999,992,16
713360,986,992,16
713370,998,992,16
713380,993,992,16
713390,989,992,16
713401,999,992,16
713411,989,992,16
713421,993,992,16
713431,996,992,16
713441,989,992,16
713451,998,992,16
713462,990,992,16
713472,994,992,16
713482,1000,992,17
713492,988,992,17
713502,996,992,17
713513,992,992,17
713523,990,992,17
713533,997,992,17
713543,987,992,17
713553,997,992,17
713564,993,992,17
713574,989,992,17
713584,998,992,17
713594,988,992,17
713604,993,992,17
713615,995,992,17
713625,990,992,17
713635,997,992,17
713645,988,992,17
713655,992,992,17
713665,998,992,17
713676,988,992,17
713686,995,992,17
713696,992,992,17
713706,991,992,17
713716,998,992,17
713727,988,992,17
713737,996,992,17
713747,994,992,17
713757,985,992,17
713767,997,992,17
713778,989,992,17
713788,992,992,17
713798,997,992,17
713808,988,992,17
713818,998,992,17
713829,990,992,17
713839,992,992,17
713849,998,992,18
713859,986,992,18
713869,996,992,18
713879,991,992,18
713890,989,992,18
713900,1000,992,18
713910,988,992,18
713920,996,992,18
713930,993,992,18
713941,988,992,18
713951,997,992,18
713961,987,992,18
713971,993,992,18
713981,996,992,18
713992,987,992,18
714002,997,992,18
714012,990,992,18
714022,991,992,18
714032,999,992,18
714042,989,992,18
714053,994,992,17
714063,991,992,17
714073,988,992,17
714083,998,992,17
714093,987,992,17
714104,993,992,17
714114,994,992,17
714124,989,992,17
714134,997,992,17
714144,987,992,17
714155,993,992,17
714165,997,992,17
714175,986,992,18
714185,997,992,18
714195,987,992,18
714205,990,992,18
714216,996,992,18
714226,988,992,18
714236,996,992,18
714246,990,992,18
714256,988,992,18
714267,995,992,18
714277,987,992,18
714287,994,992,18
714297,994,992,18
714307,988,992,17
714318,998,992,18
714328,989,992,18
714338,992,992,18
714348,995,992,18
714358,986,992,18
714368,996,992,18
714379,989,992,18
714389,989,992,18
714399,1000,992,18
714409,986,992,18
714419,996,992,18
714430,990,992,18
714440,991,992,18
714450,997,992,18
714460,988,992,18
OSM
714481,377,372,3
714491,373,372,3
714501,374,372,3
714511,372,372,3
714522,374,372,3
714532,375,372,3
714542,369,372,3
714552,374,372,3
714562,374,372,3
714572,371,372,3
714583,373,372,3
714593,370,372,3
714603,373,372,3
714613,374,372,3
714623,372,372,3
714634,371,372,3
714644,371,372,3
714654,375,372,3
714664,374,372,3
714674,370,372,3
714684,373,372,3
714695,371,372,3
714705,375,372,3
714715,373,372,3
714725,370,372,3
714735,376,372,3
714746,372,372,3
714756,371,372,3
714766,373,372,3
714776,374,372,3
714786,373,372,3
714796,375,372,3
714807,372,372,3
714817,373,372,3
714827,369,372,3
714837,372,372,3
714847,374,372,3
714858,372,372,3
714868,375,372,3
714878,371,372,3
714888,372,372,3
714898,372,372,3
714909,371,372,3
714919,372,372,3
714929,371,372,3
714939,373,372,3
714949,376,372,3
714959,370,372,3
714970,374,372,3
714980,371,372,3
714990,373,372,3
715000,374,372,3
715010,369,372,3
715021,374,372,3
715031,375,372,3
715041,372,372,3
715051,371,372,3
715061,370,372,3
715071,372,372,3
715082,372,372,3
715092,371,372,3
715102,374,372,3
715112,369,372,3
715122,374,372,3
715133,375,372,3
715143,371,372,3
715153,374,372,3
715163,372,372,3
715173,373,372,3
715184,372,372,3
715194,372,372,3
715204,371,372,3
715214,377,372,3
715224,373,372,3
715234,375,372,3
715245,372,372,3
715255,371,372,3
715265,373,372,3
715275,370,372,3
715285,374,372,3
715296,370,372,3
715306,373,372,3
715316,375,372,3
715326,372,372,3
715336,376,372,3
715346,372,372,3
715357,373,372,3
715367,371,372,3
715377,372,372,3
715387,371,372,3
715397,373,372,3
715408,373,372,3
715418,374,372,3
715428,371,372,3
715438,370,372,3
715448,373,372,3
715459,372,372,3
715469,371,372,3
715479,372,372,3
715489,375,372,3
715499,372,372,3
715509,371,372,3
715520,375,372,3
715530,375,372,3
715540,371,372,3
715550,371,372,3
715560,371,372,3
715571,375,372,3
715581,372,372,3
715591,372,372,3
715601,375,372,3
715611,371,372,3
715622,371,372,3
715632,373,372,3
715642,371,372,3
715652,376,372,3
715662,372,372,3
715672,375,372,3
715683,375,372,3
715693,371,372,3
SIM
715713,1415,1417,5
715723,1418,1417,5
715734,1419,1417,5
715744,1413,1417,5
715754,1419,1417,5
715764,1413,1417,5
715774,1416,1417,5
715784,1419,1417,5
715795,1414,1417,5
715805,1418,1417,5
715815,1417,1417,5
715825,1416,1417,5
715835,1419,1417,5
715846,1415,1417,5
715856,1417,1417,5
715866,1418,1417,5
715876,1415,1417,5
715886,1418,1417,5
715897,1416,1417,5
715907,1417,1417,5
715917,1418,1417,5
715927,1414,1417,5
715937,1419,1417,5
715948,1415,1417,5
715958,1417,1417,5
715968,1420,1417,5
715978,1415,1417,5
715988,1418,1417,5
715999,1417,1417,5
716009,1414,1417,5
716019,1419,1417,4
716029,1415,1417,4
716039,1421,1417,5
716050,1419,1417,5
716060,1415,1417,5
716070,1418,1417,4
716080,1414,1417,5
716090,1416,1417,5
716101,1421,1417,5
716111,1413,1417,5
716121,1418,1417,5
716131,1417,1417,5
716141,1416,1417,5
716152,1419,1417,4
716162,1414,1417,4
716172,1418,1417,4
716182,1418,1417,4
716192,1415,1417,4
716203,1419,1417,4
716213,1414,1417,5
716223,1418,1417,5
716233,1419,1417,4
716243,1415,1417,4
716254,1418,1417,4
716264,1416,1417,4
716274,1416,1417,4
716284,1421,1417,4
716294,1414,1417,4
716304,1418,1417,4
716315,1416,1417,4
716325,1416,1417,4
716335,1420,1417,4
716345,1415,1417,4
716355,1419,1417,4
716366,1418,1417,4
716376,1414,1417,4
716386,1419,1417,4
716396,1416,1417,4
716406,1417,1417,4
716417,1417,1417,4
716427,1413,1417,4
716437,1420,1417,4
716447,1415,1417,4
716457,1418,1417,4
716468,1420,1417,4
716478,1417,1417,4
716488,1418,1417,4
716498,1417,1417,4
716508,1416,1417,4
716519,1419,1417,4
716529,1414,1417,4
716539,1418,1417,4
716549,1417,1417,4
716559,1415,1417,4
716570,1420,1417,4
716580,1415,1417,4
716590,1416,1417,4
716600,1419,1417,4
716610,1414,1417,4
716620,1418,1417,4
716631,1415,1417,4
716641,1415,1417,4
716651,1420,1417,4
716661,1415,1416,5
716671,1417,1416,5
716682,1416,1416,5
716692,1417,1416,5
716702,1421,1417,4
716712,1413,1416,5
716722,1417,1416,5
716733,1419,1416,5
716743,1415,1416,5
716753,1420,1416,5
716763,1415,1416,5
716773,1418,1416,5
716784,1420,1416,5
716794,1413,1416,5
716804,1420,1416,5
716814,1414,1416,5
716824,1414,1416,5
716835,1419,1416,5
716845,1413,1416,5
716855,1418,1416,5
716865,1419,1416,5
716875,1415,1416,5
716886,1421,1416,5
716896,1413,1416,5
716906,1418,1416,5
716916,1419,1416,5
716926,1414,1416,5
RIM
716947,1000,992,17
716957,994,992,17
716967,999,992,17
716977,989,992,17
716987,996,992,17
716998,996,992,17
717008,989,992,17
717018,998,992,17
717028,990,992,17
717038,994,992,17
717049,996,992,17
717059,990,992,17
717069,997,992,17
717079,991,992,17
717089,992,992,17
717099,995,992,16
717110,989,992,16
717120,997,992,16
717130,992,992,16
717140,989,992,16
717150,997,992,16
717161,988,992,16
717171,996,992,16
717181,994,992,16
717191,988,992,16
717201,998,992,16
717212,989,992,16
717222,993,992,16
717232,999,992,16
717242,988,992,16
717252,999,992,16
717262,990,992,16
717273,993,992,16
717283,999,992,16
717293,985,992,17
717303,995,992,17
717313,992,992,17
717324,988,992,17
717334,998,992,17
717344,989,992,17
717354,993,992,17
717364,996,992,17
717375,989,992,17
717385,999,992,17
717395,989,992,17
717405,993,992,17
717415,998,992,17
717425,988,992,17
717436,998,992,17
717446,990,992,17
717456,991,992,17
717466,998,992,17
717476,988,992,17
717487,995,992,17
717497,994,992,17
717507,990,992,17
717517,996,992,17
717527,986,992,17
717538,996,992,17
717548,995,992,17
717558,988,992,17
717568,996,992,17
717578,991,992,17
717588,993,992,17
717599,996,992,16
717609,990,992,16
717619,996,992,16
717629,989,992,16
717639,991,992,16
717650,997,992,16
717660,987,992,16
717670,996,992,16
717680,993,992,16
717690,989,992,16
717701,997,992,16
717711,989,992,16
717721,993,992,16
717731,994,992,16
717741,988,992,16
717752,996,992,16
717762,989,992,16
717772,991,992,16
717782,996,992,15
717792,987,992,15
717802,996,992,16
717813,989,992,16
717823,990,992,16
717833,998,992,16
717843,988,992,16
717853,995,992,16
717864,992,992,15
717874,989,992,15
717884,997,992,15
717894,989,992,15
717904,993,992,15
717915,995,992,15
717925,989,992,15
717935,997,992,15
717945,989,992,15
717955,992,992,15
717965,1004,992,16
717976,986,992,16
717986,995,992,16
717996,991,992,16
718006,991,992,16
718016,998,992,16
718027,987,992,16
718037,996,992,16
718047,992,992,16
718057,987,992,16
718067,1000,992,17
718078,986,992,17
718088,993,992,17
718098,997,992,16
718108,987,992,16
718118,999,992,17
718128,988,992,17
718139,992,992,17
718149,998,992,17
718159,986,992,17
OSM
718180,377,372,3
718190,377,372,3
718200,376,372,3
718210,372,372,3
718221,372,372,3
718231,374,372,3
718241,371,372,3
718251,374,372,3
718261,372,372,3
718271,371,372,3
718282,372,372,3
718292,371,372,3
718302,374,372,3
718312,374,372,3
718322,369,372,3
718333,368,372,3
718343,371,372,3
718353,373,372,3
718363,371,372,3
718373,372,372,3
718383,372,372,3
718394,369,372,3
718404,373,372,3
718414,374,372,3
718424,372,372,3
718434,372,372,3
718445,372,372,3
718455,373,372,3
718465,372,372,3
718475,372,372,3
718485,374,372,3
718496,370,372,3
718506,371,372,3
718516,373,372,3
718526,374,372,3
718536,373,372,3
718546,369,372,3
718557,371,372,3
718567,374,372,3
718577,370,372,3
718587,369,372,3
718597,373,372,3
718608,371,372,3
718618,374,372,3
718628,373,372,3
718638,371,372,3
718648,372,372,3
718658,373,372,3
718669,374,372,3
718679,374,372,3
718689,373,372,3
718699,375,372,3
718709,372,372,3
718720,373,372,3
718730,370,372,3
718740,372,372,3
718750,382,372,4
718760,370,372,4
718771,375,372,4
718781,372,372,4
718791,372,372,4
718801,372,372,4
718811,372,372,4
718821,375,372,4
718832,375,372,4
718842,371,372,4
718852,371,372,4
718862,371,372,4
718872,375,372,4
718883,373,372,4
718893,372,372,4
718903,375,372,4
718913,371,372,4
718923,370,372,4
718933,377,372,4
718944,371,372,4
718954,374,372,4
718964,374,372,4
718974,370,372,4
718984,376,372,4
718995,371,372,4
719005,374,372,4
719015,372,372,4
719025,372,372,4
719035,374,372,4
719046,373,372,4
719056,371,372,4
719066,373,372,4
719076,374,372,4
719086,373,372,4
719096,370,372,4
719107,371,372,4
719117,373,372,4
719127,371,372,4
719137,372,372,4
719147,372,372,4
719158,374,372,4
719168,372,372,4
719178,372,372,4
719188,375,372,4
719198,379,372,4
719208,374,372,4
719219,376,372,4
719229,370,372,4
719239,371,372,4
719249,374,372,4
719259,372,372,4
719270,373,372,4
719280,370,372,4
719290,372,372,4
719300,373,372,4
719310,369,372,4
719321,374,372,4
719331,370,372,4
719341,371,372,4
719351,372,372,4
719361,371,372,4
719371,371,372,4
719382,372,372,4
719392,372,372,4
SIM
719412,1418,1416,5
719422,1418,1416,5
719433,1421,1416,5
719443,1415,1416,5
719453,1421,1416,5
719463,1416,1416,5
719473,1417,1416,5
719483,1418,1416,5
719494,1414,1416,5
719504,1420,1416,5
719514,1418,1416,5
719524,1416,1416,5
719534,1419,1416,5
719545,1414,1416,5
719555,1418,1416,5
719565,1418,1416,5
719575,1417,1416,5
719585,1420,1417,4
719596,1414,1416,6
719606,1417,1416,6
719616,1418,1416,6
719626,1413,1416,6
719636,1421,1417,5
719647,1415,1417,5
719657,1417,1417,5
719667,1419,1416,6
719677,1415,1416,6
719687,1419,1417,5
719698,1417,1417,5
719708,1416,1417,5
719718,1420,1417,5
719728,1413,1417,5
719738,1420,1417,5
719749,1419,1417,5
719759,1415,1417,5
719769,1420,1417,5
719779,1414,1417,5
719789,1418,1417,5
719800,1419,1417,5
719810,1414,1417,5
719820,1419,1417,5
719830,1414,1417,5
719840,1418,1417,5
719851,1419,1417,5
719861,1414,1417,5
719871,1420,1417,5
719881,1417,1417,5
719891,1414,1417,5
719902,1419,1417,5
719912,1413,1417,5
719922,1417,1417,5
719932,1417,1416,6
719942,1415,1416,6
719952,1420,1417,5
719963,1414,1416,6
719973,1417,1417,5
719983,1419,1416,6
719993,1414,1416,6
720003,1420,1417,5
720014,1416,1417,5
720024,1417,1417,5
720034,1419,1417,5
720044,1414,1416,6
720054,1419,1416,6
720065,1415,1416,6
720075,1420,1417,5
720085,1419,1417,5
720095,1413,1416,6
720105,1418,1417,5
720116,1417,1417,5
720126,1416,1417,5
720136,1420,1417,5
720146,1415,1417,5
720156,1420,1417,5
720167,1419,1417,5
720177,1414,1417,5
720187,1419,1417,5
720197,1417,1417,5
720207,1416,1417,5
720218,1418,1417,5
720228,1412,1416,6
720238,1421,1417,5
720248,1417,1417,5
720258,1416,1417,5
720268,1420,1417,5
720279,1414,1417,5
720289,1419,1417,5
720299,1418,1417,5
720309,1415,1417,5
720319,1420,1417,5
720330,1415,1417,5
720340,1418,1417,5
720350,1419,1417,5
720360,1413,1417,5
720370,1420,1417,5
720381,1416,1417,5
720391,1415,1417,5
720401,1419,1417,5
720411,1414,1417,5
720421,1421,1417,5
720432,1417,1417,5
720442,1416,1417,5
720452,1420,1417,5
720462,1413,1417,6
720472,1418,1417,6
720483,1417,1417,5
720493,1413,1417,5
720503,1421,1417,5
720513,1414,1417,5
720523,1418,1417,5
720534,1419,1417,5
720544,1415,1417,5
720554,1421,1417,5
720564,1415,1417,5
720574,1417,1417,5
720585,1419,1417,5
720595,1414,1417,5
720605,1417,1417,5
720615,1417,1417,5
720625,1415,1417,5
RIM
720646,988,992,17
720656,977,992,18
720666,992,992,18
720676,977,992,20
720686,984,992,20
720697,985,992,20
720707,978,992,22
720717,992,992,22
720727,981,991,24
720737,985,991,24
720748,989,991,24
720758,980,991,25
720768,992,991,24
720778,983,991,25
720788,981,991,26
720798,992,991,26
720809,980,991,27
720819,991,991,26
720829,985,991,27
720839,979,991,28
720849,995,991,28
720860,984,991,28
720870,990,991,28
720880,987,991,28
720890,984,991,28
720900,993,991,28
720911,983,991,28
720921,990,990,29
720931,989,990,28
720941,984,990,29
720951,993,990,28
720961,988,990,28
720972,987,990,28
720982,994,990,28
720992,984,990,28
721002,993,990,28
721012,988,990,28
721023,986,990,28
721033,996,990,27
721043,984,990,28
721053,991,990,28
721063,990,990,27
721074,986,990,28
