Polling for available serial device...
Opening serial monitor for com port: "/dev/ttyACM0"
Serial monitor opened successfully:
1084432,423,414,50
1084442,426,414,50
1084452,423,415,50
1084462,425,415,50
1084473,423,415,51
1084483,424,415,51
1084493,423,415,51
1084503,426,415,52
1084513,427,415,53
1084524,425,415,54
1084534,426,416,53
1084544,428,416,54
1084554,425,416,54
1084564,427,416,55
1084575,422,416,55
1084585,425,416,56
1084595,426,416,57
1084605,428,416,58
1084615,425,417,57
1084626,424,417,58
1084636,423,417,58
1084646,423,417,58
1084656,422,417,58
1084666,425,417,58
1084676,427,417,59
1084687,425,417,60
1084697,427,417,60
1084707,424,417,61
1084717,424,417,61
1084727,425,418,60
1084738,426,418,61
1084748,425,418,61
1084758,423,418,61
1084768,425,418,61
1084778,427,418,62
1084789,423,418,62
1084799,425,418,63
1084809,426,418,63
1084819,427,418,63
1084829,427,418,64
1084840,428,419,63
1084850,427,419,63
1084860,426,419,64
1084870,424,419,64
1084880,424,419,64
1084891,425,419,64
1084901,427,419,64
1084911,426,419,64
1084921,425,419,63
1084931,430,420,62
1084941,424,420,62
1084952,424,420,62
1084962,426,420,61
1084972,423,420,60
1084982,427,420,60
1084992,427,420,59
1085003,425,420,59
1085013,426,421,57
1085023,426,421,56
1085033,427,421,56
1085043,426,421,56
1085054,427,421,55
1085064,427,421,55
1085074,423,421,54
1085084,423,421,53
1085094,431,422,52
1085105,422,422,51
1085115,427,422,50
1085125,426,422,49
1085135,425,422,48
1085145,426,422,47
1085156,423,422,46
1085166,425,422,45
1085176,425,422,44
1085186,424,423,41
1085196,426,423,40
1085207,425,423,38
1085217,427,423,37
1085227,426,423,35
1085237,423,423,34
1085247,424,423,31
1085257,425,424,28
1085268,423,424,26
1085278,426,424,24
1085288,425,424,21
1085298,425,424,19
1085308,424,424,15
1085319,424,424,13
1085329,424,425,9
1085339,425,425,6
1085349,426,425,3
SIM
1085370,1367,1255,3294
1085380,1370,1256,3402
1085390,1366,1257,3500
1085400,1369,1258,3601
1085410,1367,1259,3696
1085421,1365,1260,3782
1085431,1371,1261,3878
1085441,1364,1262,3957
1085451,1369,1263,4044
1085461,1370,1264,4132
1085472,1366,1266,4207
1085482,1370,1267,4287
1085492,1366,1268,4356
1085502,1368,1269,4427
1085512,1369,1270,4497
1085523,1366,1271,4559
1085533,1370,1272,4626
1085543,1367,1273,4685
1085553,1367,1275,4739
1085563,1370,1276,4799
1085574,1364,1277,4845
1085584,1370,1278,4898
1085594,1369,1279,4948
1085604,1365,1280,4988
1085615,1372,1281,5037
1085625,1366,1283,5072
1085635,1369,1284,5109
1085645,1371,1285,5146
1085655,1366,1286,5169
1085666,1369,1287,5195
1085676,1369,1288,5216
1085686,1368,1290,5233
1085696,1370,1291,5250
1085706,1364,1292,5250
1085717,1371,1293,5260
1085727,1370,1294,5262
1085737,1367,1296,5254
1085747,1369,1297,5248
1085757,1366,1298,5234
1085768,1368,1299,5220
1085778,1370,1301,5202
1085788,1365,1302,5171
1085798,1371,1303,5152
1085808,1367,1304,5118
1085819,1367,1306,5084
1085829,1370,1307,5047
1085839,1365,1308,4998
1085849,1370,1310,4953
1085859,1368,1311,4903
1085870,1366,1312,4842
1085880,1370,1313,4786
1085890,1364,1315,4712
1085900,1369,1316,4648
1085910,1369,1317,4576
1085921,1365,1319,4490
1085931,1370,1320,4418
1085941,1367,1321,4331
1085951,1368,1323,4250
1085962,1369,1324,4165
1085972,1364,1325,4065
1085982,1370,1326,3977
1085992,1366,1328,3875
1086002,1367,1329,3773
1086013,1371,1330,3675
1086023,1365,1332,3562
1086033,1370,1333,3460
1086043,1369,1334,3351
1086053,1365,1335,3240
1086064,1371,1337,3131
1086074,1364,1338,3009
1086084,1370,1339,2897
1086094,1370,1341,2777
1086104,1367,1342,2653
1086115,1370,1343,2542
1086125,1368,1344,2426
1086135,1368,1345,2316
1086145,1370,1347,2207
1086155,1364,1348,2090
1086166,1370,1349,1979
1086176,1369,1350,1858
1086186,1367,1351,1738
1086196,1370,1352,1619
1086206,1365,1353,1489
1086217,1368,1355,1367
1086227,1370,1356,1237
1086237,1366,1357,1104
1086247,1369,1358,977
1086257,1367,1359,843
1086268,1370,1360,711
1086278,1370,1361,575
1086288,1366,1363,430
1086298,1370,1364,288
1086309,1368,1365,148
1086319,1368,1366,31
1086329,1371,1366,17
1086339,1365,1366,17
1086349,1369,1366,15
1086360,1368,1366,15
1086370,1366,1366,15
1086380,1370,1366,15
1086390,1366,1366,14
1086400,1368,1366,14
1086411,1369,1366,13
1086421,1367,1366,12
1086431,1373,1367,11
1086441,1367,1367,11
1086451,1371,1367,10
1086462,1370,1367,10
1086472,1367,1367,9
1086482,1371,1367,9
1086492,1369,1367,8
1086502,1369,1367,8
1086513,1372,1367,8
1086523,1366,1367,8
1086533,1370,1367,7
1086543,1369,1367,7
1086553,1367,1367,6
1086563,1370,1368,5
1086574,1367,1368,4
1086584,1368,1368,4
RIM
1086604,857,863,2159
1086614,850,862,2057
1086625,846,861,1955
1086635,843,859,1846
1086645,850,858,1730
1086655,841,857,1620
1086665,847,856,1500
1086676,849,855,1380
1086686,843,854,1264
1086696,853,853,1129
1086706,844,852,1010
1086716,846,851,880
1086727,849,850,749
1086737,845,849,627
1086747,849,848,485
1086757,846,847,356
1086767,847,846,217
1086778,852,845,123
1086788,842,844,86
1086798,851,844,53
1086808,847,843,39
1086818,843,843,33
1086828,849,843,28
1086839,843,843,28
1086849,846,843,28
1086859,851,843,29
1086869,842,843,28
1086879,850,843,28
1086890,845,843,28
1086900,844,843,27
1086910,850,843,28
1086920,840,843,27
1086930,849,843,27
1086941,844,843,27
1086951,844,843,26
1086961,853,844,26
1086971,841,844,24
1086981,847,844,24
1086992,848,844,24
1087002,842,844,23
1087012,851,844,23
1087022,844,844,22
1087032,846,844,21
1087043,850,844,22
1087053,838,844,21
1087063,846,844,21
1087073,841,844,20
1087083,842,844,20
1087093,848,844,20
1087104,837,844,20
1087114,845,844,20
1087124,840,844,19
1087134,839,844,19
1087144,845,844,19
1087155,837,844,18
1087165,838,844,19
1087175,842,844,18
1087185,833,844,19
1087195,842,844,19
1087206,833,844,19
1087216,834,844,20
1087226,840,844,20
1087236,833,844,21
1087246,841,844,21
1087257,837,844,21
1087267,834,844,22
1087277,840,844,22
1087287,829,844,23
1087297,838,844,23
1087308,833,844,24
1087318,831,844,26
1087328,836,844,26
1087338,829,843,29
1087348,834,843,29
1087358,838,843,29
1087369,828,843,31
1087379,838,843,31
1087389,829,843,33
1087399,830,843,34
1087409,840,843,34
1087420,826,843,36
1087430,839,843,36
1087440,833,843,37
1087450,832,842,38
1087460,840,842,38
1087471,830,842,39
1087481,839,842,39
1087491,836,842,40
1087501,830,842,41
1087511,838,842,40
1087522,831,842,41
1087532,834,842,41
1087542,837,842,42
1087552,827,842,43
1087562,836,841,44
1087572,832,841,45
1087583,832,841,45
1087593,838,841,45
1087603,828,841,47
1087613,835,841,46
1087623,831,841,47
1087634,827,841,48
1087644,835,841,48
1087654,824,840,52
1087664,833,840,51
1087674,834,840,51
1087685,828,840,52
1087695,838,840,52
1087705,830,840,52
1087715,832,840,52
1087725,836,840,52
1087736,826,840,54
1087746,837,839,54
1087756,831,839,54
1087766,831,839,54
1087776,839,839,54
1087787,827,839,55
1087797,837,839,54
1087807,831,839,54
1087817,829,839,55
OSM
1087838,428,425,3
1087848,426,425,3
1087858,428,425,3
1087868,426,425,3
1087879,423,425,3
1087889,422,425,3
1087899,426,425,3
1087909,431,425,3
1087919,424,425,3
1087929,427,425,4
1087940,423,425,4
1087950,426,425,3
1087960,428,425,3
1087970,425,425,3
1087980,425,425,3
1087991,428,425,3
1088001,424,425,3
1088011,425,425,3
1088021,425,425,3
1088031,427,425,3
1088042,423,425,3
1088052,423,425,3
1088062,427,425,3
1088072,425,425,3
1088082,426,425,3
1088093,425,425,3
1088103,424,425,3
1088113,424,425,3
1088123,425,425,3
1088133,426,425,3
1088143,425,425,3
1088154,427,425,3
1088164,425,425,3
1088174,424,425,3
1088184,426,425,3
1088194,427,425,3
1088205,427,425,3
1088215,432,425,3
1088225,425,425,3
1088235,426,425,3
1088245,426,425,3
1088256,424,425,3
1088266,428,425,3
1088276,425,425,3
1088286,426,425,3
1088296,428,425,3
1088307,425,425,3
1088317,425,425,3
1088327,424,425,3
1088337,425,425,3
1088347,424,425,3
1088357,426,425,3
1088368,425,425,3
1088378,425,425,3
1088388,424,425,3
1088398,428,425,3
1088408,426,425,3
1088419,423,425,3
1088429,427,425,3
1088439,425,425,3
1088449,423,425,3
1088459,427,425,3
1088470,427,425,3
1088480,426,425,3
1088490,426,425,3
1088500,425,425,3
1088510,423,425,3
1088520,426,425,3
1088531,429,425,3
1088541,423,425,3
1088551,424,425,3
1088561,428,425,3
1088571,425,425,3
1088582,424,425,3
1088592,424,425,3
1088602,425,425,3
1088612,426,425,3
1088622,425,425,3
1088633,428,425,3
1088643,426,425,3
1088653,423,425,3
1088663,427,425,3
1088673,426,425,3
1088683,425,425,3
1088694,427,425,3
1088704,426,425,3
1088714,424,425,3
1088724,426,425,3
1088734,425,425,3
1088745,427,425,3
1088755,426,425,3
1088765,426,425,3
1088775,425,425,3
1088785,426,425,3
1088796,427,425,2
1088806,423,425,2
1088816,424,425,2
1088826,426,425,2
1088836,426,425,2
1088846,426,425,2
1088857,427,425,2
1088867,427,425,2
1088877,424,425,2
1088887,424,425,2
1088897,428,425,3
1088908,426,425,3
1088918,426,425,2
1088928,426,425,2
1088938,425,425,2
1088948,425,425,2
1088959,427,425,2
1088969,425,425,2
1088979,426,425,2
1088989,430,425,3
1088999,426,425,3
1089010,428,425,3
1089020,424,425,3
1089030,427,425,3
1089040,425,425,3
1089050,423,425,3
SIM
1089071,1363,1368,4
1089081,1367,1368,4
1089091,1365,1368,4
1089101,1364,1368,4
1089111,1368,1368,4
1089122,1362,1368,5
1089132,1365,1367,5
1089142,1366,1367,5
1089152,1363,1367,6
1089162,1368,1367,5
1089173,1363,1367,6
1089183,1365,1367,6
1089193,1366,1367,6
1089203,1362,1367,6
1089213,1367,1367,6
1089224,1363,1367,6
1089234,1365,1367,6
1089244,1367,1367,6
1089254,1362,1367,6
1089264,1368,1367,6
1089275,1366,1367,6
1089285,1362,1367,6
1089295,1368,1367,6
1089305,1362,1367,6
1089315,1366,1367,6
1089326,1366,1367,6
1089336,1363,1367,6
1089346,1367,1367,6
1089356,1363,1367,6
1089366,1364,1367,6
1089377,1366,1367,6
1089387,1361,1367,6
1089397,1367,1367,6
1089407,1364,1367,6
1089417,1365,1367,6
1089428,1367,1367,6
1089438,1361,1367,6
1089448,1366,1367,6
1089458,1366,1367,6
1089468,1364,1367,6
1089479,1367,1367,6
1089489,1362,1367,7
1089499,1364,1366,7
1089509,1366,1366,7
1089519,1362,1366,8
1089530,1366,1366,7
1089540,1363,1366,7
1089550,1365,1366,7
1089560,1367,1366,7
1089570,1361,1366,8
1089581,1367,1366,7
1089591,1364,1366,7
1089601,1366,1366,7
1089611,1367,1366,7
1089621,1363,1366,7
1089632,1365,1366,7
1089642,1365,1366,7
1089652,1364,1366,7
1089662,1366,1366,7
1089672,1362,1366,7
1089683,1365,1366,7
1089693,1367,1366,7
1089703,1363,1366,7
1089713,1367,1366,7
1089723,1361,1366,7
1089734,1363,1366,7
1089744,1367,1366,7
1089754,1362,1366,7
1089764,1368,1366,7
1089774,1364,1366,7
1089785,1364,1366,7
1089795,1367,1366,7
1089805,1363,1366,7
1089815,1366,1366,7
1089825,1365,1366,7
1089836,1362,1366,7
1089846,1367,1366,7
1089856,1364,1366,7
1089866,1365,1366,7
1089876,1366,1366,6
1089887,1361,1365,8
1089897,1367,1365,7
1089907,1363,1365,7
1089917,1364,1365,7
1089927,1366,1365,7
1089938,1362,1365,7
1089948,1366,1365,7
1089958,1365,1365,7
1089968,1363,1365,7
1089978,1366,1365,7
1089989,1364,1365,7
1089999,1366,1365,6
1090009,1366,1365,6
1090019,1362,1365,6
1090029,1367,1365,6
1090039,1363,1365,6
1090050,1365,1365,6
1090060,1366,1365,6
1090070,1361,1365,6
1090080,1367,1365,6
1090090,1366,1365,6
1090101,1363,1365,6
1090111,1367,1365,6
1090121,1363,1365,6
1090131,1366,1365,5
1090141,1367,1365,5
1090152,1364,1365,5
1090162,1368,1365,5
1090172,1363,1365,5
1090182,1366,1365,5
1090192,1366,1365,4
1090203,1363,1365,4
1090213,1367,1364,5
1090223,1364,1364,5
1090233,1364,1364,5
1090243,1365,1364,4
1090254,1362,1364,4
1090264,1366,1364,4
1090274,1366,1364,4
1090284,1364,1364,4
RIM
1090305,830,838,54
1090315,813,838,58
1090325,830,838,58
1090335,819,838,61
1090345,823,838,61
1090355,824,837,64
1090366,816,837,67
1090376,830,837,66
1090386,819,837,68
1090396,820,837,69
1090406,829,836,70
1090417,818,836,72
1090427,828,836,71
1090437,822,836,72
1090447,822,836,72
1090457,833,836,71
1090468,821,835,73
1090478,830,835,70
1090488,827,835,70
1090498,821,835,70
1090508,833,835,69
1090519,823,834,70
1090529,829,834,69
1090539,832,834,68
1090549,825,834,68
1090559,833,834,65
1090570,824,834,65
1090580,825,834,64
1090590,833,833,64
1090600,825,833,63
1090610,836,833,61
1090620,827,833,61
1090631,827,833,59
1090641,834,833,58
1090651,824,833,58
1090661,831,832,55
1090671,828,832,55
1090682,823,832,54
1090692,834,832,52
1090702,826,832,51
1090712,832,832,48
1090722,832,832,47
1090733,825,831,46
1090743,834,831,44
1090753,827,831,43
1090763,830,831,41
1090773,832,831,41
1090784,825,831,40
1090794,833,831,37
1090804,828,831,37
1090814,827,831,36
1090824,838,831,35
1090834,826,830,36
1090845,835,830,34
1090855,829,830,34
1090865,828,830,33
1090875,835,830,32
1090885,825,830,33
1090896,832,830,31
1090906,830,830,31
1090916,826,830,31
1090926,836,830,31
1090936,829,830,31
1090947,833,830,30
1090957,835,830,30
1090967,828,830,29
1090977,837,830,29
1090987,829,830,29
1090998,830,830,28
1091008,835,830,29
1091018,826,830,29
1091028,834,830,29
1091038,831,830,29
1091049,829,830,28
1091059,838,830,28
1091069,826,829,30
1091079,831,829,29
1091089,835,829,29
1091099,828,829,29
1091110,837,829,29
1091120,828,829,29
1091130,832,829,28
1091140,835,829,28
1091150,827,829,28
1091161,835,829,27
1091171,830,829,27
1091181,829,829,26
1091191,835,829,26
1091201,827,829,26
1091212,836,829,26
1091222,832,829,26
1091232,829,829,26
1091242,838,829,26
1091252,828,829,26
1091263,834,829,26
1091273,833,829,26
1091283,827,829,26
1091293,837,829,26
1091303,830,829,26
1091313,831,829,25
1091324,838,829,26
1091334,830,829,26
1091344,837,829,26
1091354,831,829,26
1091364,827,829,26
1091375,837,829,26
1091385,827,829,26
1091395,834,829,26
1091405,834,829,26
1091415,830,829,26
1091426,836,829,26
1091436,828,829,26
1091446,834,829,26
1091456,836,829,26
1091466,826,829,26
1091477,839,829,26
1091487,829,829,26
1091497,828,829,26
1091507,838,829,26
1091517,829,829,26
OSM
1091538,428,425,3
1091548,427,425,3
1091558,429,425,3
1091568,425,425,3
1091579,426,425,3
1091589,426,425,3
1091599,422,425,3
1091609,426,425,3
1091619,426,425,3
1091629,426,425,3
1091640,427,425,3
1091650,424,425,3
1091660,427,425,2
1091670,425,425,2
1091680,426,425,2
1091691,426,425,2
1091701,426,425,2
1091711,424,425,2
1091721,426,425,2
1091731,426,425,2
1091742,426,425,2
1091752,425,425,2
1091762,427,425,2
1091772,426,425,2
1091782,424,425,2
1091792,425,425,2
1091803,425,425,2
1091813,425,425,2
1091823,426,425,2
1091833,426,425,2
1091843,424,425,2
1091854,426,425,2
1091864,423,425,2
1091874,427,425,2
1091884,423,425,2
1091894,426,425,2
1091905,426,425,2
1091915,424,425,2
1091925,426,425,2
1091935,426,425,2
1091945,426,425,2
1091955,424,425,2
1091966,425,425,2
1091976,433,425,2
1091986,426,425,2
1091996,425,425,2
1092006,427,425,2
1092017,423,425,2
1092027,426,425,2
1092037,423,425,2
1092047,424,425,2
1092057,428,425,3
1092068,424,425,3
1092078,425,425,3
1092088,425,425,3
1092098,426,425,2
1092108,424,425,2
1092118,424,425,2
1092129,426,425,2
1092139,426,425,2
1092149,428,425,2
1092159,426,425,2
1092169,425,425,2
1092180,428,425,2
1092190,425,425,2
1092200,425,425,2
1092210,425,425,2
1092220,425,425,2
1092231,423,425,2
1092241,424,425,2
1092251,425,425,2
1092261,427,425,2
1092271,426,425,2
1092281,423,425,2
1092292,428,425,2
1092302,422,425,2
1092312,426,425,2
1092322,427,425,2
1092332,425,425,2
1092343,427,425,2
1092353,426,425,2
1092363,426,425,2
1092373,433,425,3
1092383,424,425,3
1092394,426,425,3
1092404,424,425,3
1092414,424,425,3
1092424,426,425,3
1092434,426,425,3
1092445,426,425,3
1092455,428,425,3
1092465,425,425,3
1092475,425,425,3
1092485,427,425,3
1092495,433,425,3
1092506,426,425,3
1092516,426,425,3
1092526,426,425,3
1092536,427,425,3
1092546,426,425,3
1092557,424,425,3
1092567,426,425,3
1092577,429,425,4
1092587,426,425,4
1092597,424,425,3
1092608,425,425,3
1092618,425,425,3
1092628,427,425,3
1092638,425,425,3
1092648,422,425,4
1092658,426,425,3
1092669,424,425,4
1092679,424,425,4
1092689,425,425,3
1092699,425,425,3
1092709,424,425,3
1092720,426,425,3
1092730,426,425,3
1092740,427,425,3
1092750,424,425,3
SIM
1092770,1364,1364,4
1092781,1365,1364,4
1092791,1365,1364,4
1092801,1360,1364,4
1092811,1367,1364,4
1092821,1363,1364,4
1092832,1364,1364,4
1092842,1367,1364,4
1092852,1360,1364,4
1092862,1367,1364,4
1092872,1365,1364,4
1092883,1363,1364,4
1092893,1366,1364,4
1092903,1362,1364,4
1092913,1366,1364,4
1092923,1365,1364,4
1092934,1362,1364,4
1092944,1367,1364,4
1092954,1361,1364,4
1092964,1365,1364,4
1092974,1366,1364,4
1092985,1361,1364,4
1092995,1366,1364,4
1093005,1363,1364,4
1093015,1363,1364,4
1093025,1368,1364,4
1093036,1361,1364,4
1093046,1366,1364,4
1093056,1361,1364,4
1093066,1363,1364,4
1093076,1366,1364,4
1093087,1363,1364,4
1093097,1364,1364,4
1093107,1366,1364,4
1093117,1362,1364,4
1093127,1368,1364,4
1093138,1365,1364,4
1093148,1365,1364,4
1093158,1365,1364,4
1093168,1361,1364,4
1093178,1367,1364,4
1093189,1364,1364,4
1093199,1364,1364,4
1093209,1367,1364,4
1093219,1362,1364,4
1093229,1365,1364,4
1093240,1365,1364,4
1093250,1361,1364,4
1093260,1368,1364,4
1093270,1360,1364,4
1093280,1365,1364,4
1093291,1366,1364,4
1093301,1363,1364,4
1093311,1368,1364,4
1093321,1363,1364,4
1093331,1365,1364,4
1093341,1368,1364,4
1093352,1362,1364,4
1093362,1366,1364,4
1093372,1365,1364,4
1093382,1364,1364,4
1093392,1368,1364,4
1093403,1362,1364,4
1093413,1366,1364,4
1093423,1366,1364,4
1093433,1361,1364,4
1093443,1368,1364,4
1093454,1362,1364,4
1093464,1367,1364,4
1093474,1367,1364,4
1093484,1361,1364,4
1093494,1366,1364,4
1093505,1364,1364,4
1093515,1363,1364,4
1093525,1367,1364,4
1093535,1363,1364,4
1093545,1366,1364,4
1093556,1365,1364,4
1093566,1366,1364,4
1093576,1367,1364,4
1093586,1360,1364,4
1093596,1365,1364,4
1093607,1366,1364,4
1093617,1363,1364,4
1093627,1367,1364,4
1093637,1363,1364,4
1093647,1365,1364,4
1093658,1366,1364,4
1093668,1362,1364,4
1093678,1367,1364,5
1093688,1366,1364,5
1093698,1364,1364,5
1093709,1367,1364,5
1093719,1360,1364,5
1093729,1365,1364,5
1093739,1365,1364,5
1093749,1364,1364,5
1093760,1366,1364,5
1093770,1362,1364,5
1093780,1365,1364,4
1093790,1365,1364,4
1093800,1361,1364,5
1093811,1365,1364,4
1093821,1362,1364,4
1093831,1364,1364,4
1093841,1368,1364,4
1093851,1361,1364,5
1093862,1366,1364,4
1093872,1363,1364,4
1093882,1364,1364,4
1093892,1365,1364,4
1093902,1362,1364,4
1093913,1365,1364,4
1093923,1366,1364,4
1093933,1361,1364,4
1093943,1368,1364,5
1093953,1363,1364,5
1093964,1363,1364,5
1093974,1366,1364,5
1093984,1361,1364,5
RIM
1094004,843,829,28
1094015,833,829,26
1094025,840,830,26
1094035,830,830,25
1094045,835,830,24
1094055,836,830,24
1094065,829,830,23
1094076,841,830,24
1094086,831,830,23
1094096,833,830,22
1094106,840,830,23
1094116,829,830,22
1094127,838,831,21
1094137,832,831,21
1094147,831,831,20
1094157,837,831,20
1094167,828,831,19
1094178,834,831,19
1094188,835,831,19
1094198,828,831,19
1094208,839,831,19
1094218,830,831,19
1094229,833,831,19
1094239,837,831,19
1094249,832,831,19
1094259,838,831,19
1094269,831,831,19
1094280,830,831,18
1094290,839,831,19
1094300,829,831,19
1094310,836,831,19
1094320,833,831,18
1094331,828,831,18
1094341,836,831,19
1094351,828,832,17
1094361,833,832,17
1094371,835,832,17
1094381,829,832,17
1094392,839,832,17
1094402,830,832,17
1094412,829,832,17
1094422,837,832,17
1094432,828,832,17
1094443,833,832,17
1094453,830,832,16
1094463,828,832,17
1094473,838,832,17
1094483,828,832,17
1094494,834,832,17
1094504,834,832,16
1094514,828,832,16
1094524,836,832,16
1094534,829,832,16
1094545,832,832,16
1094555,834,832,16
1094565,829,832,16
1094575,838,832,16
1094585,830,832,16
1094596,831,832,16
1094606,838,832,16
1094616,828,832,16
1094626,836,832,16
1094636,831,832,16
1094646,827,832,16
1094657,837,832,16
1094667,826,832,16
1094677,834,832,16
1094687,832,832,16
1094697,828,832,16
1094708,837,832,16
1094718,829,832,16
1094728,832,832,16
1094738,837,832,16
1094748,829,832,16
1094759,836,832,16
1094769,828,832,16
1094779,830,832,16
1094789,839,832,16
1094799,828,832,16
1094810,833,832,16
1094820,829,832,16
1094830,829,832,16
1094840,840,832,16
1094850,827,832,16
1094860,834,832,16
1094871,835,832,16
1094881,829,832,16
1094891,837,832,17
1094901,829,832,16
1094911,830,832,16
1094922,836,832,16
1094932,827,832,17
1094942,837,832,17
1094952,831,832,16
1094962,830,832,16
1094973,837,832,17
1094983,829,832,16
1094993,837,832,16
1095003,832,832,16
1095013,831,832,16
1095024,838,832,16
1095034,827,832,17
1095044,832,832,16
1095054,835,832,16
1095064,828,832,16
1095075,837,832,16
1095085,829,832,16
1095095,832,832,16
1095105,837,832,16
1095115,827,832,17
1095125,836,832,17
1095136,830,832,16
1095146,831,832,16
1095156,836,832,16
1095166,828,832,16
1095176,836,832,16
1095187,831,832,16
1095197,831,832,16
1095207,837,832,16
1095217,829,832,16
OSM
1095238,428,425,3
1095248,425,425,3
1095258,427,425,3
1095268,425,425,3
1095279,427,425,3
1095289,426,425,3
1095299,421,425,3
1095309,427,425,3
1095319,425,425,3
1095329,426,425,3
1095340,427,425,3
1095350,425,425,3
1095360,425,425,3
1095370,427,425,3
1095380,425,425,3
1095391,426,425,3
1095401,424,425,3
1095411,425,425,3
1095421,426,425,3
1095431,425,425,3
1095442,426,425,3
1095452,424,425,3
1095462,428,425,3
1095472,426,425,3
1095482,422,425,3
1095493,426,425,3
1095503,425,425,3
1095513,424,425,3
1095523,426,425,3
1095533,427,425,3
1095543,426,425,3
1095554,425,425,3
1095564,431,425,4
1095574,426,425,4
1095584,428,425,4
1095594,426,425,4
1095605,428,425,4
1095615,425,425,4
1095625,425,425,4
1095635,427,425,4
1095645,427,425,4
1095656,424,425,4
1095666,425,425,4
1095676,428,425,3
1095686,425,425,3
1095696,426,425,3
1095706,425,425,3
1095717,423,425,3
1095727,426,425,3
1095737,424,425,3
1095747,426,425,3
1095757,428,425,3
1095768,424,425,3
1095778,426,425,3
1095788,426,425,3
1095798,424,425,3
1095808,422,425,3
1095819,426,425,3
1095829,426,425,3
1095839,426,425,3
1095849,426,425,3
1095859,427,425,3
1095869,426,425,3
1095880,425,425,3
1095890,425,425,3
1095900,422,425,3
1095910,427,425,3
1095920,427,425,3
1095931,426,425,3
1095941,429,425,3
1095951,425,425,3
1095961,425,425,3
1095971,426,425,3
1095982,426,425,3
1095992,424,425,3
1096002,426,425,3
1096012,426,425,3
1096022,426,425,3
1096032,427,425,3
1096043,424,425,3
1096053,427,425,3
1096063,427,425,3
1096073,428,425,3
1096083,425,425,3
1096094,429,425,3
1096104,426,425,3
1096114,423,425,3
1096124,426,425,3
1096134,426,425,3
1096145,426,425,3
1096155,426,425,3
1096165,428,425,3
1096175,426,425,3
1096185,423,425,3
1096196,426,425,2
1096206,427,425,2
1096216,427,425,2
1096226,426,425,2
1096236,424,425,2
1096246,422,425,2
1096257,427,425,3
1096267,424,425,3
1096277,425,425,2
1096287,426,425,2
1096297,428,425,2
1096308,426,425,2
1096318,425,425,2
1096328,426,425,2
1096338,426,425,2
1096348,424,425,2
1096359,425,425,2
1096369,424,425,2
1096379,422,425,2
1096389,424,425,2
1096399,423,425,2
1096409,426,425,2
1096420,425,425,2
1096430,429,425,3
1096440,426,425,3
1096450,423,425,3
SIM
1096471,1367,1364,5
1096481,1363,1364,5
1096491,1367,1364,5
1096501,1361,1364,5
1096511,1365,1364,5
1096521,1365,1364,5
1096532,1360,1364,5
1096542,1366,1364,5
1096552,1362,1364,5
1096562,1364,1364,5
1096572,1367,1364,5
1096583,1362,1364,5
1096593,1365,1364,5
1096603,1364,1364,5
1096613,1363,1364,5
1096623,1366,1364,5
1096634,1360,1364,5
1096644,1366,1364,5
1096654,1364,1364,5
1096664,1364,1364,5
1096674,1367,1364,5
1096685,1361,1364,5
1096695,1365,1364,5
1096705,1366,1364,5
1096715,1362,1364,5
1096725,1367,1364,5
1096736,1361,1364,5
1096746,1365,1364,5
1096756,1366,1364,5
1096766,1362,1364,5
1096777,1366,1364,5
1096787,1364,1364,5
1096797,1363,1364,5
1096807,1363,1364,5
1096817,1360,1364,5
1096827,1366,1364,5
1096838,1365,1364,5
1096848,1363,1364,5
1096858,1368,1364,5
1096868,1363,1364,5
1096878,1366,1364,5
1096889,1366,1364,5
1096899,1361,1364,5
1096909,1368,1364,5
1096919,1364,1364,5
1096929,1364,1364,5
1096940,1365,1364,5
1096950,1360,1364,5
1096960,1364,1364,5
1096970,1365,1364,4
1096980,1361,1364,5
1096991,1367,1364,5
1097001,1361,1364,5
1097011,1365,1364,5
1097021,1364,1364,4
1097031,1362,1364,5
1097042,1367,1364,4
1097052,1362,1364,4
1097062,1364,1364,4
1097072,1368,1364,5
1097082,1362,1364,5
1097093,1368,1364,5
1097103,1363,1364,5
1097113,1365,1364,5
1097123,1365,1364,5
1097134,1361,1364,5
1097144,1366,1364,4
1097154,1365,1364,4
1097164,1362,1364,4
1097174,1366,1364,4
1097184,1362,1364,4
1097195,1364,1364,4
1097205,1367,1364,4
1097215,1361,1364,4
1097225,1365,1364,4
1097236,1364,1364,4
1097246,1365,1364,4
1097256,1365,1364,4
1097266,1360,1364,4
1097276,1365,1364,4
1097286,1363,1364,4
1097297,1363,1364,4
1097307,1365,1364,4
1097317,1362,1364,4
1097327,1365,1364,4
1097337,1366,1364,4
1097348,1363,1364,4
1097358,1367,1364,4
1097368,1362,1364,4
1097378,1365,1364,4
1097389,1366,1364,4
1097399,1358,1364,4
1097409,1367,1364,4
1097419,1364,1364,4
1097429,1363,1364,4
1097439,1366,1364,4
1097450,1362,1364,4
1097460,1366,1364,4
1097470,1364,1364,4
1097480,1362,1364,4
1097491,1367,1364,4
1097501,1361,1364,4
1097511,1365,1364,4
1097521,1364,1364,4
1097531,1362,1364,4
1097542,1366,1364,4
1097552,1361,1364,4
1097562,1363,1364,4
1097572,1366,1364,4
1097582,1360,1364,4
1097592,1367,1364,4
1097603,1364,1364,4
1097613,1362,1364,4
1097623,1366,1364,4
1097633,1361,1364,4
1097643,1365,1364,4
1097654,1365,1364,4
1097664,1362,1364,4
1097674,1369,1364,5
1097684,1363,1364,4
RIM
1097705,827,832,15
1097715,815,832,17
1097725,818,832,18
1097735,824,832,19
1097745,813,831,23
1097756,827,831,23
1097766,821,831,24
1097776,819,831,24
1097786,828,831,24
1097796,817,831,26
1097807,827,831,25
1097817,823,831,26
1097827,819,831,26
1097837,830,831,26
1097847,820,831,27
1097857,828,831,27
1097868,825,830,28
1097878,821,830,29
1097888,832,830,29
1097898,821,830,29
1097908,824,830,29
1097919,828,830,29
1097929,820,830,30
1097939,833,830,29
1097949,826,830,29
1097959,827,830,29
1097970,833,830,29
1097980,824,830,29
1097990,831,830,29
1098000,829,830,29
1098010,823,830,29
1098021,835,830,29
1098031,825,830,29
1098041,832,830,29
1098051,828,830,29
1098061,824,830,29
1098072,834,830,29
1098082,824,829,30
1098092,828,829,29
1098102,830,829,29
1098112,825,829,30
1098122,834,829,29
1098133,825,829,29
1098143,830,829,29
1098153,837,829,30
1098163,825,829,30
1098173,834,829,29
1098184,829,829,29
1098194,826,829,29
1098204,836,829,30
1098214,824,829,30
1098224,833,829,29
1098235,830,829,29
1098245,827,829,29
1098255,836,829,30
1098265,825,829,30
1098275,830,829,29
1098286,834,829,29
1098296,828,829,29
1098306,834,829,29
1098316,828,829,29
1098326,829,829,28
1098337,834,829,29
1098347,828,829,29
1098357,834,829,28
1098367,828,829,28
1098377,828,829,28
1098388,837,829,28
1098398,826,829,28
1098408,833,829,28
1098418,831,829,28
1098428,829,829,28
1098438,839,829,28
1098449,828,829,28
1098459,832,829,28
1098469,833,829,28
1098479,827,829,28
1098489,836,829,28
1098500,825,829,28
1098510,831,829,28
1098520,839,829,29
1098530,828,829,29
1098540,836,829,28
1098551,829,829,28
1098561,827,829,28
1098571,836,829,28
1098581,827,829,28
1098591,835,829,28
1098602,832,829,28
1098612,827,829,28
1098622,835,829,28
1098632,829,829,28
1098642,833,829,27
1098653,835,829,28
1098663,827,829,28
1098673,837,829,28
1098683,829,829,28
1098693,829,829,27
1098703,836,829,27
1098714,827,829,27
1098724,835,829,27
1098734,831,829,27
1098744,830,829,27
1098754,837,829,27
1098765,828,829,27
1098775,834,829,27
1098785,832,829,27
1098795,828,829,27
1098805,837,829,27
1098816,828,829,27
1098826,832,829,26
1098836,836,829,27
1098846,829,829,27
1098856,837,829,27
1098867,831,829,27
1098877,828,829,27
1098887,837,829,27
1098897,826,829,27
1098907,836,829,27
1098918,832,829,27
OSM
1098939,429,425,3
1098949,426,425,3
1098959,429,425,3
1098969,426,425,3
1098980,424,425,3
1098990,427,425,3
1099000,425,425,3
1099010,429,425,3
1099020,426,425,3
1099030,423,425,3
1099041,426,425,3
1099051,424,425,3
1099061,427,425,3
1099071,428,425,3
1099081,425,425,3
1099092,426,425,3
1099102,427,425,3
1099112,425,425,3
1099122,425,425,3
1099132,425,425,3
1099143,428,425,3
1099153,426,425,3
1099163,426,425,3
1099173,431,425,3
1099183,426,425,3
1099193,427,425,3
1099204,425,425,3
1099214,425,425,3
1099224,427,425,3
1099234,429,425,3
1099244,426,425,3
1099255,424,425,3
1099265,425,425,3
1099275,426,425,3
1099285,424,425,3
1099295,426,425,3
1099306,428,425,3
1099316,424,425,3
1099326,427,425,3
1099336,428,425,3
1099346,425,425,3
1099356,425,425,3
1099367,425,425,3
1099377,424,425,3
1099387,426,425,3
1099397,427,425,3
1099407,426,425,3
1099418,428,425,3
1099428,426,425,3
1099438,426,425,3
1099448,427,425,3
1099458,426,425,3
1099469,424,425,3
1099479,427,425,3
1099489,428,425,3
1099499,425,425,3
1099509,429,425,3
1099520,426,425,3
1099530,426,425,3
1099540,423,425,3
1099550,428,425,3
1099560,425,425,3
1099570,426,425,3
1099581,426,425,3
1099591,425,425,3
1099601,426,425,3
1099611,428,425,3
1099621,427,425,3
1099632,427,425,3
1099642,427,425,3
1099652,425,425,3
1099662,427,425,3
1099672,426,425,3
1099683,424,425,3
1099693,425,425,3
1099703,426,425,3
1099713,426,425,3
1099723,426,425,3
1099733,425,425,3
1099744,426,425,3
1099754,431,425,3
1099764,425,425,3
1099774,428,425,3
1099784,426,425,3
1099795,428,425,3
1099805,427,425,3
1099815,424,425,3
1099825,425,425,3
1099835,428,425,3
1099846,425,425,3
1099856,426,425,3
1099866,427,425,3
1099876,428,425,3
1099886,427,426,2
1099897,423,425,3
1099907,428,425,3
1099917,426,425,3
1099927,424,425,3
1099937,428,426,2
1099947,425,426,2
1099958,426,426,2
1099968,427,426,2
1099978,426,426,2
1099988,425,426,2
1099998,425,426,2
1100009,429,426,2
1100019,425,426,2
1100029,423,426,2
1100039,427,426,2
1100049,427,426,2
1100060,425,426,2
1100070,427,426,2
1100080,426,426,2
1100090,424,426,2
1100100,426,426,2
1100110,434,426,3
1100121,423,426,3
1100131,423,426,3
1100141,428,426,3
1100151,425,426,3
SIM
1100172,1369,1364,5
1100182,1361,1364,5
1100192,1367,1364,5
1100202,1365,1364,5
1100212,1363,1364,5
1100223,1368,1364,5
1100233,1362,1364,5
1100243,1366,1364,5
1100253,1367,1364,5
1100263,1362,1364,5
1100274,1366,1364,5
1100284,1362,1364,5
1100294,1365,1364,5
1100304,1365,1364,5
1100314,1362,1364,5
1100325,1365,1364,5
1100335,1365,1364,5
1100345,1364,1364,5
1100355,1366,1364,5
1100365,1362,1364,5
1100375,1365,1364,5
1100386,1365,1364,4
1100396,1363,1364,4
1100406,1367,1364,5
1100416,1361,1364,5
1100426,1365,1364,4
1100437,1367,1364,4
1100447,1363,1364,4
1100457,1366,1364,4
1100467,1363,1364,4
1100477,1365,1364,4
1100488,1366,1364,4
1100498,1363,1364,4
1100508,1367,1364,5
1100518,1364,1364,4
1100528,1363,1364,4
1100539,1368,1364,5
1100549,1362,1364,5
1100559,1366,1364,4
1100569,1366,1364,4
1100579,1361,1364,4
1100590,1366,1364,4
1100600,1363,1364,4
1100610,1365,1364,4
1100620,1367,1364,4
1100630,1361,1364,4
1100641,1366,1364,4
1100651,1362,1364,4
1100661,1364,1364,4
1100671,1366,1364,4
1100681,1361,1364,4
1100692,1366,1364,4
1100702,1364,1364,4
1100712,1363,1364,4
1100722,1368,1364,4
1100732,1361,1364,4
1100743,1366,1364,4
1100753,1367,1364,4
1100763,1361,1364,5
1100773,1367,1364,4
1100783,1364,1364,4
1100794,1364,1364,4
1100804,1366,1364,4
1100814,1363,1364,4
1100824,1367,1364,4
1100834,1365,1364,4
1100845,1363,1364,4
1100855,1368,1364,4
1100865,1363,1364,4
1100875,1365,1364,4
1100885,1365,1364,4
1100896,1363,1364,4
1100906,1367,1364,4
1100916,1362,1364,4
1100926,1366,1364,4
1100936,1366,1364,4
1100947,1361,1364,4
1100957,1366,1364,4
1100967,1362,1364,4
1100977,1365,1364,4
1100987,1366,1364,4
1100998,1363,1364,4
1101008,1367,1364,4
1101018,1363,1364,4
1101028,1365,1364,4
1101038,1368,1364,5
1101049,1360,1364,5
1101059,1366,1364,5
1101069,1365,1364,5
1101079,1363,1364,5
1101089,1367,1364,5
1101100,1363,1364,4
1101110,1365,1364,4
1101120,1362,1364,4
1101130,1363,1364,4
1101140,1367,1364,4
1101151,1364,1364,4
1101161,1366,1364,4
1101171,1366,1364,4
1101181,1362,1364,4
1101191,1365,1364,4
1101202,1366,1364,4
1101212,1363,1364,4
1101222,1367,1364,4
1101232,1362,1364,4
1101242,1367,1364,4
1101253,1365,1364,4
1101263,1362,1364,4
1101273,1367,1364,4
1101283,1362,1364,4
1101293,1365,1364,4
1101304,1367,1364,4
1101314,1360,1364,4
1101324,1367,1364,4
1101334,1364,1364,4
1101344,1366,1364,4
1101355,1367,1364,4
1101365,1363,1364,4
1101375,1366,1364,4
1101385,1366,1364,4
RIM
1101405,850,829,31
1101416,833,829,29
1101426,833,829,28
1101436,840,829,29
1101446,830,829,27
1101456,838,830,27
1101467,833,830,26
1101477,831,830,25
1101487,837,830,25
1101497,831,830,24
1101507,836,830,24
1101518,834,830,24
1101528,829,830,23
1101538,839,830,24
1101548,829,830,23
1101558,833,830,23
1101569,841,831,22
1101579,829,831,22
1101589,838,831,22
1101599,832,831,21
1101609,831,831,21
1101619,838,831,21
1101630,829,831,20
1101640,835,831,20
1101650,831,831,20
1101660,829,831,20
1101670,839,831,20
1101681,829,831,20
1101691,834,831,20
1101701,836,831,20
1101711,829,831,20
1101721,838,831,20
1101732,828,831,20
1101742,832,831,20
1101752,837,831,20
1101762,829,831,20
1101772,838,831,20
1101783,831,832,19
1101793,827,832,19
1101803,836,832,19
1101813,827,832,19
1101823,835,832,19
1101834,834,832,18
1101844,830,832,18
1101854,839,832,18
1101864,829,832,18
1101874,832,832,18
1101884,835,832,18
1101895,826,832,18
1101905,839,832,18
1101915,831,832,18
1101925,831,832,18
1101935,838,832,18
1101946,827,832,18
1101956,836,832,18
1101966,832,832,18
1101976,831,832,18
1101986,835,832,18
1101997,828,832,18
1102007,833,832,18
1102017,833,832,18
1102027,829,832,18
1102037,838,832,18
1102048,830,832,18
1102058,832,832,18
1102068,835,832,18
1102078,827,832,18
1102088,835,832,18
1102098,829,832,17
1102109,830,832,17
1102119,835,832,17
1102129,829,832,17
1102139,836,832,17
1102149,833,832,17
1102160,831,832,17
1102170,836,832,17
1102180,826,832,17
1102190,836,832,17
1102200,834,832,17
1102211,830,832,17
1102221,837,832,17
1102231,827,832,17
1102241,831,832,17
1102251,836,832,17
1102262,828,832,17
1102272,837,832,17
1102282,832,832,17
1102292,830,832,17
1102302,837,832,17
1102312,827,832,17
1102323,835,832,17
1102333,831,832,17
1102343,827,832,17
1102353,837,832,17
1102363,827,832,17
1102374,832,832,17
1102384,834,832,17
1102394,830,832,17
1102404,837,832,17
1102414,828,832,17
1102425,830,832,17
1102435,837,832,17
1102445,826,832,17
1102455,836,832,17
1102465,833,832,17
1102476,830,832,17
1102486,838,832,17
1102496,828,832,17
1102506,834,832,17
1102516,834,832,17
1102527,829,832,17
1102537,838,832,17
1102547,828,832,17
1102557,833,832,17
1102567,835,832,17
1102577,828,832,17
1102588,836,832,17
1102598,829,832,17
1102608,831,832,17
1102618,839,832,17
OSM
1102639,429,426,3
1102649,426,426,3
1102659,428,426,3
1102669,421,426,3
1102680,425,426,3
1102690,427,426,3
1102700,434,426,3
1102710,425,426,3
1102720,426,426,3
1102730,426,426,3
1102741,424,426,3
1102751,427,426,3
1102761,426,426,3
1102771,427,426,3
1102781,424,426,3
1102792,426,426,3
1102802,426,426,3
1102812,423,426,3
1102822,428,426,3
1102832,428,426,3
1102843,425,426,3
1102853,424,426,3
1102863,425,426,3
1102873,426,426,3
1102883,422,426,3
1102893,422,426,3
1102904,427,426,3
1102914,423,426,3
1102924,427,426,3
1102934,428,426,3
