Polling for available serial device...
Opening serial monitor for com port: "/dev/ttyACM0"
Serial monitor opened successfully:
OSM
1335541,537,500,34
1335551,537,500,44
1335561,537,500,54
1335571,539,501,65
1335582,539,501,76
1335592,538,501,87
1335602,536,501,96
1335612,539,501,108
1335622,537,502,116
1335633,539,502,127
1335643,538,502,138
1335653,537,502,147
1335663,536,503,155
1335673,540,503,167
1335683,535,503,174
1335694,537,503,184
1335704,536,504,191
1335714,538,504,201
1335724,537,504,210
1335734,539,504,220
1335745,538,505,229
1335755,537,505,237
1335765,535,505,244
1335775,538,506,252
1335785,536,506,260
1335796,538,506,268
1335806,536,506,276
1335816,536,507,281
1335826,537,507,288
1335836,535,507,294
1335847,537,508,299
1335857,536,508,305
1335867,537,508,311
1335877,537,509,316
1335887,538,509,322
1335898,538,509,328
1335908,538,510,333
1335918,534,510,337
1335928,538,510,343
1335938,542,510,351
1335949,537,511,355
1335959,539,511,361
1335969,534,511,364
1335979,540,512,369
1335989,536,512,373
1336000,537,512,377
1336010,539,513,381
1336020,534,513,383
1336030,538,513,387
1336040,538,513,392
1336051,538,514,393
1336061,536,514,395
1336071,539,514,399
1336081,538,515,400
1336091,539,515,403
1336102,538,515,405
1336112,538,516,405
1336122,538,516,407
1336132,534,516,407
1336142,540,517,408
1336153,537,517,409
1336163,544,517,412
1336173,535,518,409
1336183,536,518,408
1336193,539,518,408
1336204,537,519,403
1336214,537,519,402
1336224,540,520,400
1336234,534,520,397
1336244,541,520,396
1336255,537,521,391
1336265,538,521,388
1336275,536,521,386
1336285,537,522,381
1336295,540,522,380
1336306,538,522,376
1336316,543,523,373
1336326,544,523,370
1336336,538,523,366
1336346,534,524,359
1336357,539,524,355
1336367,538,524,349
1336377,540,525,342
1336387,535,525,335
1336397,537,526,328
1336408,536,526,321
1336418,535,526,314
1336428,539,527,306
1336438,537,527,299
1336448,538,527,294
1336459,537,528,287
1336469,539,528,280
1336479,535,528,273
1336489,539,529,265
1336499,543,529,259
1336509,538,529,252
1336520,534,530,243
1336530,539,530,235
1336540,538,530,226
1336550,537,531,216
1336560,539,531,209
1336571,536,531,201
1336581,540,532,193
1336591,535,532,184
1336601,540,532,176
1336611,538,532,167
1336622,538,533,154
1336632,543,533,145
1336642,540,534,135
1336652,537,534,125
1336662,539,534,116
1336673,535,535,103
1336683,537,535,91
1336693,538,535,79
1336703,540,536,66
1336713,539,536,55
1336724,538,536,42
1336734,538,537,29
1336744,541,537,17
1336754,537,537,4
SIM
1336774,1333,1320,175
1336785,1331,1321,172
1336795,1331,1321,172
1336805,1330,1321,170
1336815,1334,1321,170
1336825,1336,1321,170
1336836,1331,1322,168
1336846,1336,1322,168
1336856,1329,1322,167
1336866,1332,1322,166
1336876,1334,1322,166
1336887,1329,1323,163
1336897,1335,1323,163
1336907,1331,1323,161
1336917,1332,1323,160
1336928,1334,1323,159
1336938,1329,1324,155
1336948,1335,1324,155
1336958,1332,1324,154
1336968,1331,1324,151
1336979,1335,1324,150
1336989,1330,1325,146
1336999,1335,1325,145
1337009,1332,1325,143
1337019,1329,1325,140
1337030,1334,1325,138
1337040,1330,1326,133
1337050,1334,1326,130
1337060,1333,1326,128
1337070,1330,1326,124
1337081,1335,1327,121
1337091,1332,1327,117
1337101,1332,1327,113
1337111,1336,1327,111
1337121,1329,1327,108
1337132,1333,1328,105
1337142,1331,1328,103
1337152,1330,1328,101
1337162,1335,1328,101
1337172,1330,1328,99
1337183,1334,1328,99
1337193,1333,1328,99
1337203,1331,1328,99
1337213,1334,1328,99
1337223,1331,1328,99
1337234,1333,1328,99
1337244,1335,1328,99
1337254,1330,1328,99
1337264,1334,1328,97
1337274,1332,1328,97
1337285,1331,1328,96
1337295,1334,1328,95
1337305,1328,1328,95
1337315,1335,1328,94
1337325,1332,1328,93
1337336,1330,1328,92
1337346,1335,1328,91
1337356,1330,1328,90
1337366,1332,1328,89
1337376,1334,1328,88
1337387,1330,1328,87
1337397,1336,1328,86
1337407,1330,1328,85
1337417,1333,1327,85
1337427,1334,1327,84
1337438,1330,1327,83
1337448,1335,1327,81
1337458,1333,1327,81
1337468,1331,1327,80
1337478,1335,1327,78
1337489,1330,1327,78
1337499,1334,1327,77
1337509,1333,1327,75
1337519,1330,1327,75
1337529,1333,1327,73
1337540,1331,1327,73
1337550,1333,1327,71
1337560,1334,1327,68
1337570,1330,1327,68
1337580,1334,1327,68
1337591,1332,1327,68
1337601,1333,1327,68
1337611,1334,1327,68
1337621,1330,1327,68
1337631,1334,1327,68
1337642,1331,1327,67
1337652,1331,1327,66
1337662,1335,1328,64
1337672,1329,1328,62
1337682,1333,1328,61
1337693,1333,1328,59
1337703,1331,1328,56
1337713,1335,1328,54
1337723,1330,1329,49
1337733,1333,1329,46
1337744,1334,1329,44
1337754,1331,1329,39
1337764,1333,1329,37
1337774,1330,1330,33
1337784,1330,1330,29
1337795,1335,1330,27
1337805,1329,1330,23
1337815,1335,1330,22
1337825,1332,1330,20
1337835,1330,1331,16
1337846,1335,1331,15
1337856,1330,1331,13
1337866,1332,1331,12
1337876,1332,1331,11
1337886,1326,1331,9
1337897,1336,1331,9
1337907,1332,1331,8
1337917,1333,1331,8
1337927,1334,1331,7
1337937,1329,1331,7
1337948,1335,1332,6
1337958,1333,1332,5
1337968,1331,1332,5
1337978,1334,1332,5
1337988,1330,1332,4
RIM
1338009,702,698,4
1338019,690,697,6
1338029,694,697,6
1338039,694,697,6
1338049,690,697,6
1338060,695,697,6
1338070,691,697,6
1338080,693,697,7
1338090,694,697,7
1338100,692,697,7
1338111,694,697,7
1338121,692,697,7
1338131,694,697,7
1338141,695,697,7
1338151,693,697,7
1338161,697,697,7
1338172,693,697,7
1338182,695,697,7
1338192,700,697,7
1338202,692,697,7
1338212,698,697,7
1338223,695,697,7
1338233,694,697,7
1338243,696,697,7
1338253,694,697,7
1338263,695,697,7
1338274,696,697,7
1338284,696,697,7
1338294,696,697,7
1338304,694,697,7
1338314,697,697,7
1338324,698,697,7
1338335,693,697,7
1338345,700,697,7
1338355,695,697,7
1338365,696,696,8
1338375,699,696,8
1338386,695,696,8
1338396,697,696,8
1338406,695,696,8
1338416,696,696,8
1338426,700,696,8
1338437,693,696,8
1338447,697,696,8
1338457,698,696,8
1338467,694,696,8
1338477,697,696,8
1338487,695,696,8
1338498,695,696,8
1338508,698,696,8
1338518,696,696,8
1338528,698,696,8
1338538,694,696,8
1338549,696,696,8
1338559,699,696,8
1338569,694,696,8
1338579,700,696,7
1338589,696,696,7
1338600,696,696,7
1338610,698,696,7
1338620,694,696,7
1338630,698,696,7
1338640,698,696,7
1338650,695,696,7
1338661,699,696,7
1338671,695,696,7
1338681,696,696,7
1338691,698,696,7
1338701,695,696,7
1338712,697,696,7
1338722,695,696,7
1338732,697,696,7
1338742,697,696,7
1338752,693,696,7
1338763,699,696,7
1338773,697,696,7
1338783,696,696,7
1338793,697,696,7
1338803,694,696,7
1338813,697,696,7
1338824,696,696,7
1338834,694,696,7
1338844,700,696,7
1338854,696,696,7
1338864,697,696,7
1338875,698,696,7
1338885,694,696,7
1338895,699,696,7
1338905,696,696,7
1338915,697,696,7
1338926,699,696,7
1338936,693,696,7
1338946,700,696,7
1338956,696,696,7
1338966,696,696,7
1338976,697,696,7
1338987,695,696,7
1338997,698,696,7
1339007,697,696,7
1339017,697,696,7
1339027,699,696,6
1339038,697,696,6
1339048,697,696,6
1339058,697,696,6
1339068,695,696,6
1339078,699,696,6
1339089,695,696,6
1339099,698,696,6
1339109,697,696,6
1339119,694,696,6
1339129,700,696,6
1339140,697,696,6
1339150,697,696,6
1339160,699,696,5
1339170,694,696,5
1339180,699,696,5
1339190,697,696,5
1339201,697,696,5
1339211,699,696,5
1339221,693,696,5
OSM
1339241,538,537,4
1339252,540,537,4
1339262,539,537,4
1339272,536,537,4
1339282,538,537,4
1339292,538,537,4
1339303,537,537,4
1339313,539,537,4
1339323,537,537,4
1339333,535,537,4
1339343,540,537,4
1339354,537,537,4
1339364,537,537,4
1339374,540,537,4
1339384,538,537,4
1339394,538,537,4
1339405,537,537,4
1339415,537,537,4
1339425,537,537,4
1339435,537,537,4
1339445,533,537,4
1339455,538,537,4
1339466,538,537,4
1339476,544,537,5
1339486,538,537,5
1339496,539,537,5
1339506,540,537,5
1339517,537,537,5
1339527,535,537,5
1339537,536,537,5
1339547,539,537,5
1339557,538,537,5
1339568,536,537,5
1339578,539,537,5
1339588,534,537,5
1339598,538,537,5
1339608,539,537,5
1339618,537,537,5
1339629,538,537,5
1339639,536,537,5
1339649,537,537,5
1339659,539,537,5
1339669,538,537,5
1339680,540,537,5
1339690,534,537,5
1339700,537,537,5
1339710,541,537,5
1339720,537,537,5
1339731,537,537,5
1339741,538,537,5
1339751,539,537,5
1339761,538,537,5
1339771,538,537,5
1339781,540,537,5
1339792,537,537,5
1339802,540,537,5
1339812,537,537,5
1339822,537,537,5
1339832,538,537,5
1339843,540,537,5
1339853,536,537,5
1339863,537,537,4
1339873,538,537,4
1339883,539,537,4
1339894,538,537,4
1339904,537,537,4
1339914,539,537,4
1339924,537,537,4
1339934,536,537,4
1339944,538,537,4
1339955,536,537,4
1339965,539,537,4
1339975,539,537,4
1339985,533,537,4
1339995,538,537,4
1340006,536,537,4
1340016,537,537,4
1340026,537,537,4
1340036,538,537,4
1340046,537,537,3
1340057,535,537,3
1340067,538,537,3
1340077,538,537,3
1340087,538,537,3
1340097,539,537,3
1340107,537,537,3
1340118,540,537,3
1340128,537,537,3
1340138,535,537,3
1340148,538,537,3
1340158,540,537,4
1340169,537,537,3
1340179,538,537,3
1340189,538,537,3
1340199,538,537,3
1340209,538,537,3
1340220,541,537,3
1340230,537,537,3
1340240,537,537,3
1340250,545,537,4
1340260,538,537,4
1340270,535,537,4
1340281,539,537,4
1340291,538,537,4
1340301,536,537,4
1340311,539,537,4
1340321,537,537,4
1340332,541,537,3
1340342,535,537,3
1340352,540,537,3
1340362,539,537,3
1340372,536,537,3
1340383,541,537,4
1340393,539,537,4
1340403,536,537,4
1340413,538,537,3
1340423,539,537,4
1340433,535,537,4
1340444,538,537,3
1340454,536,537,3
SIM
1340474,1333,1332,4
1340484,1332,1332,4
1340495,1334,1332,4
1340505,1329,1332,4
1340515,1334,1332,4
1340525,1333,1332,4
1340535,1330,1332,4
1340546,1336,1332,4
1340556,1330,1332,4
1340566,1332,1332,4
1340576,1334,1332,4
1340586,1329,1332,4
1340597,1334,1332,4
1340607,1329,1332,4
1340617,1332,1332,4
1340627,1333,1332,4
1340637,1330,1332,4
1340648,1334,1332,4
1340658,1330,1332,4
1340668,1330,1332,4
1340678,1334,1332,4
1340688,1328,1332,4
1340699,1334,1332,4
1340709,1333,1332,4
1340719,1329,1332,4
1340729,1334,1332,4
1340739,1329,1332,4
1340749,1332,1332,4
1340760,1333,1332,4
1340770,1328,1332,4
1340780,1334,1332,4
1340790,1330,1332,4
1340800,1332,1332,4
1340811,1334,1332,4
1340821,1329,1332,4
1340831,1334,1332,4
1340841,1333,1332,4
1340851,1333,1332,4
1340862,1334,1332,4
1340872,1329,1332,4
1340882,1335,1332,4
1340892,1332,1332,4
1340902,1330,1332,4
1340913,1335,1332,4
1340923,1330,1332,4
1340933,1333,1332,4
1340943,1333,1332,4
1340953,1328,1332,4
1340964,1333,1332,4
1340974,1329,1332,4
1340984,1332,1332,4
1340994,1335,1332,4
1341004,1331,1332,4
1341015,1333,1332,4
1341025,1332,1332,4
1341035,1329,1332,4
1341045,1335,1332,4
1341055,1329,1332,4
1341066,1333,1332,4
1341076,1333,1332,4
1341086,1330,1332,4
1341096,1332,1332,4
1341106,1332,1332,4
1341117,1332,1332,4
1341127,1333,1332,4
1341137,1329,1332,4
1341147,1334,1332,4
1341157,1331,1332,4
1341168,1330,1331,5
1341178,1333,1331,5
1341188,1329,1331,5
1341198,1333,1331,5
1341208,1333,1331,5
1341219,1330,1331,5
1341229,1335,1331,5
1341239,1328,1331,5
1341249,1333,1331,5
1341259,1332,1331,5
1341270,1329,1331,5
1341280,1334,1331,5
1341290,1330,1331,5
1341300,1333,1331,5
1341310,1331,1331,5
1341321,1330,1331,5
1341331,1334,1331,5
1341341,1332,1331,5
1341351,1331,1331,5
1341361,1335,1331,5
1341372,1328,1331,5
1341382,1333,1331,5
1341392,1333,1331,5
1341402,1329,1331,5
1341412,1335,1331,5
1341423,1328,1331,5
1341433,1333,1331,5
1341443,1333,1331,5
1341453,1329,1331,5
1341463,1335,1331,5
1341474,1331,1331,5
1341484,1332,1331,5
1341494,1334,1331,5
1341504,1329,1331,5
1341514,1335,1331,5
1341525,1333,1331,5
1341535,1332,1331,5
1341545,1333,1331,5
1341555,1329,1331,5
1341565,1335,1331,5
1341576,1332,1331,5
1341586,1328,1331,5
1341596,1335,1331,5
1341606,1331,1331,5
1341616,1333,1331,5
1341627,1334,1331,5
1341637,1328,1331,5
1341647,1334,1331,5
1341657,1331,1331,5
1341667,1332,1331,5
1341678,1333,1331,5
1341688,1330,1331,5
RIM
1341708,703,696,5
1341718,690,696,5
1341728,692,696,5
1341739,691,696,5
1341749,689,696,5
1341759,699,696,5
1341769,689,696,5
1341779,692,696,5
1341790,694,696,5
1341800,692,696,5
1341810,695,696,5
1341820,691,696,6
1341830,695,696,6
1341841,696,696,6
1341851,694,696,5
1341861,696,696,5
1341871,692,696,6
1341881,693,696,6
1341891,698,696,5
1341902,691,696,6
1341912,696,696,6
1341922,695,696,6
1341932,693,696,6
1341942,698,696,6
1341953,695,696,6
1341963,696,696,6
1341973,694,696,6
1341983,694,696,6
1341993,700,696,6
1342004,694,696,6
1342014,696,696,6
1342024,697,696,6
1342034,695,696,6
1342044,697,696,6
1342054,695,696,6
1342065,694,695,7
1342075,697,695,6
1342085,694,695,6
1342095,698,695,7
1342105,694,695,7
1342116,696,695,7
1342126,696,695,6
1342136,695,695,6
1342146,698,695,6
1342156,697,695,6
1342167,694,695,6
1342177,699,695,6
1342187,695,695,6
1342197,696,695,6
1342207,698,695,6
1342217,695,695,6
1342228,699,695,6
1342238,695,695,6
1342248,695,695,6
1342258,697,695,6
1342268,693,695,6
1342279,700,695,6
1342289,695,695,6
1342299,697,695,6
1342309,699,695,6
1342319,694,695,6
1342330,697,695,6
1342340,697,695,6
1342350,695,695,6
1342360,698,695,6
1342370,694,695,6
1342381,698,695,6
1342391,698,695,6
1342401,695,695,6
1342411,699,695,6
1342421,693,695,6
1342431,697,695,6
1342442,697,695,6
1342452,695,695,6
1342462,698,695,6
1342472,694,695,6
1342482,696,695,6
1342493,699,695,6
1342503,694,695,6
1342513,697,695,6
1342523,697,695,7
1342533,697,695,7
1342544,699,695,6
1342554,693,695,6
1342564,697,695,6
1342574,699,695,7
1342584,695,695,7
1342594,699,695,7
1342605,694,695,7
1342615,695,695,6
1342625,698,695,6
1342635,696,695,6
1342645,698,695,6
1342656,696,695,6
1342666,694,695,6
1342676,700,695,6
1342686,695,695,6
1342696,698,695,6
1342707,696,695,6
1342717,695,695,6
1342727,699,695,6
1342737,696,695,6
1342747,696,695,6
1342757,698,695,6
1342768,694,695,6
1342778,699,695,6
1342788,696,695,6
1342798,697,695,6
1342808,701,695,7
1342819,695,695,7
1342829,699,695,7
1342839,696,695,7
1342849,695,695,6
1342859,698,695,6
1342870,695,695,6
1342880,697,695,6
1342890,700,695,6
1342900,697,695,6
1342910,699,695,6
1342920,695,695,6
OSM
1342942,539,537,3
1342952,539,537,3
1342962,541,537,4
1342972,537,537,4
1342983,537,537,3
1342993,535,537,4
1343003,537,537,4
1343013,538,537,3
1343023,535,537,4
1343033,538,537,4
1343044,539,537,3
1343054,537,537,3
1343064,538,537,3
1343074,541,537,4
1343084,537,537,4
1343095,539,537,4
1343105,538,537,4
1343115,539,537,4
1343125,539,537,4
1343135,539,537,4
1343146,538,537,4
1343156,539,537,4
1343166,538,537,4
1343176,536,537,3
1343186,535,537,3
1343196,539,537,3
1343207,537,537,3
1343217,540,537,3
1343227,538,537,3
1343237,538,537,3
1343247,540,537,3
1343258,537,537,3
1343268,535,537,3
1343278,539,537,3
1343288,539,537,3
1343298,537,537,3
1343309,539,537,3
1343319,539,537,3
1343329,538,537,3
1343339,538,537,3
1343349,537,537,3
1343359,539,537,3
1343370,537,537,3
1343380,537,537,3
1343390,535,537,3
1343400,537,537,3
1343410,538,537,3
1343421,537,537,3
1343431,538,537,3
1343441,538,537,3
1343451,538,537,3
1343461,541,537,3
1343472,537,537,3
1343482,538,537,3
1343492,537,537,3
1343502,537,537,3
1343512,537,537,3
1343522,538,537,3
1343533,538,537,3
1343543,537,537,3
1343553,538,537,3
1343563,539,537,3
1343573,538,537,3
1343584,536,537,3
1343594,539,537,3
1343604,538,537,3
1343614,539,537,3
1343624,535,537,3
1343635,536,537,3
1343645,540,537,3
1343655,537,537,3
1343665,537,537,3
1343675,541,537,3
1343686,537,537,3
1343696,541,537,3
1343706,537,537,3
1343716,536,537,3
1343726,539,537,3
1343736,538,537,3
1343747,539,537,3
1343757,541,537,3
1343767,537,537,3
1343777,539,537,3
1343787,539,537,3
1343798,536,537,3
1343808,538,537,3
1343818,541,537,3
1343828,538,537,3
1343838,537,538,2
1343849,538,538,2
1343859,536,537,3
1343869,539,537,3
1343879,540,538,2
1343889,538,538,2
1343899,539,538,2
1343910,536,537,3
1343920,538,537,3
1343930,539,537,3
1343940,538,537,3
1343950,538,537,3
1343961,538,537,3
1343971,538,537,3
1343981,539,537,3
1343991,535,537,3
1344001,536,537,3
1344012,535,537,3
1344022,538,537,3
1344032,539,537,3
1344042,537,537,3
1344052,538,537,3
1344062,539,537,3
1344073,537,537,3
1344083,537,537,2
1344093,540,537,2
1344103,537,537,2
1344113,538,537,2
1344124,538,537,2
1344134,540,537,2
1344144,538,537,2
1344154,535,537,2
SIM
1344174,1334,1331,5
1344185,1332,1331,5
1344195,1334,1331,5
1344205,1329,1331,5
1344215,1334,1331,5
1344225,1333,1331,5
1344236,1329,1331,5
1344246,1335,1331,5
1344256,1329,1331,5
1344266,1333,1331,5
1344276,1332,1331,5
1344287,1329,1331,5
1344297,1333,1331,5
1344307,1329,1331,5
1344317,1333,1331,5
1344327,1336,1331,5
1344338,1328,1331,5
1344348,1334,1331,5
1344358,1332,1331,5
1344368,1332,1331,5
1344378,1335,1331,5
1344389,1328,1331,5
1344399,1334,1331,5
1344409,1335,1331,5
1344419,1331,1331,5
1344429,1335,1331,5
1344440,1329,1331,5
1344450,1332,1331,5
1344460,1334,1331,5
1344470,1329,1331,5
1344480,1335,1331,5
1344491,1330,1331,5
1344501,1329,1331,5
1344511,1333,1331,5
1344521,1330,1331,5
1344531,1333,1331,5
1344542,1332,1331,5
1344552,1329,1331,5
1344562,1334,1331,5
1344572,1329,1331,5
1344582,1334,1331,5
1344593,1335,1331,5
1344603,1330,1331,5
1344613,1335,1331,5
1344623,1332,1331,5
1344633,1332,1331,5
1344644,1334,1331,5
1344654,1329,1331,5
1344664,1332,1331,5
1344674,1333,1331,5
1344684,1330,1331,5
1344695,1336,1331,5
1344705,1329,1331,5
1344715,1334,1331,5
1344725,1334,1331,5
1344735,1331,1331,5
1344746,1336,1331,5
1344756,1329,1331,5
1344766,1333,1331,5
1344776,1334,1331,6
1344786,1329,1331,6
1344797,1335,1331,6
1344807,1331,1331,6
1344817,1332,1331,6
1344827,1332,1331,6
1344837,1329,1331,6
1344848,1335,1331,6
1344858,1333,1331,6
1344868,1331,1332,5
1344878,1334,1332,5
1344888,1330,1332,5
1344899,1333,1332,5
1344909,1334,1332,5
1344919,1331,1332,5
1344929,1335,1332,5
1344939,1331,1332,5
1344950,1332,1332,5
1344960,1334,1332,5
1344970,1332,1332,5
1344980,1335,1332,5
1344990,1332,1332,5
1345001,1331,1332,5
1345011,1334,1332,5
1345021,1330,1332,5
1345031,1335,1332,5
1345042,1332,1332,5
1345052,1330,1332,5
1345062,1336,1332,5
1345072,1328,1332,5
1345082,1333,1332,5
1345092,1334,1332,5
1345103,1330,1332,5
1345113,1335,1332,5
1345123,1332,1332,5
1345133,1334,1332,5
1345143,1335,1332,5
1345154,1327,1332,5
1345164,1335,1332,5
1345174,1332,1332,5
1345184,1332,1332,5
1345194,1334,1332,5
1345205,1329,1332,5
1345215,1335,1332,5
1345225,1332,1332,5
1345235,1330,1332,5
1345245,1336,1332,5
1345256,1330,1332,5
1345266,1335,1332,5
1345276,1334,1332,5
1345286,1329,1332,5
1345297,1335,1332,5
1345307,1330,1332,5
1345317,1332,1332,5
1345327,1334,1332,5
1345337,1329,1332,5
1345347,1336,1332,5
1345358,1332,1332,5
1345368,1331,1332,5
1345378,1334,1332,5
1345388,1330,1332,5
RIM
1345409,707,695,7
1345419,697,696,6
1345429,700,696,6
1345439,696,696,6
1345449,696,696,5
1345460,700,696,5
1345470,696,696,5
1345480,698,696,5
1345490,696,696,5
1345500,696,696,5
1345510,701,696,5
1345521,695,696,5
1345531,699,696,5
1345541,698,696,5
1345551,694,696,5
1345561,701,696,5
1345572,695,696,5
1345582,697,696,5
1345592,700,696,5
1345602,695,696,5
1345612,699,696,5
1345623,700,696,5
1345633,696,696,5
1345643,699,696,5
1345653,695,696,5
1345663,696,696,5
1345674,698,696,5
1345684,694,696,5
1345694,698,696,5
1345704,695,696,5
1345714,696,696,5
1345724,699,696,5
1345735,696,696,5
1345745,697,696,5
1345755,694,696,5
1345765,698,696,5
1345775,699,696,5
1345786,695,696,5
1345796,698,696,5
1345806,694,696,5
1345816,697,696,5
1345826,700,696,5
1345837,695,696,5
1345847,696,696,5
1345857,699,696,5
1345867,697,696,5
1345877,697,696,5
1345887,693,696,5
1345898,696,696,5
1345908,699,696,5
1345918,695,696,5
1345928,698,696,5
1345938,696,696,5
1345949,695,696,5
1345959,699,696,5
1345969,695,696,5
1345979,699,696,5
1345989,695,696,5
1346000,699,696,5
1346010,697,696,5
1346020,692,696,5
1346030,697,696,5
1346040,699,696,5
1346051,695,696,5
1346061,700,696,5
1346071,699,696,5
1346081,696,696,5
1346091,699,696,5
1346101,696,696,5
1346112,698,696,5
1346122,695,696,5
1346132,696,696,5
1346142,700,696,5
1346152,696,696,5
1346163,699,697,4
1346173,696,697,4
1346183,700,697,4
1346193,699,697,4
1346203,693,697,4
1346214,698,697,4
1346224,697,697,4
1346234,695,697,4
1346244,701,697,5
1346254,695,697,4
1346264,697,697,4
1346275,698,697,4
1346285,694,697,4
1346295,697,697,4
1346305,694,697,4
1346315,698,697,4
1346326,698,697,4
1346336,695,697,4
1346346,697,697,4
1346356,695,697,4
1346366,696,697,4
1346377,700,697,4
1346387,693,697,4
1346397,697,697,4
1346407,699,697,4
1346417,694,697,4
1346427,699,697,4
1346438,695,697,5
1346448,697,697,5
1346458,696,697,5
1346468,694,697,5
1346478,698,697,4
1346489,695,697,5
1346499,695,696,6
1346509,698,696,5
1346519,694,696,5
1346529,697,696,5
1346540,696,696,5
1346550,695,696,5
1346560,698,696,5
1346570,695,696,5
1346580,698,696,5
1346591,699,696,5
1346601,694,696,5
1346611,700,696,5
1346621,695,696,5
OSM
1346642,539,537,2
1346652,539,537,2
1346662,538,537,2
1346672,535,537,2
1346683,539,537,2
1346693,541,537,2
1346703,537,537,2
1346713,539,537,3
1346723,537,537,2
1346733,537,537,2
