Polling for available serial device...
Opening serial monitor for com port: "/dev/ttyACM0"
Serial monitor opened successfully:
230999,327,333,27
231009,327,333,26
231019,330,333,26
231030,326,333,26
231040,329,333,26
231050,329,333,26
231060,328,333,26
231070,328,333,26
231081,324,333,26
231091,332,333,26
231101,329,333,26
231111,328,333,25
231121,331,333,25
231132,330,333,25
231142,330,333,25
231152,331,333,25
231162,329,333,25
231172,332,333,25
231182,330,333,26
231193,327,333,26
231203,333,333,26
231213,330,333,26
231223,330,333,26
231233,332,333,26
231244,329,333,26
231254,330,333,26
231264,331,333,26
231274,331,333,25
231284,329,333,26
231295,330,333,25
231305,328,333,26
231315,329,333,26
231325,330,333,25
231335,333,333,25
231345,329,333,25
231356,329,333,25
231366,328,333,25
231376,330,333,25
231386,332,333,25
231396,329,333,25
231407,328,333,25
231417,334,333,25
231427,330,333,25
231437,329,333,25
231447,328,333,25
231458,332,333,25
231468,331,333,25
231478,331,333,25
231488,332,333,25
231498,331,333,25
231508,335,333,25
231519,341,333,26
231529,334,333,26
231539,339,333,26
OSM
231560,284,285,10
231570,286,285,9
231580,283,285,9
231590,287,285,9
231601,289,285,8
231611,286,285,8
231621,288,285,8
231631,286,285,8
231641,285,285,8
231651,287,285,8
231662,286,285,8
231672,287,285,8
231682,284,285,8
231692,287,285,6
231702,290,285,6
231713,286,285,6
231723,286,285,6
231733,287,285,6
231743,285,285,6
231753,288,285,4
231763,285,285,4
231774,287,285,4
231784,286,285,4
231794,286,285,4
231804,287,285,4
231814,287,285,4
231825,286,285,4
231835,287,285,4
231845,286,285,4
231855,290,285,4
231865,286,285,4
231876,286,285,4
231886,288,285,4
231896,286,285,4
231906,288,285,4
231916,285,285,4
231926,286,285,4
231937,286,285,4
231947,287,285,4
231957,287,285,4
231967,290,285,4
231977,287,285,4
231988,286,285,4
231998,287,285,4
232008,287,285,4
232018,286,285,4
232028,287,285,4
232038,289,285,4
232049,287,285,4
232059,289,285,4
232069,285,285,4
232079,286,285,4
232089,288,285,4
232100,290,285,4
232110,288,285,4
232120,288,285,3
232130,286,285,3
232140,288,285,3
232151,288,285,3
232161,288,285,3
232171,280,285,4
232181,285,285,4
232191,286,285,4
232201,289,285,4
232212,286,285,4
232222,288,285,4
232232,288,285,4
232242,285,285,4
232252,287,285,4
232263,286,285,4
232273,286,285,4
232283,287,285,4
232293,289,285,4
232303,286,285,4
232313,285,286,3
232324,286,286,3
232334,288,286,3
232344,288,286,3
232354,288,286,3
232364,283,286,3
232375,288,286,3
232385,289,286,3
232395,285,286,3
232405,287,286,3
232415,286,286,3
232426,290,286,3
232436,285,286,3
232446,287,286,3
232456,289,286,3
232466,288,286,3
232476,287,286,3
232487,288,286,3
232497,285,286,3
232507,285,286,3
232517,288,286,3
232527,278,286,4
232538,288,286,4
232548,284,286,4
232558,287,286,4
232568,289,286,4
232578,285,286,4
232588,287,286,4
232599,285,286,4
232609,289,286,4
232619,288,286,4
232629,287,286,4
232639,288,286,4
232650,289,286,4
232660,286,286,4
232670,286,286,4
232680,286,286,4
232690,286,286,4
232701,285,286,4
232711,287,286,4
232721,288,286,4
232731,287,286,4
232741,289,286,4
232751,285,286,4
232762,277,286,4
232772,286,286,4
SIM
232792,720,726,13
232802,711,726,15
232813,708,725,18
232823,711,725,20
232833,710,725,22
232843,709,725,24
232853,711,725,26
232863,708,725,28
232874,709,725,30
232884,711,725,32
232894,708,724,35
232904,711,724,36
232914,709,724,38
232925,712,724,39
232935,711,724,41
232945,708,724,43
232955,712,724,44
232965,709,723,46
232976,711,723,48
232986,711,723,49
232996,710,723,50
233006,713,723,51
233016,711,723,52
233026,711,723,53
233037,713,723,54
233047,710,722,56
233057,713,722,57
233067,712,722,57
233077,711,722,58
233088,712,722,59
233098,711,722,58
233108,712,722,58
233118,713,721,58
233128,711,721,58
233139,713,721,58
233149,710,721,58
233159,713,721,58
233169,713,721,57
233179,709,720,58
233190,714,720,57
233200,712,720,57
233210,713,720,57
233220,712,720,56
233230,710,720,56
233240,713,720,55
233251,712,719,55
233261,712,719,54
233271,714,719,53
233281,711,719,52
233291,713,719,52
233302,713,719,51
233312,710,718,52
233322,715,718,51
233332,711,718,50
233342,712,718,49
233353,713,718,48
233363,712,718,48
233373,714,718,47
233383,713,717,47
233393,711,717,46
233404,715,717,45
233414,710,717,45
233424,714,717,44
233434,713,717,43
233444,713,717,43
233454,715,717,42
233465,711,717,42
233475,713,716,42
233485,714,716,41
233495,710,716,41
233505,715,716,40
233516,712,716,39
233526,713,716,39
233536,715,716,38
233546,712,716,38
233556,715,716,37
233567,712,716,36
233577,712,715,36
233587,714,715,35
233597,710,715,35
233607,714,715,34
233618,714,715,33
233628,712,715,33
233638,713,715,31
233648,711,715,31
233658,714,715,30
233668,714,715,29
233679,712,714,30
233689,715,714,28
233699,712,714,28
233709,713,714,27
233719,715,714,26
233730,711,714,25
233740,714,714,24
233750,712,714,23
233760,712,714,23
233770,714,714,22
233781,710,714,21
233791,714,713,22
233801,716,713,20
233811,711,713,20
233822,714,713,18
233832,712,713,18
233842,713,713,16
233852,715,713,15
233862,711,713,14
233873,715,713,13
233883,712,713,12
233893,713,713,11
233903,713,712,11
233913,712,712,10
233923,716,712,9
233934,714,712,8
233944,711,712,8
233954,715,712,7
233964,711,712,6
233974,713,712,5
233985,713,712,5
233995,711,712,4
234005,715,712,3
RIM
234025,356,333,28
234036,338,333,27
234046,339,333,27
234056,339,333,27
234066,337,333,27
234076,338,333,27
234086,341,333,26
234097,335,333,26
234107,341,333,26
234117,340,333,26
234127,339,333,26
234137,338,333,26
234148,339,333,26
234158,338,333,26
234168,341,333,27
234178,337,333,26
234188,339,333,26
234199,339,333,26
234209,340,333,26
234219,339,333,26
234229,338,333,26
234239,341,333,26
234250,340,333,26
234260,341,333,26
234270,340,333,26
234280,339,333,26
234290,340,333,26
234300,338,333,26
234311,340,333,26
234321,339,333,26
234331,339,333,26
234341,338,333,26
234351,341,333,26
234362,340,333,27
234372,339,333,27
234382,339,333,27
234392,342,333,27
234402,340,333,27
234413,338,333,28
234423,338,333,27
234433,340,333,28
234443,338,333,28
234453,341,333,28
234463,339,333,28
234474,340,333,29
234484,341,333,29
234494,338,333,29
234504,341,333,29
234514,338,334,29
234525,339,334,29
234535,341,334,29
234545,338,334,29
234555,340,334,30
234565,339,334,30
234576,339,334,30
234586,341,334,30
234596,339,334,30
234606,341,334,30
234616,341,334,30
234626,339,334,30
234637,342,334,30
234647,339,335,29
234657,341,335,29
234667,340,335,28
234677,338,335,28
234688,341,335,28
234698,339,335,28
234708,339,335,27
234718,339,335,27
234728,341,335,27
234739,340,335,27
234749,337,335,27
234759,341,336,25
234769,342,336,25
234779,337,336,24
234789,341,336,24
234800,338,336,24
234810,340,336,23
234820,339,336,23
234830,339,336,23
234840,342,336,23
234851,340,336,23
234861,341,336,23
234871,341,337,22
234881,337,337,21
234891,341,337,20
234902,340,337,20
234912,337,337,20
234922,341,337,20
234932,339,337,20
234942,338,337,19
234952,341,337,19
234963,336,337,18
234973,341,337,18
234983,339,337,18
234993,340,337,17
235003,342,338,16
235014,339,338,15
235024,345,338,15
235034,338,338,15
235044,339,338,14
235054,342,338,14
235065,338,338,13
235075,339,338,12
235085,340,338,12
235095,340,338,11
235105,340,338,11
235115,338,338,10
235126,341,339,9
235136,340,339,8
235146,340,339,7
235156,342,339,7
235166,340,339,6
235177,338,339,6
235187,341,339,5
235197,340,339,5
235207,343,339,5
235217,340,339,5
235228,341,339,5
235238,341,339,5
OSM
235259,284,286,4
235269,289,286,4
235279,288,286,4
235289,289,286,4
235299,286,286,4
235310,286,286,4
235320,290,286,4
235330,287,286,4
235340,289,286,4
235350,287,286,4
235361,287,286,4
235371,288,286,4
235381,287,286,4
235391,287,286,4
235401,285,286,4
235412,286,286,4
235422,288,286,4
235432,286,286,4
235442,286,286,4
235452,287,286,4
235462,289,286,4
235473,290,286,4
235483,286,286,4
235493,286,286,4
235503,290,286,4
235513,288,286,4
235524,287,286,4
235534,286,286,4
235544,286,286,4
235554,288,286,4
235564,287,286,4
235574,286,286,4
235585,287,286,4
235595,287,286,4
235605,287,286,4
235615,287,286,4
235625,285,286,4
235636,287,286,4
235646,285,286,4
235656,288,286,4
235666,288,286,4
235676,284,286,4
235687,288,286,4
235697,287,286,4
235707,285,286,4
235717,288,286,4
235727,286,286,4
235737,288,286,4
235748,289,286,4
235758,287,286,4
235768,286,286,4
235778,276,286,5
235788,288,286,5
235799,288,286,5
235809,289,286,5
235819,286,286,5
235829,284,286,5
235839,289,286,5
235850,288,286,5
235860,287,286,5
235870,299,286,6
235880,286,286,6
235890,286,286,6
235900,299,286,7
235911,285,286,7
235921,288,286,7
235931,289,286,7
235941,288,286,7
235951,287,286,7
235962,288,286,7
235972,287,286,7
235982,285,286,7
235992,286,286,7
236002,290,286,8
236012,285,286,8
236023,288,286,8
236033,288,286,8
236043,286,286,8
236053,291,286,8
236063,288,287,7
236074,286,287,7
236084,287,286,8
236094,286,287,7
236104,291,287,7
236114,287,287,7
236125,285,287,7
236135,287,287,7
236145,288,287,7
236155,288,287,7
236165,289,287,7
236175,288,287,7
236186,288,287,7
236196,287,287,7
236206,285,287,7
236216,286,287,7
236226,286,287,6
236237,288,287,6
236247,284,287,6
236257,287,287,6
236267,291,287,6
236277,286,287,6
236287,286,287,6
236298,285,287,6
236308,287,287,6
236318,290,287,6
236328,286,287,6
236338,286,287,6
236349,287,287,6
236359,287,287,6
236369,289,287,6
236379,287,287,6
236389,287,287,6
236400,287,287,6
236410,284,287,6
236420,288,287,6
236430,287,287,6
236440,286,287,6
236450,285,287,6
236461,285,287,5
236471,287,287,5
SIM
236491,720,712,3
236501,714,712,3
236512,709,712,3
236522,711,712,3
236532,708,712,3
236542,711,712,3
236552,712,712,3
236562,709,712,3
236573,712,712,3
236583,711,712,3
236593,710,712,3
236603,712,712,3
236613,709,712,3
236624,714,712,3
236634,711,712,3
236644,709,712,3
236654,712,712,3
236664,709,712,3
236675,709,712,3
236685,712,712,3
236695,710,712,3
236705,713,712,3
236715,712,712,3
236725,711,712,3
236736,713,712,3
236746,710,712,3
236756,714,712,3
236766,713,712,3
236776,712,712,3
236787,714,712,3
236797,710,712,3
236807,713,712,3
236817,713,712,3
236827,711,712,3
236838,714,712,3
236848,712,712,3
236858,712,712,3
236868,713,712,3
236878,712,712,3
236888,714,712,3
236899,713,712,3
236909,713,712,3
236919,714,712,3
236929,711,712,3
236939,714,712,3
236950,712,712,3
236960,712,712,3
236970,715,712,3
236980,716,712,3
236990,713,712,3
237001,713,712,3
237011,712,712,3
237021,714,712,3
237031,712,712,3
237041,714,712,3
237051,713,712,3
237062,712,712,3
237072,715,712,3
237082,713,712,3
237092,713,712,3
237102,714,712,3
237113,711,712,3
237123,715,712,3
237133,714,712,3
237143,714,712,3
237153,714,712,3
237164,713,712,3
237174,714,712,3
237184,715,712,3
237194,711,712,3
237204,714,712,3
237214,713,712,3
237225,713,712,3
237235,715,712,3
237245,711,712,3
237255,715,712,3
237265,713,712,3
237276,712,712,3
237286,715,712,3
237296,712,712,3
237306,714,712,3
237316,714,712,3
237327,713,712,3
237337,714,712,3
237347,712,712,3
237357,714,712,3
237367,713,712,3
237377,712,712,3
237388,715,712,3
237398,713,712,3
237408,714,712,3
237418,715,712,3
237428,712,712,3
237439,715,712,3
237449,713,712,3
237459,714,712,3
237469,715,712,3
237479,713,712,3
237490,715,712,4
237500,714,712,3
237510,713,712,3
237520,715,712,3
237530,713,712,3
237540,714,712,3
237551,714,712,3
237561,712,712,3
237571,715,712,3
237581,712,712,3
237591,713,712,3
237602,714,712,3
237612,711,712,3
237622,714,712,3
237632,713,712,3
237642,713,712,3
237653,716,712,3
237663,711,712,3
237673,714,712,3
237683,714,712,3
237693,709,712,4
237703,715,712,4
RIM
237724,355,339,4
237734,342,339,4
237744,337,339,4
237754,338,339,4
237765,337,339,4
237775,338,339,4
237785,341,339,4
237795,338,339,4
237805,338,339,4
237815,338,339,4
237826,337,339,4
237836,340,339,4
237846,336,339,4
237856,338,339,4
237866,339,339,4
237877,340,339,4
237887,339,339,4
237897,336,339,4
237907,340,339,4
237917,337,339,4
237927,338,339,4
237938,340,339,4
237948,339,339,4
237958,339,339,4
237968,340,339,4
237978,340,339,4
237989,339,339,4
237999,337,339,4
238009,339,339,4
238019,342,339,4
238029,338,339,4
238040,339,339,4
238050,338,339,4
238060,338,339,4
238070,342,339,5
238080,339,339,5
238090,338,339,4
238101,339,339,4
238111,338,339,4
238121,342,339,4
238131,344,339,5
238141,342,339,5
238152,344,339,5
238162,339,339,5
238172,339,339,5
238182,340,339,5
238192,339,339,5
238202,339,339,5
238213,336,339,5
238223,342,339,5
238233,340,339,5
238243,338,339,5
238253,340,339,5
238264,341,339,5
238274,340,339,5
238284,339,339,5
238294,340,339,5
238304,341,339,5
238315,338,339,5
238325,340,339,5
238335,339,339,5
238345,337,339,5
238355,342,339,5
238365,340,339,5
238376,339,339,5
238386,340,339,5
238396,340,339,5
238406,340,339,5
238416,338,339,5
238427,340,339,5
238437,343,339,5
238447,338,339,5
238457,342,339,5
238467,339,339,5
238477,338,339,5
238488,340,339,5
238498,338,339,5
238508,339,339,5
238518,340,339,5
238528,340,339,5
238539,340,339,5
238549,339,339,5
238559,341,339,5
238569,339,339,5
238579,337,339,5
238589,341,339,5
238600,338,339,5
238610,339,339,5
238620,346,339,5
238630,338,339,5
238640,340,339,5
238651,339,339,5
238661,339,339,5
238671,342,339,5
238681,338,339,5
238691,340,339,5
238702,341,339,5
238712,339,339,5
238722,341,339,5
238732,339,339,5
238742,339,339,5
238752,342,339,5
238763,340,339,5
238773,342,339,5
238783,340,339,5
238793,338,339,5
238803,341,339,5
238814,340,339,5
238824,339,339,5
238834,340,339,5
238844,336,339,5
238854,340,339,5
238864,339,339,5
238875,340,339,5
238885,341,339,5
238895,338,339,5
238905,340,339,5
238915,341,339,5
238926,339,339,5
238936,341,339,5
OSM
238957,286,287,5
238967,288,287,5
238977,285,287,5
238987,301,287,7
238997,288,287,7
239008,289,287,7
239018,288,287,7
239028,284,287,7
239038,287,287,7
239048,287,287,7
239059,289,287,7
239069,286,287,7
239079,284,287,7
239089,287,287,7
239099,290,287,7
239110,287,287,7
239120,289,287,7
239130,286,287,7
239140,287,287,7
239150,290,287,7
239160,287,287,7
239171,288,287,7
239181,284,287,7
239191,300,287,8
239201,290,287,8
239211,287,287,8
239222,287,287,8
239232,285,287,8
239242,286,287,8
239252,285,287,8
239262,286,287,8
239272,288,287,8
239283,288,287,8
239293,288,287,8
239303,287,287,8
239313,287,287,8
239323,285,287,8
239334,287,287,8
239344,286,287,8
239354,290,287,8
239364,286,287,8
239374,286,287,8
239385,288,287,8
239395,286,287,8
239405,291,287,9
239415,285,287,9
239425,287,287,9
239435,289,287,9
239446,287,287,9
239456,288,287,9
239466,288,287,9
239476,289,287,8
239486,288,287,8
239497,287,287,8
239507,288,287,8
239517,286,287,8
239527,286,287,7
239537,287,287,7
239547,287,287,7
239558,285,287,7
239568,287,287,6
239578,285,287,6
239588,287,287,6
239598,287,287,5
239609,286,287,5
239619,287,287,5
239629,285,287,5
239639,287,287,5
239649,288,287,5
239660,286,287,5
239670,286,287,5
239680,286,287,5
239690,289,287,5
239700,288,287,5
239710,284,287,5
239721,287,287,5
239731,287,287,5
239741,289,287,5
239751,287,287,5
239761,285,287,5
239772,288,287,5
239782,288,287,5
239792,285,287,5
239802,287,287,5
239812,284,287,5
239822,287,287,5
239833,288,287,5
239843,289,287,5
239853,289,287,5
239863,286,287,5
239873,285,287,5
239884,289,287,5
239894,285,287,5
239904,287,287,5
239914,288,287,5
239924,286,287,5
239935,287,287,5
239945,286,287,5
239955,287,287,5
239965,285,287,5
239975,284,287,5
239985,287,287,5
239996,289,287,5
240006,288,287,5
240016,286,287,5
240026,286,287,5
240036,288,287,5
240047,284,287,5
240057,286,287,5
240067,287,287,5
240077,287,287,5
240087,290,287,5
240097,287,287,5
240108,288,287,5
240118,286,287,5
240128,286,287,5
240138,288,287,5
240148,287,287,5
240159,286,287,5
240169,290,287,5
SIM
240189,722,712,4
240199,711,712,4
240209,709,712,4
240220,712,712,4
240230,708,712,4
240240,711,712,4
240250,712,712,4
240260,709,712,4
240271,713,712,4
240281,709,712,4
240291,711,712,4
240301,711,712,4
240311,709,712,4
240322,713,712,4
240332,711,712,4
240342,712,712,4
240352,714,712,4
240362,710,712,4
240372,713,712,4
240383,712,712,4
240393,711,712,4
240403,714,712,4
240413,711,712,4
240423,713,712,4
240434,713,712,4
240444,712,712,4
240454,714,712,4
240464,711,712,4
240474,712,712,4
240485,711,712,4
240495,711,712,4
240505,715,712,4
240515,712,712,4
240525,711,712,4
240535,714,712,4
240546,710,712,4
240556,714,712,4
240566,712,712,4
240576,713,712,4
240586,714,712,4
240597,711,712,4
240607,713,712,4
240617,713,712,4
240627,711,712,4
240637,715,712,4
240648,712,712,4
240658,714,712,4
240668,713,712,4
240678,712,712,4
240688,715,712,4
240698,713,712,4
240709,712,712,4
240719,714,712,4
240729,714,712,4
240739,714,712,4
240749,715,712,4
240760,713,712,4
240770,716,712,4
240780,711,712,4
240790,715,712,4
240800,712,712,4
240811,711,712,4
240821,716,712,4
240831,712,712,4
240841,713,712,4
240851,714,712,4
240861,711,712,4
240872,715,712,4
240882,713,712,4
240892,713,712,4
240902,715,712,4
240912,711,712,4
240923,715,712,4
240933,714,712,4
240943,713,712,4
240953,716,712,4
240963,712,712,4
240974,715,712,4
240984,714,712,4
240994,712,712,4
241004,716,712,4
241014,712,712,4
241024,714,712,4
241035,714,712,4
241045,713,712,4
241055,715,712,4
241065,713,712,4
241075,713,712,4
241086,716,712,4
241096,712,712,4
241106,715,712,4
241116,713,712,4
241126,713,712,4
241137,715,712,4
241147,712,712,4
241157,714,712,4
241167,714,712,4
241177,713,712,4
241187,715,712,4
241198,712,712,4
241208,715,712,4
241218,717,712,4
241228,711,712,4
241238,716,712,4
241249,714,712,4
241259,714,712,4
241269,715,712,4
241279,712,712,4
241289,715,713,3
241300,713,712,4
241310,713,713,3
241320,715,713,3
241330,713,713,3
241340,714,713,3
241350,715,713,3
241361,712,713,3
241371,714,713,3
241381,712,713,3
241391,714,713,3
241401,715,713,3
RIM
241422,357,339,5
241432,341,339,5
241442,338,339,5
241452,340,339,5
241462,339,339,5
241473,341,339,5
241483,340,339,5
241493,337,339,5
241503,340,339,5
241513,336,339,5
241524,339,339,5
241534,341,339,5
241544,338,339,5
241554,340,339,5
241564,340,339,5
241574,340,339,5
241585,339,339,5
241595,337,339,5
241605,341,339,5
241615,340,339,5
241625,338,339,5
241636,339,339,5
241646,340,339,5
241656,341,339,5
241666,339,339,5
241676,334,339,5
241687,342,339,6
241697,338,339,5
241707,341,339,6
241717,339,339,5
241727,337,339,5
241737,341,339,6
241748,338,339,6
241758,340,339,6
241768,340,339,5
241778,339,339,5
241788,339,339,5
241799,340,339,5
241809,340,339,5
241819,342,339,5
241829,338,339,5
241839,342,339,5
241849,340,339,5
241860,337,339,5
241870,342,339,5
241880,339,339,5
241890,339,339,5
241900,339,339,5
241911,340,339,5
241921,342,339,5
241931,338,339,5
241941,341,339,5
241951,341,339,5
241961,338,339,5
241972,341,339,5
241982,338,339,5
241992,340,339,5
242002,341,339,5
242012,338,339,5
242023,337,339,5
242033,339,339,5
242043,341,339,5
242053,342,339,5
242063,339,339,5
242074,340,339,5
242084,340,339,5
242094,340,339,5
242104,341,339,5
242114,339,339,5
242124,341,339,5
242135,337,339,5
242145,337,339,5
242155,341,339,5
242165,341,339,5
242175,340,339,5
242186,340,339,5
242196,340,339,5
242206,341,339,5
242216,336,339,5
242226,339,339,5
242237,340,339,5
242247,338,339,5
242257,339,339,5
242267,339,339,5
242277,340,339,5
242287,341,339,5
242298,340,339,5
242308,339,339,5
242318,340,339,5
242328,342,339,5
242338,340,339,5
242349,341,339,5
242359,340,339,5
242369,341,339,5
242379,339,339,5
242389,341,339,5
242399,339,339,5
242410,340,339,5
242420,341,339,5
242430,337,339,5
242440,341,339,5
242450,340,339,5
242461,340,339,5
242471,342,339,5
242481,338,339,5
242491,342,339,5
242501,341,339,5
242512,338,339,5
242522,341,339,5
242532,341,339,5
242542,338,339,5
242552,339,339,5
242562,339,339,5
242573,343,339,5
242583,341,339,5
242593,338,339,5
242603,342,339,5
242613,337,339,5
242624,341,339,5
242634,341,339,5
OSM
242655,285,287,5
242665,287,287,5
242675,289,287,5
242685,287,287,3
242696,299,287,4
242706,285,287,4
242716,288,287,4
242726,287,287,4
242736,288,287,4
242746,286,287,4
242757,287,287,4
242767,286,287,4
242777,287,287,4
242787,287,287,4
242797,288,287,4
242808,289,287,4
242818,289,287,4
242828,285,287,4
242838,287,287,4
242848,285,287,4
242858,287,287,4
242869,288,287,4
242879,288,287,4
242889,302,287,5
242899,288,287,5
242909,284,287,5
242920,288,287,5
242930,287,287,5
242940,288,287,5
242950,288,287,5
242960,287,287,5
242971,287,287,5
242981,287,287,5
242991,287,287,5
243001,286,287,5
243011,288,287,5
243021,288,287,5
243032,289,287,5
243042,286,287,5
243052,286,287,4
243062,284,287,5
243072,287,287,5
243083,288,287,5
243093,285,287,5
243103,287,287,4
243113,288,287,4
243123,290,287,4
243133,287,287,4
243144,287,287,4
243154,278,287,5
243164,286,287,5
243174,286,287,5
243184,290,287,5
243195,292,287,5
243205,288,287,5
243215,300,287,7
243225,286,287,7
243235,287,287,7
243246,287,287,7
243256,286,287,7
243266,287,287,7
243276,288,287,7
243286,288,287,7
243296,287,287,7
243307,284,287,7
243317,288,287,7
243327,290,287,7
243337,287,287,7
243347,286,287,7
243358,288,287,7
243368,289,287,7
243378,285,287,7
243388,288,287,7
243398,285,287,7
243408,287,287,7
243419,289,287,7
243429,285,287,7
243439,288,287,7
243449,286,287,7
243459,286,287,7
243470,288,287,7
243480,287,287,7
243490,287,287,7
243500,289,287,7
243510,285,287,7
243520,278,287,7
243531,284,287,8
243541,287,287,7
243551,289,287,7
243561,287,287,7
243571,288,287,7
243582,286,287,7
243592,285,287,7
243602,287,287,7
243612,289,287,7
243622,288,287,7
243633,286,287,7
243643,286,287,7
243653,288,287,7
243663,285,287,7
243673,288,287,7
243683,289,287,7
243694,288,287,7
243704,288,287,7
243714,285,287,7
243724,287,287,7
243734,285,287,7
243745,287,287,7
243755,290,287,7
243765,287,287,7
243775,286,287,7
243785,287,287,7
243795,286,287,7
243806,290,287,7
243816,288,287,7
243826,287,287,7
243836,290,287,8
243846,287,287,8
243857,286,287,8
243867,288,287,7
SIM
243887,721,713,3
243897,710,713,3
243907,711,713,3
243918,711,713,3
243928,708,713,3
243938,712,713,3
243948,709,713,3
243958,709,713,3
243969,713,713,3
243979,709,713,3
243989,711,713,3
243999,712,713,3
244009,711,713,3
244020,714,713,3
244030,710,713,3
244040,712,713,3
244050,712,713,3
244060,710,713,3
244070,714,713,3
244081,711,713,3
244091,711,713,3
244101,714,713,3
244111,710,713,3
244121,715,713,3
244132,711,713,3
244142,712,713,3
244152,713,713,3
244162,711,713,3
244172,713,713,3
244183,712,713,3
244193,712,713,3
244203,714,713,3
244213,711,713,3
244223,714,713,3
244233,713,713,3
244244,710,713,3
244254,713,713,3
244264,709,713,3
244274,712,713,3
244284,714,713,3
244295,712,713,3
244305,715,713,3
244315,711,713,3
244325,713,713,3
244335,714,713,3
244345,711,713,3
244356,714,713,3
244366,713,713,3
244376,711,713,3
244386,714,712,4
244396,711,712,4
244407,714,712,4
244417,714,712,4
244427,712,712,4
244437,715,712,4
244447,712,712,4
244458,715,712,4
244468,716,712,4
244478,715,713,3
244488,714,713,3
244498,714,713,3
244508,713,713,3
244519,715,713,3
244529,712,713,3
244539,715,713,3
244549,714,713,3
244559,712,713,3
244570,715,713,3
244580,711,713,3
244590,715,713,3
244600,714,713,3
244610,712,713,3
244621,715,713,3
244631,712,713,3
244641,711,713,3
244651,716,713,3
244661,712,713,3
244671,716,713,3
244682,713,713,3
244692,714,713,3
244702,715,713,3
244712,711,713,3
244722,716,713,3
244733,714,713,3
244743,712,713,3
244753,715,713,3
244763,712,713,3
244773,714,713,3
244784,715,713,3
244794,712,713,3
244804,715,713,3
244814,714,713,3
244824,715,713,3
244834,714,713,3
244845,711,713,3
244855,715,713,3
244865,713,713,3
244875,713,713,3
244885,715,713,3
244896,712,713,3
244906,716,713,3
244916,715,713,3
244926,713,713,3
244936,716,713,3
244947,711,713,3
244957,715,713,3
244967,714,713,3
244977,712,713,3
244987,716,713,3
244997,713,713,3
245008,714,713,3
245018,715,713,3
245028,712,713,3
245038,715,713,3
245048,713,713,3
245059,714,713,3
245069,715,713,3
245079,712,713,3
245089,714,713,3
245099,713,713,3
RIM
245120,357,339,5
245130,340,339,5
245140,339,339,5
245150,339,339,5
245160,338,339,5
245171,341,339,5
245181,338,339,5
245191,338,339,5
245201,340,339,5
245211,337,339,5
245222,341,339,5
245232,338,339,5
245242,341,339,5
245252,337,339,5
245262,336,339,5
245272,340,339,5
245283,343,339,5
245293,339,339,5
245303,337,339,5
245313,337,339,5
245323,340,339,5
245334,340,339,5
245344,338,339,5
245354,340,339,5
245364,337,339,5
245374,339,339,5
245384,339,339,5
245395,336,339,5
245405,340,339,5
245415,341,339,5
245425,340,339,5
245435,339,339,5
245446,338,339,5
245456,341,339,5
245466,339,339,5
245476,338,339,5
245486,342,339,5
245497,339,339,5
245507,341,339,5
245517,339,339,5
245527,339,339,5
245537,343,339,5
245547,338,339,5
245558,341,339,5
245568,339,339,5
245578,339,339,5
245588,341,339,5
245598,338,339,5
245609,336,339,5
245619,341,339,5
245629,340,339,5
245639,342,339,5
245649,338,339,5
245659,339,339,5
245670,340,339,5
245680,341,339,5
245690,341,339,5
245700,339,339,5
245710,338,339,5
245721,342,339,5
245731,339,339,5
245741,340,339,5
245751,338,339,5
245761,338,339,5
245772,343,339,5
245782,340,339,5
245792,341,339,5
245802,340,339,5
245812,339,339,5
245822,340,339,5
245833,339,339,5
245843,338,339,5
245853,342,339,5
245863,339,339,5
245873,339,339,5
245884,340,339,5
245894,340,339,5
245904,342,339,5
245914,338,339,5
245924,340,339,5
245934,341,339,5
245945,338,339,5
245955,343,339,5
245965,340,339,5
245975,336,339,5
245985,342,339,5
245996,339,339,5
246006,340,339,5
246016,339,339,5
246026,341,339,5
246036,340,339,5
246047,338,339,5
246057,344,339,5
246067,340,339,5
246077,340,339,5
246087,341,339,5
246097,339,339,5
246108,341,339,5
246118,339,339,5
246128,338,339,5
246138,341,339,5
246148,339,339,5
246159,339,339,5
246169,339,339,5
246179,338,339,5
246189,342,339,5
246199,341,339,5
246209,338,339,5
246220,341,339,5
246230,340,339,5
246240,341,339,5
246250,342,339,5
246260,339,339,5
246271,342,339,5
246281,339,339,5
246291,339,339,5
246301,341,339,5
246311,339,339,5
246321,340,339,5
246332,338,339,5
OSM
246353,286,287,7
246363,301,287,9
246373,302,287,11
246383,287,287,11
246394,284,287,10
246404,287,287,10
246414,288,287,10
246424,289,287,10
246434,287,287,10
246444,287,287,10
246455,287,287,10
246465,288,287,10
246475,288,287,10
246485,287,287,10
246495,286,287,10
246506,287,287,10
246516,286,287,10
246526,287,287,10
246536,290,287,10
246546,288,287,10
246557,287,287,10
246567,287,287,10
246577,287,287,10
246587,290,287,8
246597,288,287,8
246607,289,287,8
246618,290,287,8
246628,286,287,8
246638,287,287,8
246648,285,287,8
246658,284,287,8
246669,289,287,8
246679,287,287,8
246689,288,287,8
246699,286,287,8
246709,287,287,8
246719,287,287,8
246730,287,287,8
246740,289,287,8
246750,287,287,8
246760,286,287,8
246770,289,287,8
246781,288,287,8
246791,288,287,8
246801,288,287,8
246811,288,287,8
246821,289,287,8
246832,284,287,8
246842,286,287,8
246852,288,287,7
246862,288,287,7
246872,287,287,7
246882,288,287,7
246893,287,287,7
246903,289,287,7
246913,298,287,7
246923,287,287,7
246933,288,287,7
246944,290,287,7
246954,289,287,7
246964,286,287,7
246974,286,287,7
246984,290,287,7
246994,288,287,7
247005,287,287,7
247015,287,287,7
247025,283,287,7
247035,287,287,7
247045,289,287,7
247056,286,287,7
247066,284,287,7
247076,287,287,7
247086,289,287,7
247096,286,287,7
247107,286,287,7
247117,286,287,7
247127,286,287,7
247137,288,287,7
247147,288,287,7
247157,285,287,7
247168,286,287,7
247178,285,287,7
247188,288,287,7
247198,289,287,7
247208,288,287,7
247219,286,287,6
247229,286,287,6
247239,289,287,6
247249,288,287,6
247259,286,287,6
247269,288,287,6
247280,287,287,6
247290,285,287,6
247300,288,287,6
247310,286,287,6
247320,287,287,6
247331,287,287,6
247341,284,287,6
247351,287,287,6
247361,291,287,6
247371,286,287,6
247382,286,287,6
247392,288,287,6
247402,286,287,6
247412,289,287,6
247422,287,287,6
247432,288,287,6
247443,287,287,6
247453,289,287,6
247463,287,287,6
247473,287,287,6
247483,289,287,6
247494,286,287,6
247504,286,287,6
247514,287,287,6
247524,287,287,6
247534,288,287,6
247545,285,287,6
247555,289,287,6
247565,287,287,6
SIM
247585,721,713,3
247595,709,713,3
247606,710,713,4
247616,710,712,5
247626,709,713,3
247636,711,712,4
247646,709,712,4
247656,711,713,3
247667,712,713,3
247677,710,713,3
247687,713,713,3
247697,710,713,3
247707,711,713,3
247718,712,712,4
247728,710,712,4
247738,713,713,3
247748,711,712,4
247758,711,713,3
247769,714,713,3
247779,710,712,4
247789,713,713,3
247799,712,712,4
247809,711,713,3
247819,713,712,4
247830,711,712,4
247840,711,712,4
247850,713,712,4
247860,711,712,4
247870,715,712,4
247881,711,712,4
247891,713,712,4
247901,713,712,4
247911,709,712,4
247921,714,712,4
247932,711,712,4
247942,712,712,4
247952,714,712,4
247962,711,712,4
247972,714,713,3
247982,713,713,3
247993,711,712,4
248003,715,712,4
248013,711,712,4
248023,715,713,3
248033,713,713,3
248044,711,713,3
248054,715,713,3
248064,712,713,3
248074,717,713,4
248084,714,713,4
248095,711,713,4
248105,714,713,4
248115,712,713,4
248125,713,713,3
248135,715,713,3
248145,711,713,4
248156,714,713,3
248166,712,712,4
248176,712,712,4
248186,714,712,4
248196,712,712,4
248207,713,712,4
248217,714,712,4
248227,711,712,4
248237,715,712,4
248247,712,712,4
248258,714,712,4
248268,714,712,4
248278,711,712,4
248288,713,712,4
248298,713,712,4
248308,713,712,4
248319,716,712,4
248329,712,712,4
248339,714,712,4
248349,714,712,4
248359,712,712,4
248370,715,712,4
248380,712,712,4
248390,716,712,4
248400,715,712,4
248410,712,712,4
248421,715,712,4
248431,712,712,4
248441,715,712,4
248451,712,712,4
248461,711,712,4
248471,715,712,4
248482,713,712,4
248492,713,712,4
248502,716,712,4
248512,712,712,4
248522,715,712,4
248533,715,712,4
248543,713,712,4
248553,716,712,4
248563,712,712,4
248573,715,712,4
248584,714,712,4
248594,712,712,4
248604,715,712,4
248614,713,712,4
248624,711,712,4
248634,714,712,4
248645,712,712,4
248655,715,712,4
248665,710,712,4
248675,712,712,4
248685,715,712,4
248696,712,712,4
248706,714,712,4
248716,714,712,4
248726,711,712,4
248736,715,712,4
248747,712,712,4
248757,715,712,4
248767,716,712,4
248777,712,712,4
248787,714,712,4
248797,714,712,4
RIM
248818,356,339,5
248828,338,339,5
248838,339,339,5
248848,339,339,5
248859,337,339,5
248869,338,339,5
248879,336,339,5
248889,340,339,5
248899,339,339,5
248909,336,339,5
248920,338,339,5
248930,336,339,5
248940,339,339,5
248950,339,339,5
248960,337,339,5
248971,340,339,5
248981,339,339,5
248991,338,339,5
249001,339,339,5
249011,336,339,5
249021,340,339,5
249032,337,339,5
249042,340,339,5
249052,341,339,5
249062,336,339,5
249072,341,339,5
249083,339,339,5
249093,337,339,5
249103,344,339,5
249113,340,339,5
249123,340,339,5
249134,339,339,5
249144,336,339,5
249154,339,339,5
249164,340,339,5
249174,340,339,5
249184,339,339,5
249195,337,339,5
249205,340,339,5
249215,337,339,5
249225,339,339,5
249235,339,339,5
249246,339,339,5
249256,341,339,5
249266,337,339,5
249276,339,339,5
249286,339,339,5
249296,339,339,5
249307,340,339,5
249317,342,339,5
249327,339,339,5
249337,340,339,5
249347,340,339,5
249358,340,339,5
249368,339,339,5
249378,339,339,5
249388,342,339,5
249398,338,339,5
249409,338,339,5
249419,340,339,5
249429,338,339,5
249439,342,339,5
249449,340,339,5
249459,338,339,5
249470,339,339,5
249480,340,339,5
249490,341,339,5
249500,340,339,5
249510,343,339,5
249521,342,339,5
249531,339,339,5
249541,339,339,5
249551,339,339,5
249561,338,339,5
249571,339,339,5
249582,340,339,5
249592,335,339,5
249602,339,339,5
249612,337,339,5
249622,343,339,5
249633,341,339,5
249643,338,339,5
249653,340,339,5
249663,341,339,5
249673,340,339,5
249684,341,339,5
249694,339,339,5
249704,342,339,5
249714,339,339,5
249724,339,339,5
249734,342,339,5
249745,340,339,5
249755,340,339,5
249765,338,339,5
249775,341,339,5
249785,341,339,5
249796,337,339,5
249806,339,339,5
249816,341,339,5
249826,340,339,5
249836,339,339,5
249846,339,339,5
249857,340,339,5
249867,341,339,5
249877,340,339,5
249887,340,339,5
249897,344,339,5
249908,341,339,5
249918,340,339,5
249928,338,339,5
249938,340,339,5
249948,339,339,5
249958,339,339,5
249969,340,339,5
249979,344,339,5
249989,342,339,5
249999,340,339,5
250009,338,339,5
250020,339,339,5
250030,340,339,5
OSM
250051,285,287,6
250061,289,287,5
250071,288,287,3
250081,288,287,3
250092,287,287,3
250102,288,287,3
250112,283,287,3
250122,288,287,3
250132,287,287,3
250142,286,287,3
250153,289,287,3
250163,284,287,3
250173,288,287,3
250183,292,287,3
250193,278,287,4
250204,286,287,4
250214,288,287,4
250224,286,287,4
250234,286,287,4
250244,287,287,4
250254,287,287,4
250265,290,287,4
250275,287,287,4
250285,285,287,4
250295,286,287,4
250305,289,287,4
250316,287,287,4
250326,285,287,4
250336,288,287,4
250346,288,287,4
250356,290,287,4
250367,287,287,4
250377,287,287,4
250387,285,287,4
250397,288,287,4
250407,287,287,4
250417,286,287,4
250428,283,287,4
250438,288,287,4
250448,289,287,4
250458,287,287,4
250468,285,287,4
250479,286,287,4
250489,290,287,4
250499,286,287,4
250509,284,287,4
250519,289,287,4
250529,286,287,4
250540,288,287,4
250550,286,287,4
250560,284,287,4
250570,289,287,4
250580,286,287,4
250591,286,287,4
250601,287,287,4
250611,288,286,4
250621,288,286,4
250631,290,286,4
250642,288,286,4
250652,289,286,4
250662,287,286,4
250672,288,286,4
250682,286,286,4
250692,286,286,4
250703,286,286,4
250713,287,286,4
250723,288,286,4
250733,287,286,4
250743,284,286,4
250754,287,286,4
250764,289,286,4
250774,287,286,4
250784,286,286,4
250794,286,286,4
250804,291,287,3
250815,289,287,3
250825,286,287,3
250835,300,287,4
250845,289,287,4
250855,288,287,4
250866,285,287,4
250876,287,287,4
250886,290,287,4
250896,288,287,4
250906,288,287,4
250917,288,287,4
250927,285,287,4
250937,288,287,4
250947,290,287,4
250957,288,287,4
250967,286,287,4
250978,284,287,4
250988,287,287,4
250998,287,287,4
251008,286,287,4
251018,287,287,4
251029,288,287,4
251039,287,287,4
251049,285,287,4
251059,287,287,4
251069,289,287,4
251079,287,287,4
251090,279,287,5
251100,285,287,5
251110,287,287,5
251120,289,287,5
251130,287,287,5
251141,286,287,5
251151,280,287,5
251161,287,287,5
251171,288,287,5
251181,287,287,5
251191,288,287,5
251202,287,287,5
251212,287,287,5
251222,286,287,5
251232,285,287,5
251242,286,287,5
251253,289,287,5
251263,288,287,5
SIM
251283,720,712,4
251293,710,712,4
251303,712,712,4
251314,709,712,4
251324,712,712,4
251334,712,712,4
251344,709,712,4
251354,711,712,4
251365,712,712,4
251375,710,712,4
251385,712,712,4
251395,710,712,4
251405,712,712,4
251416,711,712,4
251426,710,712,4
251436,712,712,4
251446,709,712,4
251456,713,712,4
251466,713,712,4
251477,710,712,4
251487,714,712,4
251497,710,712,4
251507,712,712,4
251517,714,712,4
251528,711,712,4
251538,715,712,4
251548,712,712,4
251558,712,712,4
251568,713,712,4
251579,710,712,4
251589,713,712,4
251599,713,712,4
251609,712,712,4
251619,713,712,4
251629,711,712,4
251640,715,712,4
251650,714,712,4
251660,712,712,4
251670,716,712,4
251680,711,712,4
251691,714,712,4
251701,717,712,4
251711,712,712,4
251721,714,712,4
251731,713,712,4
251742,714,712,4
251752,714,712,4
251762,711,712,4
251772,716,712,4
251782,712,712,4
251792,713,712,4
251803,715,712,4
251813,712,712,4
251823,714,712,4
251833,713,712,4
251843,712,712,4
251854,715,712,4
251864,711,712,4
251874,714,712,4
251884,713,712,4
251894,712,712,4
251905,714,712,4
251915,712,712,4
251925,714,712,4
251935,714,712,4
251945,711,712,4
251955,716,712,4
251966,713,712,4
251976,713,712,4
251986,715,713,3
251996,711,712,4
252006,714,713,3
252017,714,712,4
252027,714,713,3
252037,715,713,3
252047,711,712,4
252057,715,713,3
252068,715,713,3
252078,712,713,3
252088,716,713,3
252098,712,712,4
252108,713,712,4
252118,715,712,4
252129,713,713,3
252139,714,712,4
252149,710,712,4
252159,715,713,3
252169,716,713,3
252180,711,713,3
252190,715,713,3
252200,714,713,3
252210,712,713,3
252220,718,713,3
252231,712,713,3
252241,715,713,3
252251,714,713,3
252261,712,713,3
252271,716,713,3
252281,712,712,4
252292,713,713,3
252302,714,712,4
252312,712,712,4
252322,716,713,3
252332,714,713,3
252343,713,713,3
252353,715,713,3
252363,711,713,3
252373,715,713,3
252383,716,713,3
252394,712,713,3
252404,715,713,3
252414,712,713,3
252424,713,713,3
252434,716,713,3
252444,711,713,3
252455,715,713,3
252465,713,713,3
252475,716,713,3
252485,716,713,3
252495,712,713,3
RIM
252516,356,339,5
252526,342,339,5
252536,340,339,5
252546,339,339,5
252556,341,339,5
252567,341,339,5
252577,338,339,5
252587,340,339,5
252597,341,339,5
252607,342,339,5
252618,339,339,5
252628,339,339,5
252638,343,339,5
252648,338,339,5
252658,341,339,5
252668,341,339,5
252679,339,339,5
252689,340,339,5
252699,340,339,5
252709,341,339,5
252719,340,339,5
252730,337,339,5
252740,340,339,5
252750,342,339,5
252760,339,339,5
252770,343,339,5
252781,340,339,5
252791,340,339,5
252801,340,339,5
252811,340,339,5
252821,341,339,5
252831,340,339,5
252842,340,339,5
252852,341,339,5
252862,338,339,5
252872,341,339,5
252882,342,340,4
252893,340,340,4
252903,339,340,4
252913,339,340,4
252923,341,340,4
252933,340,340,4
252944,340,340,4
252954,339,340,4
252964,339,340,4
252974,341,340,4
252984,338,340,4
252994,338,340,4
253005,340,340,4
253015,340,340,4
253025,340,340,4
253035,340,340,4
253045,340,340,4
253056,339,340,4
253066,339,340,4
253076,340,340,4
253086,340,340,4
253096,337,340,4
253107,342,340,4
253117,341,340,4
253127,338,340,4
253137,341,340,4
253147,340,340,4
253157,344,340,4
253168,339,340,4
253178,339,340,4
253188,342,340,4
253198,340,340,4
253208,342,340,4
253219,341,340,4
253229,338,340,4
253239,340,340,4
253249,342,340,4
253259,339,340,4
253269,342,340,4
253280,340,340,4
253290,341,340,4
253300,340,340,4
253310,340,340,4
253320,342,340,4
253331,337,340,4
253341,341,340,4
253351,341,340,4
253361,338,340,4
253371,341,340,4
