Polling for available serial device...
Opening serial monitor for com port: "/dev/ttyACM0"
Serial monitor opened successfully:
404092,356,340,39
404102,357,340,41
404112,354,340,43
404122,357,340,45
404132,358,340,48
404143,354,340,50
404153,356,340,52
404163,358,341,53
404173,355,341,55
404183,356,341,57
404193,357,341,59
404204,358,341,61
404214,358,341,64
404224,355,341,65
404234,356,341,67
404244,357,342,68
404255,356,342,69
404265,359,342,72
404275,356,342,73
404285,356,342,75
404295,357,342,77
404306,358,342,79
404316,358,342,81
404326,354,342,82
404336,359,342,84
404346,358,343,85
404356,356,343,86
404367,359,343,88
404377,356,343,90
404387,358,343,92
404397,356,343,93
404407,355,343,94
404418,360,344,95
404428,356,344,96
404438,355,344,97
404448,359,344,98
404458,357,344,99
404469,358,344,101
404479,355,344,102
404489,357,345,102
404499,358,345,103
404509,356,345,104
404520,360,345,106
404530,356,345,107
404540,359,345,109
404550,357,345,110
404560,354,345,110
404570,358,346,110
404581,357,346,111
404591,357,346,111
404601,359,346,112
404611,357,346,113
404621,358,346,113
404632,355,346,113
404642,357,347,112
404652,357,347,111
404662,355,347,111
404672,357,347,111
404683,357,347,111
404693,354,347,111
404703,358,348,109
404713,356,348,109
404723,358,348,109
404734,359,348,109
404744,356,348,109
404754,357,348,108
404764,356,349,107
404774,358,349,107
404785,359,349,107
404795,356,349,106
404805,359,349,105
404815,358,349,105
404825,358,350,103
404835,358,350,102
404846,357,350,101
404856,359,350,100
404866,357,350,100
404876,355,350,99
404886,358,351,97
404897,356,351,96
404907,356,351,95
404917,359,351,95
404927,358,351,94
404937,357,351,94
404948,358,351,93
404958,358,352,92
404968,358,352,92
404978,355,352,91
404988,358,352,90
404999,359,352,90
405009,358,352,89
405019,359,352,89
405029,361,353,88
405039,356,353,87
405049,358,353,86
405060,356,353,84
405070,357,353,82
405080,358,353,80
405090,357,353,78
405100,356,354,71
405111,356,354,68
405121,360,354,63
405131,357,354,59
405141,356,355,54
405151,359,355,49
405162,356,355,44
405172,359,355,39
405182,363,355,36
405192,357,356,30
405202,356,356,25
405212,357,356,21
405223,357,356,17
405233,358,356,13
405243,358,357,8
405253,359,357,4
OSM
405274,334,329,43
405284,335,330,41
405294,336,330,39
405304,334,330,38
405315,333,330,38
405325,334,330,39
405335,334,330,39
405345,334,330,39
405355,336,330,39
405365,337,330,39
405376,332,330,39
405386,336,330,40
405396,336,330,40
405406,335,330,40
405416,337,330,40
405427,337,330,39
405437,335,331,36
405447,334,331,34
405457,335,331,31
405467,338,331,29
405478,332,331,26
405488,336,331,24
405498,333,332,21
405508,334,332,19
405518,334,332,16
405528,336,332,13
405539,333,332,11
405549,335,332,9
405559,335,333,6
405569,338,333,5
405579,336,333,5
405590,333,333,5
405600,335,333,5
405610,336,333,5
405620,339,333,5
405630,336,333,5
405640,333,333,5
405651,335,333,5
405661,335,333,5
405671,336,333,5
405681,336,333,5
405691,336,333,5
405702,337,333,5
405712,334,333,5
405722,336,333,5
405732,337,333,5
405742,335,333,5
405753,336,333,5
405763,338,334,4
405773,338,334,4
405783,337,334,4
405793,337,334,4
405803,334,334,4
405814,336,334,4
405824,334,334,4
405834,337,334,4
405844,336,334,4
405854,335,334,4
405865,333,334,4
405875,336,334,4
405885,338,334,4
405895,334,334,4
405905,334,334,4
405915,336,334,4
405926,336,334,4
405936,337,334,4
405946,336,334,4
405956,334,334,4
405966,336,334,4
405977,334,334,4
405987,349,334,6
405997,337,334,6
406007,335,334,6
406017,336,334,6
406028,335,334,6
406038,337,334,6
406048,337,334,6
406058,336,334,6
406068,336,334,6
406078,335,334,6
406089,336,334,6
406099,338,334,6
406109,333,334,6
406119,335,334,6
406129,336,334,6
406140,336,335,5
406150,335,335,5
406160,332,335,5
406170,338,335,5
406180,337,335,5
406190,333,335,5
406201,334,335,5
406211,337,335,5
406221,336,335,5
406231,334,335,5
406241,335,335,5
406252,337,335,5
406262,337,335,5
406272,336,335,5
406282,336,335,5
406292,337,335,5
406303,336,335,5
406313,336,335,5
406323,334,335,5
406333,335,335,5
406343,335,335,5
406353,337,335,5
406364,336,335,5
406374,336,335,5
406384,334,335,5
406394,333,335,5
406404,337,335,4
406415,335,335,4
406425,333,335,4
406435,335,335,4
406445,335,335,4
406455,334,335,4
406465,333,335,4
406476,332,335,4
406486,335,335,4
SIM
406506,749,741,5
406516,743,741,5
406527,738,741,5
406537,741,741,5
406547,738,741,5
406557,740,741,5
406567,742,741,5
406577,737,741,5
406588,742,741,5
406598,744,741,5
406608,739,741,5
406618,742,741,5
406628,738,741,5
406639,743,741,5
406649,741,741,5
406659,742,741,5
406669,743,741,5
406679,739,741,5
406690,741,741,5
406700,742,741,5
406710,737,741,5
406720,743,741,5
406730,740,741,5
406740,739,741,5
406751,742,741,5
406761,739,741,5
406771,741,741,5
406781,740,741,5
406791,739,741,5
406802,743,741,5
406812,737,741,5
406822,741,741,5
406832,741,741,5
406842,737,741,5
406853,741,741,5
406863,738,741,5
406873,738,741,5
406883,741,741,5
406893,737,741,5
406903,741,741,5
406914,736,741,5
406924,739,741,5
406934,741,741,5
406944,737,741,5
406954,741,741,5
406965,740,741,5
406975,739,741,5
406985,740,741,5
406995,737,741,5
407005,740,741,5
407016,739,741,5
407026,735,741,5
407036,741,741,5
407046,737,741,5
407056,739,741,5
407066,739,741,5
407077,737,741,5
407087,742,741,5
407097,737,741,6
407107,738,741,6
407117,740,741,6
407128,735,741,6
407138,740,741,6
407148,738,741,6
407158,736,741,6
407168,740,740,7
407179,736,740,7
407189,739,740,7
407199,737,740,7
407209,736,740,7
407219,741,740,7
407229,735,740,7
407240,738,740,7
407250,739,740,7
407260,736,740,7
407270,739,740,7
407280,737,740,7
407291,738,740,7
407301,739,740,7
407311,735,740,7
407321,739,740,7
407331,737,740,7
407342,736,740,7
407352,739,740,7
407362,735,740,7
407372,738,740,7
407382,737,740,7
407392,736,740,7
407403,739,740,7
407413,736,739,8
407423,739,739,8
407433,739,739,7
407443,736,739,7
407454,741,739,7
407464,750,739,8
407474,756,739,10
407484,753,740,11
407494,746,740,11
407505,750,740,12
407515,749,740,12
407525,749,740,13
407535,751,740,14
407545,747,740,14
407556,744,740,14
407566,743,740,14
407576,738,740,14
407586,739,740,14
407596,735,740,14
407606,737,740,14
407617,738,740,14
407627,735,740,14
407637,739,740,14
407647,736,740,14
407657,738,740,14
407668,741,739,15
407678,734,739,15
407688,740,739,15
407698,742,739,15
407708,738,739,15
407719,742,739,15
RIM
407739,373,357,4
407749,359,357,4
407759,354,357,4
407769,357,357,4
407780,355,357,4
407790,358,357,4
407800,357,357,4
407810,353,357,4
407820,357,357,4
407831,357,357,4
407841,357,357,4
407851,357,357,4
407861,356,357,4
407871,359,357,4
407881,355,357,4
407892,356,357,4
407902,357,357,4
407912,357,357,4
407922,358,357,4
407932,357,357,4
407943,356,357,4
407953,359,357,4
407963,357,357,4
407973,359,357,4
407983,358,357,4
407993,355,357,4
408004,358,357,4
408014,356,357,4
408024,360,357,4
408034,359,357,4
408044,355,357,4
408055,358,357,4
408065,357,357,4
408075,358,357,4
408085,359,357,4
408095,358,357,4
408106,358,357,4
408116,357,357,4
408126,358,357,4
408136,359,357,4
408146,358,357,4
408156,359,357,4
408167,358,357,4
408177,357,357,4
408187,359,357,4
408197,358,357,4
408207,358,357,4
408218,358,357,4
408228,357,357,4
408238,360,357,4
408248,357,357,4
408258,359,357,4
408268,358,357,4
408279,357,357,4
408289,359,357,4
408299,359,357,4
408309,358,357,4
408319,358,357,4
408330,356,357,4
408340,359,357,4
408350,360,357,4
408360,356,357,4
408370,359,357,4
408381,359,357,4
408391,359,357,4
408401,359,357,4
408411,359,357,4
408421,360,357,4
408431,357,357,4
408442,357,357,4
408452,361,357,4
408462,358,357,4
408472,359,357,4
408482,358,357,4
408493,358,357,4
408503,360,357,4
408513,356,357,4
408523,360,357,4
408533,358,357,4
408543,359,357,4
408554,361,357,5
408564,360,357,5
408574,359,357,5
408584,363,357,5
408594,359,357,5
408605,361,358,4
408615,359,358,4
408625,358,358,4
408635,360,358,4
408645,360,358,4
408656,356,358,4
408666,359,358,4
408676,360,358,4
408686,362,358,4
408696,357,358,4
408706,355,358,4
408717,359,358,4
408727,360,358,4
408737,360,358,4
408747,357,358,4
408757,361,358,4
408768,361,358,4
408778,358,358,4
408788,359,358,4
408798,357,358,4
408808,359,358,4
408818,361,358,4
408829,358,358,4
408839,361,358,4
408849,360,358,4
408859,359,358,4
408869,360,358,4
408880,359,358,4
408890,359,358,4
408900,360,358,4
408910,359,358,4
408920,360,358,4
408931,358,358,4
408941,361,358,4
408951,362,358,4
OSM
408972,339,335,4
408982,342,335,4
408992,340,335,4
409002,342,335,5
409012,343,335,5
409023,343,335,6
409033,345,335,7
409043,353,336,8
409053,341,336,8
409063,341,336,8
409074,342,336,9
409084,342,336,9
409094,341,336,9
409104,341,336,9
409114,341,336,10
409125,341,336,10
409135,346,336,11
409145,341,336,11
409155,341,336,11
409165,345,336,12
409176,341,336,12
409186,341,336,12
409196,340,336,12
409206,342,336,12
409216,343,337,12
409226,340,337,12
409237,344,337,12
409247,342,337,12
409257,339,337,12
409267,343,337,12
409277,342,337,13
409288,341,337,13
409298,341,337,13
409308,344,337,13
409318,343,337,13
409328,344,337,14
409339,342,337,14
409349,342,337,14
409359,342,337,14
409369,343,337,14
409379,340,337,14
409389,342,337,15
409400,342,337,15
409410,340,338,14
409420,343,338,14
409430,344,338,14
409440,342,338,14
409451,343,338,14
409461,342,338,15
409471,345,338,15
409481,344,338,15
409491,342,338,15
409502,341,338,15
409512,341,338,15
409522,344,338,16
409532,343,338,16
409542,340,338,16
409552,344,338,16
409563,340,338,16
409573,343,338,16
409583,342,338,16
409593,340,339,15
409603,342,339,15
409614,344,339,15
409624,342,339,15
409634,343,339,15
409644,341,339,15
409654,345,339,15
409665,342,339,15
409675,341,339,15
409685,343,339,14
409695,342,339,14
409705,343,339,14
409715,343,339,14
409726,342,339,14
409736,343,339,14
409746,344,339,15
409756,355,339,17
409766,332,339,17
409777,341,339,17
409787,345,340,16
409797,342,340,16
409807,342,340,16
409817,343,340,16
409828,341,340,15
409838,344,340,15
409848,340,340,15
409858,342,340,15
409868,344,340,15
409878,343,340,15
409889,344,340,15
409899,343,340,14
409909,340,340,14
409919,341,340,14
409929,343,340,14
409940,343,340,14
409950,341,340,14
409960,341,340,14
409970,344,341,13
409980,343,341,12
409991,341,341,12
410001,342,341,12
410011,344,341,12
410021,342,341,12
410031,340,341,11
410041,341,341,11
410052,340,341,11
410062,340,341,11
410072,342,341,10
410082,341,341,10
410092,342,341,10
410103,343,341,9
410113,342,341,9
410123,344,341,9
410133,342,341,8
410143,343,341,8
410154,341,342,7
410164,341,342,6
410174,342,342,5
410184,343,342,5
SIM
410204,765,740,19
410215,754,740,21
410225,754,740,22
410235,755,740,24
410245,752,740,25
410255,755,740,27
410266,758,740,30
410276,754,740,31
410286,757,740,34
410296,753,741,34
410306,756,741,36
410317,756,741,38
410327,754,741,39
410337,757,741,41
410347,754,741,42
410357,756,741,44
410367,757,741,46
410378,753,742,46
410388,758,742,49
410398,754,742,50
410408,756,742,51
410418,757,742,53
410429,754,742,54
410439,759,742,57
410449,755,742,58
410459,755,743,58
410469,759,743,60
410480,755,743,61
410490,757,743,63
410500,757,743,65
410510,757,743,66
410520,758,743,68
410531,756,744,68
410541,758,744,69
410551,758,744,71
410561,755,744,71
410571,759,744,73
410581,756,744,74
410592,757,744,75
410602,758,745,76
410612,754,745,76
410622,759,745,77
410632,758,745,78
410643,757,745,79
410653,760,745,81
410663,755,746,80
410673,758,746,81
410683,758,746,82
410694,756,746,82
410704,759,746,83
410714,757,746,84
410724,758,746,84
410734,759,747,84
410745,757,747,84
410755,759,747,84
410765,756,747,85
410775,758,747,85
410785,759,747,86
410795,756,748,84
410806,760,748,85
410816,757,748,85
410826,758,748,84
410836,760,748,85
410846,755,748,85
410857,759,749,83
410867,759,749,83
410877,757,749,83
410887,760,749,83
410897,757,749,82
410908,759,749,81
410918,760,750,81
410928,755,750,79
410938,760,750,79
410948,757,750,78
410959,758,750,77
410969,758,750,76
410979,756,751,74
410989,760,751,73
410999,759,751,73
411009,758,751,71
411020,761,751,71
411030,756,752,68
411040,760,752,67
411050,761,752,66
411060,758,752,64
411071,760,752,63
411081,756,752,61
411091,759,753,58
411101,759,753,57
411111,757,753,54
411122,760,753,53
411132,757,753,52
411142,759,753,50
411152,759,754,47
411162,756,754,47
411173,761,754,48
411183,757,754,48
411193,758,754,47
411203,761,754,48
411213,756,754,47
411223,759,754,47
411234,760,754,48
411244,756,754,47
411254,761,754,47
411264,757,754,46
411274,759,755,43
411285,760,755,41
411295,756,755,37
411305,761,755,35
411315,758,755,33
411325,757,756,28
411336,760,756,26
411346,757,756,23
411356,761,756,20
411366,758,756,18
411376,757,756,14
411387,760,757,11
411397,757,757,9
411407,759,757,6
411417,759,757,4
RIM
411437,376,358,5
411448,365,358,6
411458,358,358,5
411468,357,358,5
411478,362,358,6
411488,359,358,6
411498,362,358,6
411509,357,358,5
411519,359,358,5
411529,358,358,5
411539,360,358,6
411549,359,358,6
411560,358,358,5
411570,360,358,5
411580,358,358,5
411590,358,358,5
411600,358,358,5
411611,358,358,5
411621,360,358,5
411631,355,358,5
411641,359,358,5
411651,361,358,6
411661,357,358,6
411672,359,358,6
411682,357,358,6
411692,361,358,6
411702,360,358,6
411712,359,358,6
411723,361,358,6
411733,358,358,6
411743,358,359,4
411753,366,359,5
411763,357,359,5
411773,359,359,5
411784,359,359,5
411794,360,359,5
411804,361,359,5
411814,357,359,5
411824,360,359,5
411835,362,359,5
411845,359,359,5
411855,360,359,5
411865,359,359,5
411875,361,359,5
411886,360,359,5
411896,357,359,5
411906,360,359,5
411916,361,359,5
411926,359,359,5
411936,359,359,5
411947,357,359,5
411957,360,359,5
411967,361,359,5
411977,359,359,5
411987,363,359,5
411998,358,359,5
412008,359,359,5
412018,359,359,5
412028,359,359,5
412038,360,359,5
412048,359,359,5
412059,360,359,5
412069,361,359,5
412079,359,359,5
412089,360,359,5
412099,359,359,5
412110,361,359,5
412120,359,359,5
412130,357,359,5
412140,362,359,5
412150,360,359,5
412161,358,359,5
412171,359,359,5
412181,359,359,5
412191,362,359,5
412201,360,359,5
412211,357,359,5
412222,359,359,5
412232,360,359,5
412242,361,359,5
412252,360,359,5
412262,356,359,5
412273,361,359,5
412283,360,359,5
412293,360,359,5
412303,360,359,5
412313,358,359,5
412323,363,359,5
412334,360,359,5
412344,359,359,5
412354,359,359,5
412364,360,359,5
412374,359,359,5
412385,359,359,5
412395,358,359,5
412405,362,359,5
412415,357,359,5
412425,360,359,5
412436,361,359,5
412446,360,359,5
412456,362,359,5
412466,358,359,5
412476,359,359,5
412486,362,359,5
412497,359,359,5
412507,360,359,5
412517,358,359,5
412527,359,359,5
412537,363,359,5
412548,359,359,5
412558,359,359,5
412568,359,359,5
412578,361,359,5
412588,361,359,5
412598,357,359,5
412609,364,359,5
412619,360,359,5
412629,360,359,5
412639,361,359,5
412649,360,359,5
OSM
412670,340,342,5
412680,341,342,5
412690,345,342,5
412700,341,342,5
412711,339,342,5
412721,342,342,5
412731,339,342,5
412741,342,342,4
412751,343,342,4
412761,341,342,4
412772,342,342,4
412782,341,342,4
412792,339,342,4
412802,342,342,4
412812,344,342,4
412823,343,342,4
412833,340,342,4
412843,341,342,4
412853,346,342,4
412863,340,342,4
412873,340,342,4
412884,339,342,4
412894,343,342,4
412904,343,342,4
412914,338,342,4
412924,341,342,4
412935,342,342,4
412945,339,342,4
412955,342,342,4
412965,343,342,4
412975,338,342,4
412986,344,342,4
412996,340,342,4
413006,343,342,4
413016,340,341,5
413026,339,341,5
413036,342,341,5
413047,341,341,5
413057,341,341,5
413067,342,341,5
413077,341,341,5
413087,342,341,5
413098,342,341,5
413108,343,341,5
413118,340,341,5
413128,339,341,5
413138,342,341,5
413148,342,341,5
413159,341,341,5
413169,345,341,5
413179,340,341,5
413189,340,341,5
413199,341,341,5
413210,339,341,5
413220,340,341,5
413230,341,341,5
413240,339,341,5
413250,341,341,5
413261,343,341,5
413271,343,341,5
413281,340,341,5
413291,340,341,5
413301,342,341,5
413311,342,341,5
413322,342,341,5
413332,341,341,5
413342,342,341,5
413352,342,341,5
413362,340,341,5
413373,341,341,5
413383,342,341,5
413393,339,341,5
413403,344,341,5
413413,344,341,5
413423,342,341,5
413434,343,341,5
413444,340,341,5
413454,345,341,3
413464,341,341,3
413474,342,341,3
413485,343,341,2
413495,343,341,2
413505,343,341,2
413515,340,341,2
413525,341,341,2
413536,343,341,2
413546,341,341,2
413556,343,341,2
413566,343,341,2
413576,344,341,2
413586,343,341,2
413597,342,341,2
413607,341,341,2
413617,342,341,2
413627,340,341,2
413637,345,341,2
413648,342,341,2
413658,343,341,2
413668,344,341,2
413678,342,341,2
413688,345,341,3
413699,343,341,3
413709,340,341,3
413719,343,341,3
413729,345,341,3
413739,343,341,3
413749,341,341,3
413760,340,341,3
413770,344,341,3
413780,345,341,3
413790,335,341,3
413800,341,341,3
413811,343,341,3
413821,344,341,3
413831,340,341,3
413841,342,341,3
413851,346,341,3
413861,343,341,3
413872,344,341,3
413882,341,341,3
SIM
413902,765,757,4
413912,754,757,4
413923,757,757,4
413933,754,757,4
413943,755,757,4
413953,758,757,4
413963,754,757,4
413973,758,757,4
413984,757,757,4
413994,757,757,4
414004,757,757,4
414014,754,757,4
414024,759,757,4
414035,758,757,4
414045,756,757,4
414055,759,757,4
414065,756,757,4
414075,757,757,4
414086,760,757,4
414096,756,757,4
414106,760,757,4
414116,756,757,4
414126,757,757,4
414136,758,757,4
414147,755,757,4
414157,759,757,4
414167,758,757,4
414177,757,757,4
414187,763,757,4
414198,757,757,4
414208,758,757,4
414218,759,757,4
414228,759,757,4
414238,760,757,4
414249,756,757,4
414259,760,758,3
414269,759,758,3
414279,754,757,4
414289,761,758,3
414299,756,758,3
414310,758,758,3
414320,760,758,3
414330,756,758,3
414340,757,758,3
414350,758,758,3
414361,757,758,3
414371,761,758,3
414381,757,758,3
414391,760,758,3
414401,758,758,3
414412,756,758,3
414422,760,758,3
414432,757,758,3
414442,760,758,3
414452,759,758,3
414462,755,758,3
414473,760,758,3
414483,756,758,3
414493,757,758,3
414503,759,758,3
414513,756,758,3
414524,760,758,4
414534,758,758,3
414544,758,758,3
414554,760,758,3
414564,758,758,3
414575,760,758,3
414585,759,758,3
414595,756,758,3
414605,758,758,3
414615,755,758,3
414625,760,758,3
414636,758,758,3
414646,755,758,3
414656,760,758,3
414666,758,758,3
414676,758,758,3
414687,759,758,3
414697,756,758,3
414707,759,758,3
414717,757,758,3
414727,758,758,3
414738,759,758,3
414748,757,758,3
414758,759,758,3
414768,758,758,3
414778,757,758,3
414788,759,758,3
414799,755,757,4
414809,757,757,4
414819,758,757,4
414829,756,757,4
414839,758,757,4
414850,757,757,4
414860,758,757,4
414870,759,757,4
414880,756,757,4
414890,759,757,4
414901,758,757,4
414911,755,757,4
414921,758,757,4
414931,756,757,4
414941,759,757,4
414951,757,757,4
414962,755,757,4
414972,758,757,4
414982,754,757,4
414992,757,757,4
415002,758,757,4
415013,753,757,4
415023,759,757,4
415033,755,757,4
415043,757,757,4
415053,758,757,4
415064,754,757,4
415074,759,757,4
415084,756,757,4
415094,756,757,4
415104,758,757,4
415114,755,757,4
RIM
415135,375,359,5
415145,362,359,5
415155,361,359,5
415165,356,359,5
415175,361,359,5
415186,360,359,5
415196,360,359,5
415206,360,359,5
415216,357,359,5
415226,360,359,5
415237,361,359,5
415247,358,359,5
415257,359,359,5
415267,358,359,5
415277,361,359,5
415288,360,359,5
415298,358,359,5
415308,358,359,5
415318,360,359,5
415328,357,359,5
415338,361,359,5
415349,358,359,5
415359,361,359,5
415369,359,359,5
415379,358,359,5
415389,362,359,5
415400,358,359,5
415410,358,359,5
415420,359,359,5
415430,360,359,5
415440,361,359,5
415450,357,359,4
415461,359,359,4
415471,362,359,4
415481,358,359,4
415491,361,359,4
415501,359,359,4
415512,360,359,4
415522,361,359,4
415532,357,359,4
415542,360,359,4
415552,361,359,4
415563,361,359,4
415573,362,359,4
415583,359,359,4
415593,358,359,4
415603,360,359,4
415613,357,359,4
415624,360,359,4
415634,358,359,4
415644,361,359,4
415654,359,359,4
415664,359,359,4
415675,361,359,4
415685,358,359,4
415695,359,359,4
415705,362,359,4
415715,358,359,4
415725,360,359,4
415736,359,359,4
415746,359,359,4
415756,360,359,4
415766,358,359,4
415776,361,359,4
415787,360,359,4
415797,354,359,5
415807,357,359,5
415817,360,359,5
415827,358,359,5
415837,361,359,5
415848,358,359,5
415858,363,359,5
415868,358,359,5
415878,358,359,5
415888,359,359,5
415899,358,359,5
415909,361,359,5
415919,360,359,5
415929,359,359,5
415939,361,359,5
415950,357,359,5
415960,359,359,5
415970,360,359,5
415980,361,359,5
415990,359,359,5
416000,358,359,5
416011,358,359,5
416021,361,359,4
416031,360,359,4
416041,359,359,4
416051,359,359,4
416062,361,359,4
416072,359,359,4
416082,358,359,5
416092,362,359,5
416102,365,359,5
416112,362,359,5
416123,360,359,5
416133,358,359,5
416143,361,359,5
416153,360,359,5
416163,358,359,5
416174,363,359,5
416184,360,359,5
416194,360,359,5
416204,361,359,5
416214,358,359,5
416225,359,359,5
416235,359,359,5
416245,360,359,5
416255,360,359,5
416265,357,359,5
416275,361,359,5
416286,364,359,5
416296,360,359,5
416306,362,359,5
416316,357,359,5
416326,360,359,5
416337,361,359,5
416347,359,359,5
OSM
416368,342,341,3
416378,338,341,4
416388,341,341,3
416398,342,341,3
416408,341,341,3
416419,342,341,3
416429,341,341,3
416439,341,341,3
416449,340,341,3
416459,343,341,3
416470,342,341,3
416480,338,341,3
416490,342,341,3
416500,343,341,3
416510,340,341,3
416521,342,341,3
416531,341,341,3
416541,343,341,3
416551,340,341,3
416561,343,341,3
416571,340,341,3
416582,341,341,3
416592,340,341,3
416602,339,341,3
416612,340,341,3
416622,342,341,3
416633,340,341,3
416643,338,341,3
416653,344,341,3
416663,339,341,3
416673,340,341,3
416683,341,341,3
416694,341,341,3
416704,342,341,3
416714,340,341,3
416724,342,341,3
416734,343,341,3
416745,339,341,3
416755,340,341,3
416765,341,341,3
416775,343,341,3
416785,341,341,3
416796,353,341,4
416806,332,341,5
416816,338,341,5
416826,341,341,5
416836,342,341,5
416846,339,341,5
416857,341,341,5
416867,338,341,5
416877,340,341,5
416887,343,341,5
416897,339,341,5
416908,343,341,5
416918,341,341,5
416928,340,341,5
416938,339,341,5
416948,341,341,5
416958,344,341,5
416969,343,341,5
416979,339,341,5
416989,339,341,5
416999,340,341,5
417009,342,341,5
417020,342,341,5
417030,340,341,5
417040,339,341,5
417050,341,341,5
417060,341,341,5
417071,342,341,5
417081,342,341,5
417091,339,341,5
417101,341,341,5
417111,342,341,5
417121,341,341,5
417132,340,341,5
417142,340,341,5
417152,342,341,5
417162,341,341,5
417172,343,341,5
417183,342,341,5
417193,341,341,5
417203,341,341,5
417213,342,341,5
417223,341,341,5
417233,339,341,5
417244,339,341,5
417254,341,341,5
417264,343,341,5
417274,338,341,5
417284,341,341,5
417295,340,341,5
417305,343,341,5
417315,341,341,5
417325,339,341,5
417335,341,341,5
417346,339,341,5
417356,344,341,5
417366,342,341,5
417376,338,341,5
417386,343,341,5
417396,355,341,6
417407,344,341,6
417417,340,341,6
417427,340,341,6
417437,340,341,6
417447,340,341,6
417458,343,341,6
417468,340,341,6
417478,338,341,6
417488,342,341,6
417498,341,341,6
417508,340,341,6
417519,343,341,6
417529,338,341,6
417539,342,341,6
417549,341,341,5
417559,341,341,5
417570,341,341,5
417580,352,341,6
SIM
417600,760,757,3
417610,752,757,3
417620,752,757,4
417631,750,757,4
417641,753,757,4
417651,751,757,4
417661,751,757,4
417671,753,757,5
417682,750,757,5
417692,754,757,5
417702,753,757,5
417712,751,757,5
417722,755,757,5
417733,751,757,6
417743,753,757,6
417753,753,756,7
417763,751,756,7
417773,754,756,7
417783,752,756,7
417794,754,756,7
417804,754,756,7
417814,751,756,7
417824,755,756,7
417834,753,756,7
417845,751,756,8
417855,755,756,7
417865,751,756,8
417875,751,756,8
417885,753,756,8
417896,751,756,8
417906,754,756,8
417916,754,756,8
417926,754,756,8
417936,756,756,7
417946,752,756,8
417957,757,756,7
417967,751,756,8
417977,753,756,8
417987,754,756,7
417997,752,755,9
418008,755,755,9
418018,753,755,8
418028,752,755,8
418038,755,755,8
418048,751,755,8
418059,754,755,8
418069,754,755,8
418079,753,755,8
418089,756,755,8
418099,752,755,8
418109,754,755,8
418120,754,755,8
418130,753,755,8
418140,755,755,8
418150,753,755,7
418160,754,755,7
418171,753,755,7
418181,751,755,7
418191,755,755,7
418201,751,755,7
418211,753,755,7
418222,755,755,7
418232,752,755,7
418242,755,755,7
418252,754,755,7
418262,752,754,8
418272,756,754,8
418283,750,754,8
418293,754,754,7
418303,754,754,7
418313,751,754,7
418323,755,754,7
418334,751,754,7
418344,752,754,7
418354,754,754,7
418364,751,754,7
418374,755,754,7
418385,752,754,6
418395,753,754,6
418405,754,754,6
418415,751,754,6
418425,754,754,6
418435,752,754,6
418446,753,754,6
418456,754,754,6
418466,750,754,6
418476,754,754,6
418486,753,754,5
418497,750,754,5
418507,754,753,6
418517,751,753,6
418527,753,753,6
418537,753,753,6
418548,750,753,6
418558,755,753,6
418568,752,753,5
418578,751,753,5
418588,754,753,5
418598,749,753,5
418609,757,753,5
418619,752,753,5
418629,750,753,5
418639,755,753,5
418649,750,753,5
418660,753,753,4
418670,754,753,4
418680,750,753,4
418690,754,753,4
418700,751,753,4
418711,749,753,4
418721,755,753,4
418731,749,753,4
418741,754,753,4
418751,751,753,4
418762,752,752,5
418772,755,752,4
418782,750,752,4
418792,753,752,4
418802,752,752,4
418812,749,752,4
RIM
418833,374,359,5
418843,362,359,5
418853,359,359,5
418863,359,359,4
418873,359,359,4
418884,356,359,4
418894,358,359,4
418904,360,359,4
418914,358,359,4
418924,358,359,4
418935,358,359,4
418945,359,359,4
418955,358,359,4
418965,356,359,5
418975,360,359,4
418986,359,359,4
418996,358,359,4
419006,358,359,4
419016,357,359,4
419026,361,359,4
419036,358,359,4
419047,358,359,4
419057,359,359,4
419067,357,359,4
419077,360,359,4
419087,358,359,4
419098,356,359,4
419108,361,359,4
419118,358,359,5
419128,357,359,5
419138,360,359,5
419149,357,359,5
419159,358,359,5
419169,357,359,4
419179,359,359,4
419189,360,359,4
419199,356,359,5
419210,358,359,5
419220,359,359,4
419230,359,359,4
419240,359,359,4
419250,355,359,5
419261,364,359,5
419271,360,359,5
419281,356,359,5
419291,358,359,5
419301,358,359,5
419311,360,359,5
419322,356,359,5
419332,356,359,5
419342,358,359,5
419352,358,359,5
419362,358,359,5
419373,359,359,5
419383,355,359,5
419393,358,359,5
419403,359,359,5
419413,357,359,5
419424,360,359,5
419434,358,359,5
419444,358,359,5
419454,358,359,5
419464,357,359,5
419474,359,359,5
419485,359,359,5
419495,358,359,5
419505,357,359,5
419515,358,359,5
419525,361,359,5
419536,357,359,5
419546,357,359,5
419556,360,359,5
419566,357,359,5
419576,358,359,5
419586,358,359,5
419597,357,359,5
419607,360,358,6
419617,357,358,6
419627,359,358,6
419637,360,358,6
419648,357,358,6
419658,358,358,6
419668,358,358,6
419678,360,358,5
419688,357,358,5
419699,357,358,5
419709,361,358,6
419719,359,358,5
419729,357,358,5
419739,359,358,5
419749,359,358,5
419760,360,358,5
419770,357,358,5
419780,358,358,5
419790,361,358,5
419800,354,358,5
419811,357,358,5
419821,359,358,5
419831,359,358,5
419841,361,358,5
419851,360,358,5
419862,359,358,5
419872,361,358,5
419882,356,358,5
419892,355,358,5
419902,358,358,5
419912,357,358,5
419923,358,358,5
419933,357,358,5
419943,366,358,5
419953,357,358,5
419963,363,358,5
419974,361,358,5
419984,359,358,5
419994,360,358,5
420004,358,358,5
420014,358,358,5
420024,362,358,5
420035,358,358,5
420045,358,358,5
OSM
420066,337,341,6
420076,343,341,6
420086,343,341,6
420096,341,341,6
420107,340,341,6
420117,341,341,6
420127,344,341,7
420137,343,341,7
420147,341,341,7
420157,345,341,7
420168,344,341,7
420178,340,341,7
420188,343,341,7
420198,344,341,7
420208,341,341,7
420219,340,341,7
420229,341,341,7
420239,344,341,7
420249,340,341,7
420259,341,341,7
420269,343,341,7
420280,340,341,7
420290,344,341,7
420300,342,341,7
420310,340,341,7
420320,342,341,7
420331,343,341,7
420341,341,341,7
420351,341,341,7
420361,342,341,7
420371,355,341,8
420382,342,341,8
420392,343,341,8
420402,342,341,8
420412,342,341,8
420422,344,341,8
420432,341,341,8
420443,343,341,8
420453,343,341,8
420463,342,341,8
420473,342,341,8
420483,340,341,8
420494,343,341,7
420504,344,341,7
420514,341,341,7
420524,341,341,7
420534,341,341,6
420545,341,341,6
420555,346,341,7
420565,345,341,7
420575,344,341,7
420585,342,341,7
420595,343,341,7
420606,345,341,7
420616,342,341,7
420626,342,341,7
420636,345,341,7
420646,345,341,7
420657,344,341,7
420667,340,341,7
420677,343,341,7
420687,346,341,7
420697,341,341,7
420707,343,341,7
420718,343,341,7
420728,345,342,6
420738,344,342,6
420748,342,342,6
420758,344,342,6
420769,343,342,6
420779,342,342,6
420789,344,342,6
420799,344,342,6
420809,344,342,6
420820,341,342,6
420830,344,342,6
420840,344,342,6
420850,344,342,6
420860,344,342,6
420870,345,342,7
420881,341,342,7
420891,355,342,8
420901,345,342,8
420911,345,342,8
420921,341,342,8
420932,342,342,8
420942,344,342,8
420952,342,342,8
420962,343,342,8
420972,343,342,8
420982,342,342,8
420993,342,342,8
421003,345,342,8
421013,345,342,8
421023,343,342,8
421033,342,342,8
421044,357,342,10
421054,343,342,10
421064,344,342,10
421074,345,342,10
421084,341,342,10
421095,343,342,8
421105,342,342,8
421115,342,342,8
421125,346,342,8
421135,342,342,8
421145,341,342,8
421156,343,342,8
421166,342,342,8
421176,347,342,8
421186,344,342,8
421196,341,342,8
421207,344,343,7
421217,335,342,9
421227,342,342,9
421237,344,343,8
421247,343,343,8
421258,342,343,7
421268,342,343,7
421278,341,342,8
SIM
421298,765,752,5
421308,760,752,5
421319,758,752,6
421329,758,753,5
421339,759,753,5
421349,757,753,5
421359,760,753,6
421369,758,753,6
421380,757,753,6
421390,761,753,6
421400,757,753,6
421410,760,753,7
421420,760,753,7
421431,756,753,7
421441,760,753,8
421451,759,753,8
421461,759,753,8
421471,760,753,9
421482,758,753,9
421492,763,753,10
421502,759,753,10
421512,760,754,9
421522,760,754,10
421532,759,754,10
421543,761,754,10
421553,760,754,10
421563,759,754,11
421573,763,754,11
421583,759,754,11
421594,761,754,12
421604,762,754,12
421614,759,754,12
421624,762,754,13
421634,759,754,13
421645,761,754,14
421655,762,754,14
421665,758,754,14
421675,762,754,15
421685,760,755,14
421696,760,755,14
421706,761,755,14
421716,758,755,14
421726,763,755,15
421736,762,755,15
421746,759,755,15
421757,762,755,16
421767,758,755,16
421777,762,755,16
421787,761,755,16
421797,759,755,16
421808,766,755,17
421818,760,755,18
421828,761,755,18
421838,762,755,18
421848,760,756,17
421859,762,756,18
421869,760,756,18
421879,760,756,18
421889,763,756,18
421899,758,756,18
421910,762,756,18
421920,761,756,18
421930,760,756,18
421940,762,756,19
421950,760,756,19
421960,761,756,19
421971,761,756,19
421981,760,756,19
421991,763,756,19
422001,761,756,19
422011,761,757,18
422022,761,757,18
422032,760,757,18
422042,762,757,18
422052,759,757,18
422062,760,757,18
422073,763,757,18
422083,760,757,18
422093,762,757,18
422103,760,757,18
422113,760,757,18
422124,763,757,18
422134,759,757,18
422144,760,757,18
422154,760,757,18
422164,759,758,17
422174,762,758,17
422185,760,758,16
422195,762,758,16
422205,761,758,16
422215,759,758,15
422225,762,758,15
422236,760,758,15
422246,760,758,15
422256,761,758,15
422266,760,758,14
422276,762,758,14
422287,761,758,14
422297,759,758,13
422307,762,758,14
422317,759,759,12
422327,761,759,12
422338,761,759,11
422348,758,759,11
422358,761,759,11
422368,759,759,10
422378,761,759,10
422388,762,759,10
422399,758,759,9
422409,762,759,8
422419,759,759,8
422429,761,759,7
422439,761,759,7
422450,758,759,7
422460,763,760,5
422470,761,760,5
422480,759,760,4
422490,761,760,4
422501,757,760,3
422511,762,760,2
RIM
422531,372,358,5
422541,361,358,4
422551,359,358,4
422562,359,358,4
422572,357,358,4
422582,357,358,4
422592,360,358,4
422602,358,358,4
422613,357,358,4
422623,359,358,4
422633,359,358,4
422643,360,358,5
422653,359,358,5
422663,357,358,4
422674,359,358,4
422684,358,358,4
422694,360,358,4
422704,357,358,4
422714,358,358,4
422725,358,358,4
422735,358,358,4
422745,356,358,4
422755,355,358,5
422765,357,358,5
422776,362,358,5
422786,360,358,5
422796,360,358,5
422806,358,358,5
422816,357,358,5
422826,361,358,5
422837,360,358,5
422847,360,358,5
422857,360,358,5
422867,357,358,5
422877,361,358,5
422888,360,358,5
422898,358,358,5
422908,361,358,5
422918,356,358,5
422928,359,358,5
422938,360,358,5
422949,357,358,5
422959,361,358,5
422969,360,358,5
422979,358,358,5
422989,362,358,5
423000,357,358,5
423010,360,358,5
423020,360,358,5
423030,359,358,5
423040,362,358,5
423050,359,358,5
423061,361,358,5
423071,361,358,5
423081,358,358,5
423091,361,358,5
423101,359,358,5
423112,359,358,5
423122,359,358,5
423132,359,358,5
423142,361,358,5
423152,362,358,5
423163,360,358,5
423173,361,358,5
423183,357,358,5
423193,360,358,5
423203,360,359,4
423213,359,359,4
423224,361,359,4
423234,357,359,4
423244,360,359,4
423254,361,359,4
423264,359,359,4
423275,360,359,4
423285,359,359,4
423295,360,359,4
423305,359,359,4
423315,357,359,4
423325,360,359,4
423336,358,359,4
423346,359,359,4
423356,361,359,4
423366,359,359,4
423376,359,359,4
423387,358,359,4
423397,359,359,4
423407,360,359,4
423417,356,359,4
423427,360,359,4
423438,360,359,4
423448,357,359,4
423458,366,359,5
423468,358,359,5
423478,358,359,5
423488,360,359,5
423499,359,359,4
423509,360,359,4
423519,356,359,4
423529,359,359,4
423539,361,359,4
423550,354,359,5
423560,360,359,5
423570,360,359,5
423580,360,359,4
423590,360,359,4
423600,357,359,4
423611,359,359,4
423621,358,359,4
423631,360,359,4
423641,367,359,4
423651,359,359,4
423662,361,359,4
423672,358,359,4
423682,358,359,4
423692,361,359,4
423702,359,359,4
423713,359,359,4
423723,361,359,4
423733,358,359,4
423743,360,359,4
OSM
423764,339,342,8
423774,345,342,8
423784,342,342,8
423794,344,342,8
423805,341,343,7
423815,342,343,7
423825,340,342,8
423835,342,342,8
423845,344,342,8
423855,341,342,8
423866,341,342,8
423876,340,342,8
423886,340,342,8
423896,342,342,8
423906,340,342,8
423917,339,342,8
423927,341,342,8
423937,342,342,8
423947,339,342,8
423957,342,342,8
423967,342,342,8
423978,341,342,8
423988,342,342,8
423998,342,342,8
424008,341,342,8
424018,341,342,8
424029,342,342,8
424039,342,342,8
424049,341,342,8
424059,343,342,8
424069,343,342,6
424079,343,342,6
424090,344,342,6
424100,340,342,6
424110,340,342,6
424120,341,342,6
424130,339,342,6
424141,343,342,6
424151,338,342,6
424161,342,342,6
424171,344,342,6
424181,339,342,6
424192,341,342,6
424202,333,342,7
424212,340,342,7
424222,342,342,7
424232,344,342,7
424242,341,342,7
424253,343,342,7
424263,339,342,7
424273,343,342,7
424283,341,342,7
424293,342,342,7
424304,341,342,7
424314,341,342,7
424324,343,342,7
424334,340,342,7
424344,340,342,7
424354,342,342,7
424365,341,342,7
424375,341,342,7
424385,340,342,7
424395,343,342,7
424405,332,342,8
424416,339,342,8
424426,340,342,8
424436,342,342,8
424446,342,342,8
424456,340,342,8
424467,354,342,9
424477,344,342,9
424487,342,342,9
424497,339,342,9
424507,342,342,9
424518,339,342,9
424528,340,342,9
424538,341,342,9
424548,341,342,9
424558,341,341,10
424568,343,341,10
424579,341,341,10
424589,343,341,8
424599,340,341,8
424609,340,341,8
424619,341,341,8
424630,341,341,8
424640,343,341,8
424650,340,341,8
424660,342,341,8
424670,341,341,8
424680,338,341,8
424691,340,341,8
424701,340,341,8
424711,342,341,7
424721,341,341,7
424731,340,341,7
424742,341,341,5
424752,339,341,5
424762,341,341,5
424772,345,341,5
424782,340,341,5
424793,342,341,5
424803,340,341,5
424813,341,341,5
424823,339,341,5
424833,337,341,5
424843,341,341,5
424854,340,341,5
424864,341,341,5
424874,339,341,5
424884,341,341,5
424894,338,341,5
424905,340,341,5
424915,338,341,5
424925,339,341,5
424935,340,341,5
424945,344,341,5
424955,339,341,5
424966,342,341,5
424976,341,341,5
SIM
424996,759,760,2
425006,753,760,3
425017,748,760,4
425027,750,760,5
425037,749,760,6
425047,749,759,7
425057,752,759,8
425067,748,759,9
425078,751,759,9
425088,752,759,10
425098,749,759,11
425108,751,759,11
425118,747,759,12
425129,750,759,13
425139,752,759,13
425149,748,759,14
425159,752,759,15
425169,751,759,15
425180,749,759,16
425190,751,758,17
425200,748,758,18
425210,751,758,18
425220,750,758,19
425231,748,758,20
425241,751,758,20
425251,748,758,21
425261,751,758,21
425271,751,758,22
425281,747,758,23
425292,752,758,23
425302,749,757,24
425312,750,757,25
425322,751,757,25
425332,748,757,25
425343,751,757,25
425353,748,757,26
425363,751,757,26
425373,751,757,26
425383,749,757,27
425394,753,757,27
425404,747,757,27
425414,748,756,29
425424,751,756,29
425434,749,756,29
425445,751,756,29
425455,750,756,29
425465,748,756,30
425475,751,756,30
425485,749,756,30
425495,750,756,30
425506,751,756,29
425516,748,756,30
425526,751,755,31
425536,748,755,31
425546,751,755,31
425557,751,755,30
425567,748,755,30
425577,750,755,30
425587,748,755,30
425597,748,755,31
425608,752,755,30
425618,749,755,30
425628,750,755,30
425638,749,754,31
425648,748,754,31
425659,751,754,31
425669,752,754,30
425679,750,754,30
425689,752,754,30
425699,749,754,29
425709,751,754,29
425720,749,754,29
425730,749,754,29
425740,752,754,28
425750,747,753,29
425760,752,753,29
425771,750,753,28
425781,749,753,28
