Polling for available serial device...
Opening serial monitor for com port: "/dev/ttyACM0"
Serial monitor opened successfully:
42430,312,312,5
42440,311,312,5
42450,315,312,5
42460,313,312,5
42470,314,312,5
42481,313,312,5
42491,313,312,5
42501,314,312,5
42511,314,312,5
42521,315,312,5
42531,314,312,5
42542,314,312,5
42552,316,312,5
42562,312,312,5
42572,313,312,5
42582,313,312,5
42593,313,312,5
42603,316,312,4
42613,316,312,5
42623,309,312,5
42633,312,312,5
42643,313,312,5
42654,314,312,5
42664,313,312,4
42674,315,312,5
42684,315,312,5
42694,314,312,5
42705,315,312,5
42715,312,312,5
42725,313,312,5
42735,315,312,5
42745,313,312,5
42755,315,312,5
42766,314,312,5
42776,314,312,5
42786,314,312,5
42796,312,312,5
42806,314,312,5
42817,316,312,5
42827,313,312,5
42837,314,312,5
42847,312,312,5
42857,312,312,5
42867,313,312,5
42878,312,312,5
42888,315,312,5
42898,317,312,5
42908,312,312,5
42918,315,312,5
42929,311,312,5
42939,314,312,5
42949,315,312,5
42959,314,312,5
42969,315,312,5
42979,312,312,5
42990,313,312,5
43000,313,312,5
43010,310,312,5
43020,314,312,5
43030,313,312,5
43041,315,312,5
43051,313,312,5
43061,314,312,5
43071,314,312,5
OSM
43092,242,241,3
43102,244,241,3
43112,241,241,3
43122,241,241,3
43132,242,241,3
43143,242,241,3
43153,244,241,3
43163,241,241,3
43173,240,241,3
43183,241,241,3
43194,241,241,3
43204,242,241,3
43214,242,241,3
43224,242,241,3
43234,241,241,3
43244,240,241,3
43255,242,241,3
43265,244,241,3
43275,238,241,3
43285,240,241,3
43295,233,241,3
43306,243,241,3
43316,239,241,3
43326,241,241,3
43336,242,241,3
43346,244,241,3
43356,241,241,3
43367,242,241,3
43377,241,241,3
43387,242,241,3
43397,243,241,3
43407,243,241,3
43418,244,241,3
43428,239,241,3
43438,244,241,3
43448,241,241,3
43458,241,241,3
43468,241,241,3
43479,242,241,3
43489,242,241,3
43499,242,241,3
43509,238,241,3
43519,240,241,3
43530,241,241,3
43540,242,241,3
43550,240,241,3
43560,241,241,3
43570,242,241,3
43580,241,241,3
43591,239,241,3
43601,241,241,3
43611,243,241,3
43621,242,241,3
43631,243,241,3
43642,240,241,3
43652,244,241,3
43662,240,241,3
43672,242,241,3
43682,241,241,3
43692,241,241,3
43703,243,241,3
43713,241,241,3
43723,241,241,3
43733,242,241,3
43743,241,241,3
43754,246,241,3
43764,240,241,3
43774,240,241,3
43784,245,241,3
43794,243,241,3
43804,242,241,3
43815,254,241,5
43825,242,241,5
43835,243,241,5
43845,242,241,5
43855,239,241,5
43866,240,241,5
43876,242,241,5
43886,242,241,5
43896,241,241,5
43906,241,241,5
43916,241,241,5
43927,243,241,5
43937,243,241,5
43947,239,241,5
43957,241,241,5
43967,242,241,5
43978,242,241,5
43988,242,241,5
43998,242,241,5
44008,241,241,5
44018,246,241,5
44028,241,241,5
44039,239,241,5
44049,241,241,5
44059,244,241,5
44069,242,241,5
44079,240,241,4
44090,241,241,4
44100,242,241,4
44110,238,241,4
44120,240,241,4
44130,241,241,4
44140,241,241,4
44151,243,241,4
44161,239,241,4
44171,244,241,4
44181,241,241,4
44191,244,241,4
44202,242,241,4
44212,240,241,4
44222,241,241,4
44232,244,241,4
44242,241,241,4
44252,242,241,4
44263,241,241,4
44273,243,241,4
44283,245,241,4
44293,241,241,4
44303,239,241,4
SIM
44324,604,597,8
44334,594,597,8
44344,589,597,8
44354,595,597,8
44364,591,597,8
44375,591,597,8
44385,595,597,8
44395,590,597,9
44405,594,597,9
44415,594,597,9
44425,590,597,9
44436,596,597,9
44446,592,597,9
44456,594,597,9
44466,595,597,9
44476,591,597,9
44487,595,597,9
44497,593,597,9
44507,593,597,9
44517,595,597,9
44527,592,597,10
44538,597,597,9
44548,594,597,9
44558,594,597,10
44568,597,597,10
44578,592,597,10
44588,595,597,10
44599,596,597,10
44609,594,597,10
44619,599,597,10
44629,593,597,10
44639,596,597,10
44650,597,597,10
44660,592,597,10
44670,598,597,10
44680,593,597,10
44690,595,597,10
44700,597,597,10
44711,593,597,10
44721,599,597,10
44731,597,597,10
44741,596,597,10
44751,599,597,10
44762,594,597,10
44772,598,597,10
44782,597,597,10
44792,592,597,10
44802,599,597,10
44813,594,597,10
44823,598,597,10
44833,598,597,10
44843,593,597,11
44853,599,597,10
44863,595,597,10
44874,596,597,10
44884,600,597,11
44894,594,597,11
44904,599,597,11
44914,596,597,11
44925,595,597,10
44935,598,597,10
44945,594,597,11
44955,600,597,11
44965,598,597,11
44976,593,596,12
44986,600,597,11
44996,595,596,12
45006,598,596,12
45016,599,596,12
45027,596,596,11
45037,600,596,11
45047,595,596,11
45057,599,596,11
45067,599,596,11
45077,595,596,11
45088,600,596,11
45098,598,596,11
45108,597,596,11
45118,603,596,12
45128,595,596,12
45139,600,596,12
45149,599,596,12
45159,596,596,12
45169,601,596,12
45179,594,596,12
45190,599,596,11
45200,599,596,12
45210,595,596,11
45220,601,596,12
45230,597,596,12
45240,598,596,11
45251,599,596,11
45261,595,596,10
45271,601,596,9
45281,597,596,9
45291,597,596,9
45302,600,596,9
45312,594,596,9
45322,599,596,9
45332,597,596,9
45342,594,596,9
45352,601,596,9
45363,594,596,9
45373,598,596,9
45383,603,596,9
45393,595,596,9
45403,601,596,9
45414,595,596,9
45424,597,596,9
45434,599,596,9
45444,595,596,9
45454,601,596,9
45464,598,596,9
45475,595,596,9
45485,601,596,9
45495,594,596,9
45505,599,596,9
45515,598,596,9
45526,595,596,9
45536,601,596,9
RIM
45556,330,312,6
45566,315,312,6
45576,310,312,6
45587,313,312,6
45597,313,312,6
45607,313,312,6
45617,312,312,6
45627,309,312,6
45638,313,312,6
45648,313,312,6
45658,311,312,6
45668,311,312,6
45678,310,312,6
45689,312,312,6
45699,313,312,6
45709,312,312,6
45719,314,312,6
45729,311,312,6
45739,312,312,6
45750,315,312,6
45760,313,312,6
45770,314,313,5
45780,311,313,5
45790,311,312,6
45801,312,312,6
45811,312,313,5
45821,315,313,5
45831,314,313,5
45841,313,313,5
45851,313,313,5
45862,312,313,5
45872,315,313,5
45882,314,313,5
45892,310,313,5
45902,312,313,5
45913,311,313,5
45923,313,313,5
45933,313,313,5
45943,313,313,5
45953,315,313,5
45963,313,313,5
45974,314,313,5
45984,315,313,5
45994,313,313,5
46004,314,313,5
46014,312,313,5
46025,314,313,5
46035,315,313,5
46045,313,313,5
46055,314,313,5
46065,314,313,5
46076,311,313,5
46086,313,313,4
46096,313,313,4
46106,315,313,4
46116,313,313,4
46130,311,313,4
46140,314,313,4
46150,314,313,4
46160,313,313,4
46170,314,313,4
46180,311,313,4
46191,314,313,4
46201,315,313,4
46211,312,313,4
46221,313,313,4
46231,312,313,4
46242,314,313,4
46252,315,313,4
46262,313,313,4
46272,316,313,4
46282,315,313,4
46292,312,313,4
46303,313,313,4
46313,313,313,4
46323,314,313,4
46333,314,313,4
46343,313,313,4
46354,316,313,4
46364,315,313,4
46374,313,313,4
46384,312,313,4
46394,311,313,4
46404,314,313,4
46415,315,313,4
46425,313,313,4
46435,314,313,4
46445,311,313,4
46455,312,313,4
46466,313,313,4
46476,312,313,4
46486,315,313,4
46496,314,313,4
46506,315,313,4
46516,313,313,4
46527,313,313,4
46537,315,313,4
46547,315,313,4
46557,313,313,4
46567,314,313,4
46578,313,313,4
46588,313,313,4
46598,312,313,4
46608,313,313,4
46618,316,313,4
46628,313,313,4
46639,312,313,4
46649,313,313,4
46659,314,313,4
46669,316,313,4
46679,313,313,4
46690,312,313,4
46700,315,313,4
46710,314,313,4
46720,315,313,4
46730,313,313,4
46740,313,313,4
46751,315,313,4
46761,312,313,4
46771,313,313,4
OSM
46792,239,241,4
46802,242,241,4
46812,241,241,4
46822,243,241,4
46832,241,241,4
46843,241,241,4
46853,243,241,4
46863,243,241,4
46873,254,241,6
46883,242,241,6
46894,241,241,6
46904,242,241,6
46914,240,241,6
46924,241,241,6
46934,243,241,6
46944,242,241,6
46955,241,241,6
46965,243,241,6
46975,241,241,5
46985,242,241,5
46995,239,241,5
47006,243,241,5
47016,243,241,5
47026,239,241,5
47036,241,241,5
47046,241,241,5
47057,240,241,5
47067,240,241,5
47077,240,241,5
47087,243,241,5
47097,243,241,5
47107,241,241,5
47118,242,241,5
47128,240,241,5
47138,239,241,5
47148,242,241,5
47158,241,241,5
47169,244,241,5
47179,241,241,5
47189,242,241,5
47199,243,241,5
47209,241,241,5
47219,242,241,5
47230,242,241,5
47240,235,241,5
47250,242,241,5
47260,240,241,5
47270,240,241,5
47281,240,241,5
47291,238,241,5
47301,242,241,5
47311,241,241,5
47321,244,241,5
47331,242,241,5
47342,240,241,5
47352,244,241,5
47362,241,241,5
47372,241,241,5
47382,239,241,5
47393,239,241,5
47403,241,241,5
47413,243,241,5
47423,242,241,5
47433,241,241,5
47443,241,241,5
47454,240,241,5
47464,239,241,5
47474,242,241,5
47484,244,241,5
47494,241,241,5
47505,240,241,5
47515,243,241,4
47525,238,241,4
47535,243,241,4
47545,239,241,4
47555,242,241,4
47566,242,241,4
47576,241,241,4
47586,242,241,4
47596,239,241,4
47606,241,241,4
47617,243,241,4
47627,240,241,4
47637,243,241,4
47647,243,241,4
47657,242,241,4
47667,242,241,4
47678,240,241,4
47688,243,241,4
47698,243,241,4
47708,239,241,4
47718,241,241,4
47729,241,241,4
47739,241,241,4
47749,242,241,4
47759,239,241,4
47769,242,241,4
47779,241,241,4
47790,242,241,4
47800,244,241,4
47810,241,241,4
47820,242,241,4
47830,239,241,4
47841,240,241,4
47851,242,241,4
47861,240,241,4
47871,241,241,3
47881,243,241,3
47891,241,241,3
47902,243,241,3
47912,254,241,5
47922,241,241,5
47932,241,241,5
47942,241,241,5
47953,245,241,5
47963,239,241,5
47973,244,241,5
47983,242,241,5
47993,240,241,5
48003,240,241,5
SIM
48024,603,596,9
48034,595,596,9
48044,589,596,9
48054,593,596,9
48065,591,596,9
48075,590,596,9
48085,596,596,9
48095,588,596,9
48105,593,596,9
48115,593,596,9
48126,591,596,9
48136,595,596,9
48146,591,596,9
48156,595,596,9
48166,596,596,9
48177,591,596,9
48187,598,596,9
48197,592,596,9
48207,594,596,9
48217,595,596,9
48227,591,596,9
48238,599,596,9
48248,594,596,9
48258,592,596,9
48268,598,596,9
48278,591,596,9
48289,596,596,9
48299,596,596,9
48309,592,596,9
48319,598,596,9
48329,592,596,9
48339,596,596,9
48350,597,596,9
48360,593,596,9
48370,598,596,9
48380,594,596,9
48390,593,596,9
48401,597,596,9
48411,592,596,9
48421,598,596,9
48431,596,596,9
48441,594,596,9
48451,599,596,9
48462,593,596,9
48472,598,596,9
48482,598,596,10
48492,595,596,9
48502,598,596,9
48513,593,596,9
48523,598,596,9
48533,598,596,9
48543,594,596,9
48553,601,596,9
48564,595,596,9
48574,597,596,9
48584,598,596,9
48594,594,596,9
48604,600,596,9
48614,597,596,9
48625,598,596,9
48635,600,596,10
48645,593,596,10
48655,599,596,10
48665,598,596,10
48676,595,596,10
48686,600,596,10
48696,596,596,9
48706,598,596,9
48716,598,596,9
48726,595,596,9
48737,600,596,9
48747,594,596,9
48757,597,596,9
48767,598,596,9
48777,594,596,9
48788,599,596,9
48798,597,596,9
48808,595,596,9
48818,600,596,9
48828,594,596,9
48839,599,596,9
48849,598,596,9
48859,595,596,9
48869,601,596,9
48879,594,596,9
48889,598,596,9
48900,599,596,9
48910,595,596,9
48920,601,596,9
48930,596,596,9
48940,598,596,9
48951,599,596,9
48961,595,596,9
48971,601,596,9
48981,596,596,9
48991,596,596,9
49001,602,596,9
49012,595,596,9
49022,599,596,9
49032,597,596,9
49042,595,596,9
49052,600,596,9
49063,595,596,9
49073,598,596,9
49083,598,596,9
49093,595,596,9
49103,601,596,9
49113,596,596,9
49124,599,596,9
49134,600,596,9
49144,596,596,9
49154,600,596,9
49164,597,596,9
49175,595,596,9
49185,600,596,8
49195,595,596,8
49205,599,596,8
49215,598,596,8
49226,596,596,8
49236,601,596,8
RIM
49256,330,313,4
49266,313,313,4
49276,312,313,4
49287,314,313,4
49297,313,313,4
49307,314,313,4
49317,314,313,4
49327,312,313,4
49337,312,313,4
49348,314,313,4
49358,314,313,4
49368,314,313,4
49378,311,313,4
49388,312,313,4
49399,313,313,4
49409,313,313,4
49419,315,313,4
49429,312,313,4
49439,312,313,4
49449,313,313,4
49460,308,313,4
49470,314,313,4
49480,311,313,4
49490,313,313,4
49500,314,313,4
49511,313,313,4
49521,314,313,4
49531,312,313,4
49541,312,313,4
49551,314,313,4
49561,313,313,4
49572,312,313,4
49582,313,313,4
49592,312,313,4
49602,315,313,4
49612,313,313,4
49623,314,313,4
49633,315,313,4
49643,314,313,4
49653,313,313,4
49663,312,313,4
49673,314,313,4
49684,313,313,4
49694,311,313,4
49704,313,313,4
49714,312,313,4
49724,315,313,4
49735,315,313,4
49745,312,313,4
49755,314,313,4
49765,315,313,4
49775,314,313,4
49785,314,313,4
49796,313,313,4
49806,315,313,4
49816,316,313,4
49826,312,313,4
49836,313,313,4
49847,311,313,4
49857,314,313,4
49867,313,313,4
49877,312,313,4
49887,315,313,4
49897,314,313,4
49908,312,313,4
49918,314,313,4
49928,313,313,4
49938,316,313,4
49948,315,313,4
49959,313,313,4
49969,313,313,4
49979,310,313,4
49989,313,313,4
49999,314,313,4
50009,314,313,4
50020,312,313,4
50030,312,313,4
50040,315,313,4
50050,315,313,4
50060,313,313,4
50071,314,313,4
50081,314,313,4
50091,314,313,4
50101,314,313,4
50111,312,313,4
50121,313,313,4
50132,314,313,4
50142,313,313,4
50152,312,313,4
50162,312,313,4
50172,315,313,4
50183,315,313,4
50193,311,313,4
50203,314,313,4
50213,310,313,4
50223,315,313,4
50234,315,313,4
50244,313,313,4
50254,315,313,4
50264,314,313,4
50274,313,313,4
50284,313,313,4
50295,312,313,4
50305,313,313,4
50315,312,313,4
50325,313,313,4
50335,316,313,4
50346,314,313,4
50356,314,313,4
50366,315,313,4
50376,314,313,4
50386,314,313,4
50396,313,313,4
50407,312,313,4
50417,314,313,4
50427,312,313,4
50437,314,313,4
50447,311,313,4
50457,312,313,4
50468,315,313,4
OSM
50489,241,241,5
50499,239,241,5
50509,240,241,5
50519,243,241,5
50529,243,241,5
50540,242,241,5
50550,244,241,5
50560,239,241,5
50570,242,241,3
50580,240,241,3
50591,241,241,3
50601,244,241,4
50611,240,241,4
50621,242,241,4
50631,240,241,4
50642,242,241,4
50652,241,241,4
50662,240,241,4
50672,242,241,4
50682,235,241,4
50692,242,241,4
50703,243,241,4
50713,241,241,4
50723,240,241,4
50733,241,241,4
50743,243,241,4
50754,244,241,4
50764,244,241,4
50774,241,241,4
50784,241,241,4
50794,241,241,4
50804,241,241,4
50815,240,241,4
50825,241,241,4
50835,242,241,4
50845,239,241,4
50855,241,241,4
50866,242,241,4
50876,240,241,4
50886,241,241,4
50896,240,241,4
50906,244,241,4
50916,241,241,4
50927,241,241,4
50937,242,241,3
50947,242,241,3
50957,241,241,3
50967,240,241,3
50978,241,241,3
50988,242,241,3
50998,239,241,3
51008,241,241,3
51018,244,241,3
51028,242,241,3
51039,241,241,3
51049,241,241,3
51059,242,241,3
51069,242,241,3
51079,243,241,3
51090,243,241,3
51100,242,241,3
51110,238,241,3
51120,243,241,3
51130,242,241,3
51140,242,241,3
51151,240,241,3
51161,241,241,3
51171,254,241,5
51181,241,241,5
51191,239,241,5
51202,242,241,5
51212,243,241,5
51222,243,241,5
51232,240,241,5
51242,239,241,5
51252,240,241,5
51263,241,241,5
51273,242,241,5
51283,244,241,5
51293,241,241,5
51303,243,241,5
51314,239,241,5
51324,244,241,5
51334,242,241,5
51344,239,241,5
51354,242,241,5
51364,241,241,5
51375,241,241,5
51385,243,241,5
51395,242,241,5
51405,242,241,5
51415,241,241,5
51426,239,241,5
51436,245,241,5
51446,242,241,5
51456,241,241,5
51466,240,241,5
51476,240,241,5
51487,243,241,5
51497,244,241,5
51507,241,241,5
51517,243,241,5
51527,242,241,5
51538,240,241,5
51548,240,241,5
51558,241,241,5
51568,242,241,5
51578,239,241,5
51588,240,241,5
51599,242,241,5
51609,239,241,4
51619,243,241,4
51629,243,241,4
51639,241,241,4
51650,242,241,3
51660,242,241,3
51670,245,241,4
51680,242,241,4
51690,242,241,4
51700,242,241,4
SIM
51721,605,596,9
51731,592,596,9
51741,590,596,9
51751,597,596,9
51761,589,596,9
51772,593,596,9
51782,591,596,9
51792,589,596,9
51802,596,596,9
51812,590,596,9
51823,594,596,9
51833,594,596,9
51843,590,596,9
51853,595,596,9
51863,591,596,9
51873,593,596,9
51884,594,596,9
51894,590,596,9
51904,595,596,9
51914,592,596,9
51924,593,596,9
51935,597,596,9
51945,591,596,9
51955,595,596,9
51965,595,596,9
51975,593,596,9
51986,597,596,9
51996,593,596,9
52006,596,596,9
52016,595,596,9
52026,593,596,9
52036,598,596,9
52047,593,596,9
52057,597,596,9
52067,597,596,9
52077,592,596,9
52087,598,596,9
52098,595,596,9
52108,594,596,9
52118,598,596,9
52128,592,596,9
52138,597,596,9
52148,593,596,9
52159,595,596,9
52169,599,596,9
52179,594,596,9
52189,598,596,9
52199,598,596,9
52210,594,596,9
52220,598,596,9
52230,595,596,9
52240,598,596,9
52250,601,596,9
52260,595,596,9
52271,599,596,9
52281,594,596,9
52291,597,596,9
52301,600,596,9
52311,593,596,9
52322,599,596,9
52332,596,596,9
52342,595,596,9
52352,599,596,9
52362,593,596,9
52372,599,596,9
52383,600,596,9
52393,595,596,9
52403,600,596,9
52413,595,596,9
52423,598,596,9
52434,597,596,9
52444,594,596,9
52454,599,596,9
52464,596,596,9
52474,596,596,9
52484,599,596,9
52495,594,596,9
52505,600,596,9
52515,598,596,9
52525,597,596,9
