Polling for available serial device...
Opening serial monitor for com port: "/dev/ttyACM0"
Serial monitor opened successfully:
131932,261,256,10
131942,259,256,10
131952,257,256,10
131962,258,256,10
131972,260,256,10
131982,258,256,10
131993,260,257,9
132003,258,257,9
132013,256,257,9
132023,258,257,9
132033,257,257,9
132044,259,257,9
132054,261,257,9
132064,256,257,9
132074,257,257,9
132084,257,257,9
132095,260,257,8
132105,259,257,8
132115,259,257,8
132125,259,257,8
132135,259,257,8
132145,260,257,8
132156,260,257,8
132166,256,257,8
132176,260,257,8
132186,259,257,8
132196,259,257,8
132207,258,257,8
132217,259,257,8
132227,260,257,8
132237,260,257,8
132247,257,257,8
132257,260,257,8
132268,257,257,8
132278,258,257,8
132288,261,257,9
132298,258,257,8
132308,261,258,7
132319,259,258,7
132329,257,258,7
132339,252,258,7
132349,259,258,7
132359,260,258,7
132370,259,258,7
132380,258,258,7
132390,259,258,7
132400,272,258,8
132410,272,258,10
132420,258,258,10
132431,259,258,10
132441,259,258,10
132451,257,258,10
132461,258,258,9
132471,252,258,10
132482,258,258,10
132492,257,258,10
132502,259,258,10
132512,260,258,10
132522,259,258,10
132533,257,258,10
132543,257,258,9
132553,259,258,9
132563,259,258,9
132573,259,258,9
132583,261,258,9
132594,260,258,9
132604,261,258,9
132614,256,258,9
132624,260,258,9
132634,259,258,9
132645,257,258,9
132655,259,258,9
132665,259,258,9
132675,261,258,9
132685,257,258,9
132695,258,258,9
132706,257,258,9
132716,259,258,8
132726,260,258,8
132736,258,258,8
132746,259,258,8
132757,261,258,8
132767,256,258,8
132777,259,258,8
132787,260,258,8
132797,258,258,8
132808,257,258,8
132818,269,258,7
132828,260,258,7
132838,262,258,7
132848,259,258,7
132858,261,258,7
132869,258,258,7
132879,258,258,7
132889,258,258,7
132899,258,258,7
132909,259,258,7
132920,260,258,7
132930,257,258,7
132940,259,258,7
132950,259,258,7
132960,259,258,7
132970,260,258,7
132981,257,258,7
SIM
133001,676,665,6
133011,668,665,6
133021,668,665,6
133032,664,665,6
133042,667,665,6
133052,665,665,6
133062,666,665,5
133072,668,665,5
133082,665,665,5
133093,669,665,6
133103,666,665,6
133113,665,665,6
133123,668,665,6
133133,665,665,6
133144,668,665,6
133154,668,665,6
133164,667,665,6
133174,669,665,6
133184,670,665,6
133194,668,665,6
133205,668,665,6
133215,665,665,6
133225,669,665,6
133235,666,665,6
133245,667,665,6
133256,669,665,6
133266,665,665,6
133276,669,665,6
133286,667,665,6
133296,666,665,6
133307,670,665,6
133317,667,665,6
133327,668,665,6
133337,672,665,7
133347,667,665,7
133357,670,665,7
133368,666,665,7
133378,669,665,7
133388,671,665,7
133398,667,665,7
133408,670,665,7
133419,668,665,7
133429,669,665,8
133439,670,665,8
133449,666,665,8
133459,669,665,8
133470,668,665,8
133480,669,665,8
133490,671,665,8
133500,667,665,8
133510,670,666,7
133521,671,666,7
133531,667,666,7
133541,671,666,8
133551,668,666,8
133561,670,666,8
133571,669,666,8
133582,667,666,8
133592,670,666,8
133602,669,666,8
133612,669,666,8
133622,670,666,8
133633,667,666,8
133643,672,666,8
133653,668,666,8
133663,668,666,8
133673,671,666,8
133684,667,666,8
133694,670,666,8
133704,670,666,9
133714,668,666,9
133724,673,666,9
133734,667,666,9
133745,669,666,9
133755,671,666,9
133765,668,666,9
133775,671,666,9
133785,668,666,9
133796,669,666,9
133806,671,666,10
133816,667,666,10
133826,670,666,10
133836,670,666,10
133847,670,667,9
133857,672,667,9
133867,670,667,9
133877,672,667,9
133887,669,667,9
133898,668,667,8
133908,672,667,8
133918,668,667,8
133928,672,667,8
133938,670,667,8
133948,668,667,8
133959,671,667,8
133969,668,667,8
133979,669,667,7
133989,671,667,7
133999,669,667,7
134010,669,667,7
134020,669,668,6
134030,668,668,6
134040,671,668,6
134050,669,668,5
134060,671,668,5
134071,669,668,5
134081,668,668,5
134091,671,668,5
134101,669,668,4
134111,671,668,4
134122,673,668,4
134132,668,668,4
134142,672,668,4
134152,669,668,4
134162,669,668,4
134173,672,668,4
134183,668,668,4
134193,670,668,4
134203,670,668,4
134213,670,668,4
RIM
134234,337,323,29
134244,323,323,29
134254,326,323,29
134264,323,323,28
134274,324,324,27
134285,324,324,26
134295,324,324,25
134305,323,324,25
134315,322,324,24
134325,326,324,23
134335,322,324,22
134346,321,324,21
134356,324,324,20
134366,321,324,20
134376,325,324,19
134386,323,324,19
134397,325,324,18
134407,325,325,16
134417,322,325,15
134427,324,325,14
134437,325,325,13
134448,323,325,12
134458,324,325,12
134468,324,325,11
134478,325,325,10
134488,325,325,10
134499,323,325,9
134509,325,325,9
134519,324,325,8
134529,325,325,7
134539,325,325,7
134549,324,325,7
134560,326,325,7
134570,323,325,7
134580,324,326,5
134590,326,326,5
134600,322,326,5
134611,325,326,5
134621,327,326,5
134631,324,326,5
134641,325,326,5
134651,324,326,5
134661,326,326,5
134672,327,326,5
134682,324,326,5
134692,324,325,6
134702,325,325,6
134712,325,325,6
134723,325,325,6
134733,322,325,6
134743,326,325,6
134753,324,325,6
134763,322,325,6
134774,327,325,6
134784,324,325,6
134794,326,325,6
134804,325,325,5
134814,324,325,5
134824,325,325,5
134835,324,325,5
134845,326,325,5
134855,322,325,5
134865,327,325,5
134875,327,325,4
134886,325,325,4
134896,325,325,4
134906,325,325,4
134916,324,325,4
134926,326,325,4
134936,325,325,4
134947,325,325,4
134957,325,325,4
134967,324,325,4
134977,326,325,4
134987,326,325,3
134998,326,325,3
135008,324,325,3
135018,327,325,3
135028,329,325,3
135038,327,325,3
135049,324,325,3
135059,325,325,3
135069,326,325,3
135079,324,325,3
135089,328,325,3
135099,325,325,3
135110,325,325,3
135120,326,325,3
135130,326,325,3
135140,325,324,4
135150,323,324,4
135161,326,324,4
135171,326,324,4
135181,324,324,4
135191,326,324,4
135201,326,324,4
135211,326,324,4
135222,327,324,4
135232,324,324,4
135242,325,324,4
135252,326,324,4
135262,327,325,3
135273,326,324,4
135283,325,324,4
135293,326,324,4
135303,322,324,4
135313,325,324,4
135324,327,324,4
135334,324,324,4
135344,324,324,4
135354,327,324,4
135364,325,324,4
135374,323,324,4
135385,324,324,4
135395,324,324,4
135405,327,324,4
135415,323,324,4
135425,328,324,4
135436,327,324,4
135446,324,324,4
OSM
135467,256,258,7
135477,260,258,7
135487,260,258,7
135497,256,258,7
135507,259,258,7
135518,258,258,7
135528,260,258,7
135538,260,258,7
135548,257,258,7
135558,260,258,7
135569,258,258,7
135579,258,258,7
135589,258,258,7
135599,258,258,7
135609,259,258,7
135620,259,258,7
135630,259,258,7
135640,259,258,7
135650,259,258,7
135660,260,258,7
135670,259,258,7
135681,257,258,7
135691,257,258,7
135701,258,258,7
135711,250,258,7
135721,258,258,7
135732,259,258,7
135742,260,258,7
135752,260,258,7
135762,256,258,7
135772,260,258,7
135783,258,258,7
135793,260,258,7
135803,259,258,7
135813,257,258,7
135823,260,258,7
135833,260,258,7
135844,272,258,9
135854,260,258,9
135864,258,258,9
135874,262,258,9
135884,259,258,9
135895,257,258,9
135905,260,258,9
135915,259,258,9
135925,259,258,9
135935,260,258,9
135945,258,258,9
135956,260,258,9
135966,259,259,8
135976,256,258,9
135986,259,258,9
135996,259,258,9
136007,260,258,9
136017,259,258,9
136027,257,258,9
136037,259,259,7
136047,260,259,7
136058,260,259,7
136068,257,259,7
136078,259,259,7
136088,261,259,7
136098,257,258,7
136108,257,258,5
136119,258,258,5
136129,258,258,5
136139,260,258,5
136149,259,258,5
136159,259,258,5
136170,257,258,5
136180,259,258,5
136190,260,258,5
136200,258,258,5
136210,258,258,5
136220,256,258,5
136231,256,258,5
136241,259,258,5
136251,260,258,5
136261,261,258,5
136271,259,258,5
136282,258,258,5
136292,259,258,5
136302,261,258,5
136312,259,258,5
136322,261,258,5
136332,258,258,5
136343,261,258,5
136353,259,258,5
136363,256,258,5
136373,259,258,5
136383,259,258,5
136394,261,258,5
136404,260,258,5
136414,258,258,5
136424,261,258,5
136434,257,258,5
136445,256,258,5
136455,260,258,5
136465,260,258,5
136475,259,258,5
136485,258,258,5
136495,259,258,5
136506,260,258,5
136516,260,258,4
136526,260,258,4
136536,259,258,4
136546,256,258,4
136557,260,258,4
136567,260,258,4
136577,258,258,4
136587,257,258,4
136597,258,258,4
136607,270,258,5
136618,257,258,5
136628,259,258,5
136638,261,258,5
136648,257,258,5
136658,256,258,5
136669,259,258,5
136679,261,258,5
SIM
136699,675,668,4
136709,668,668,4
136719,667,668,4
136730,664,668,4
136740,670,668,4
136750,665,668,4
136760,667,668,4
136770,669,668,4
136781,668,668,4
136791,673,668,4
136801,671,669,3
136811,666,669,3
136821,668,669,3
136832,665,669,3
136842,669,669,3
136852,669,669,3
136862,666,669,3
136872,669,669,3
136882,666,668,4
136893,668,668,4
136903,669,669,3
136913,666,669,3
136923,670,669,3
136933,667,669,3
136944,668,669,3
136954,668,669,3
136964,667,669,3
136974,670,669,3
136984,667,669,3
136995,667,669,3
137005,670,669,3
137015,666,669,3
137025,669,669,3
137035,669,669,3
137045,669,669,3
137056,670,669,3
137066,668,669,3
137076,670,669,3
137086,668,669,3
137096,667,669,3
137107,672,669,3
137117,667,669,3
137127,669,669,3
137137,669,669,3
137147,669,669,3
137158,668,669,3
137168,668,669,3
137178,668,669,3
137188,671,669,3
137198,671,669,3
137208,670,669,3
137219,669,669,3
137229,669,669,3
137239,670,669,3
137249,667,669,3
137259,670,669,3
137270,670,669,3
137280,668,669,3
137290,671,669,3
137300,668,669,3
137310,670,669,3
137321,671,669,3
137331,666,669,3
137341,672,669,3
137351,669,669,3
137361,669,669,3
137371,672,669,3
137382,664,669,3
137392,671,669,3
137402,670,669,3
137412,668,669,3
137422,671,669,3
137433,668,669,3
137443,670,669,3
137453,669,669,3
137463,667,669,3
137473,671,669,3
137484,668,669,3
137494,671,669,3
137504,671,669,3
137514,667,669,3
137524,670,669,3
137534,670,669,3
137545,669,669,3
137555,671,669,3
137565,669,669,3
137575,672,669,3
137585,670,669,3
137596,669,669,3
137606,670,669,3
137616,667,669,3
137626,670,669,3
137636,670,669,3
137647,667,669,3
137657,671,669,3
137667,667,669,3
137677,669,669,3
137687,672,669,3
137697,668,669,3
137708,672,669,3
137718,671,669,3
137728,668,669,3
137738,671,669,3
137748,667,669,3
137759,672,669,3
137769,670,669,3
137779,666,669,3
137789,671,669,3
137799,669,669,3
137810,670,669,3
137820,671,669,3
137830,669,669,3
137840,671,669,3
137850,670,669,3
137860,671,669,3
137871,671,669,3
137881,667,669,3
137891,672,669,3
137901,670,669,3
137911,668,669,3
RIM
137932,339,324,4
137942,327,324,4
137952,324,324,4
137962,322,324,4
137972,324,324,4
137983,318,324,5
137993,324,324,5
138003,326,324,5
138013,322,324,5
138023,325,324,5
138034,322,324,5
138044,328,324,5
138054,326,324,5
138064,323,324,5
138074,324,324,5
138084,324,324,5
138095,324,324,5
138105,327,325,4
138115,324,325,4
138125,323,325,4
138135,323,324,5
138146,325,325,4
138156,325,325,4
138166,322,325,4
138176,326,325,4
138186,325,325,4
138196,322,325,4
138207,325,325,4
138217,324,325,4
138227,325,325,4
138237,324,324,5
138247,323,324,5
138258,325,324,5
138268,326,325,4
138278,323,324,5
138288,325,324,5
138298,323,324,5
138309,325,324,5
138319,323,324,5
138329,323,324,5
138339,327,324,5
138349,324,324,5
138359,325,324,5
138370,325,324,5
138380,321,324,5
138390,327,324,5
138400,323,324,5
138410,325,324,5
138421,331,324,5
138431,323,324,5
138441,325,324,5
138451,326,324,5
138461,326,325,4
138471,327,325,4
138482,325,325,4
138492,325,325,4
138502,325,325,4
138512,324,325,4
138522,327,325,4
138533,325,325,4
138543,325,325,4
138553,326,325,4
138563,325,325,4
138573,327,325,4
138584,324,325,4
138594,324,325,4
138604,327,325,4
138614,325,325,4
138624,325,325,4
138634,324,325,4
138645,324,325,4
138655,327,325,4
138665,322,325,4
138675,325,325,4
138685,327,325,4
138696,324,325,4
138706,325,325,4
138716,325,325,4
138726,326,324,5
138736,324,324,5
138747,323,324,5
138757,326,324,5
138767,326,324,5
138777,326,324,5
138787,326,324,5
138797,324,324,5
138808,324,324,5
138818,326,324,5
138828,325,324,5
138838,324,324,5
138848,325,324,5
138859,326,324,5
138869,324,324,5
138879,325,324,5
138889,327,324,5
138899,325,324,5
138909,324,324,5
138920,324,324,5
138930,330,324,5
138940,326,324,5
138950,322,324,5
138960,325,324,5
138971,326,324,5
138981,324,324,5
138991,328,324,5
139001,324,324,5
139011,323,324,5
139022,326,324,5
139032,324,324,5
139042,326,324,5
139052,324,324,5
139062,325,324,5
139072,327,324,5
139083,326,324,5
139093,326,324,5
139103,324,324,5
139113,324,324,5
139123,327,324,5
139134,324,324,5
139144,325,324,5
OSM
139165,259,258,5
139175,259,258,5
139185,261,258,5
139195,258,258,5
139206,259,258,5
139216,256,258,5
139226,258,258,5
139236,261,258,5
139246,256,258,5
139256,260,258,5
139267,257,258,5
139277,258,258,5
139287,258,258,5
139297,258,258,5
139307,259,258,5
139318,262,258,6
139328,258,258,6
139338,257,258,6
139348,259,258,6
139358,256,258,6
139368,259,258,6
139379,258,258,6
139389,262,258,6
139399,258,258,6
139409,257,258,5
139419,258,258,5
139430,259,258,5
139440,261,258,5
139450,258,258,5
139460,257,258,5
139470,260,258,5
139480,257,258,5
139491,271,259,5
139501,258,259,5
139511,258,259,5
139521,259,259,5
139531,255,259,5
139542,258,258,5
139552,261,258,5
139562,258,258,5
139572,258,258,5
139582,259,258,5
139593,261,258,5
139603,259,258,5
139613,257,258,5
139623,259,258,5
139633,262,258,5
139643,258,258,5
139654,258,258,5
139664,259,258,5
139674,259,258,5
139684,258,258,5
139694,260,258,5
139705,259,258,5
139715,257,258,5
139725,260,258,5
139735,261,258,5
139745,258,258,5
139756,257,258,5
139766,257,258,5
139776,259,258,5
139786,262,258,5
139796,258,258,5
139806,257,258,5
139817,257,258,5
139827,259,258,5
139837,261,258,5
139847,258,258,5
139857,259,258,5
139868,258,258,5
139878,257,258,5
139888,260,258,5
139898,258,258,5
139908,257,258,5
139918,260,258,5
139929,259,258,5
139939,258,258,5
139949,258,258,5
139959,257,258,5
139969,260,258,5
139980,259,258,5
139990,258,258,5
140000,257,258,5
140010,259,258,5
140020,262,258,5
140030,258,258,5
140041,260,258,5
140051,257,258,5
140061,258,258,5
140071,262,258,5
140081,257,258,5
140092,258,258,5
140102,259,258,5
140112,258,258,5
140122,262,258,5
140132,261,258,5
140143,258,258,5
140153,258,258,5
140163,258,258,5
140173,261,258,5
140183,259,258,5
140193,258,258,5
140204,258,258,5
140214,258,258,5
140224,260,258,5
140234,258,258,5
140244,259,258,5
140255,258,258,5
140265,258,258,5
140275,259,258,5
140285,260,258,5
140295,257,258,5
140305,259,258,4
140316,259,258,4
140326,258,258,4
140336,260,258,4
140346,260,258,4
140356,259,258,4
140367,257,258,4
140377,258,258,3
SIM
140397,674,669,3
140407,669,669,3
140417,666,669,3
140428,665,669,3
140438,668,669,3
140448,664,669,3
140458,667,669,3
140468,668,669,3
140479,666,668,4
140489,667,668,4
140499,665,668,4
140509,668,668,4
140519,669,668,4
140530,665,668,4
140540,668,668,4
140550,667,668,4
140560,668,668,4
140570,671,668,4
140580,667,668,4
140591,669,668,4
140601,672,668,4
140611,667,668,4
140621,670,668,4
140631,667,668,4
140642,671,669,3
140652,670,669,3
140662,667,669,3
140672,671,669,3
140682,671,669,3
140692,669,669,3
140703,671,669,3
140713,667,669,3
140723,672,669,3
140733,671,669,3
140743,669,669,3
140754,672,669,3
140764,668,669,3
140774,672,669,3
140784,669,669,3
140794,668,669,3
140805,672,669,3
140815,668,669,3
140825,672,669,3
140835,671,669,3
140845,665,669,4
140856,671,669,4
140866,668,669,4
140876,671,669,4
140886,672,669,4
140896,667,669,4
140906,672,669,4
140917,669,669,4
140927,669,669,4
140937,672,669,4
140947,667,669,4
140957,671,669,4
140968,669,669,4
140978,669,669,4
140988,673,669,4
140998,668,669,4
141008,670,669,4
141019,671,669,4
141029,667,669,4
141039,671,669,4
141049,668,669,4
141059,671,669,4
141069,671,669,4
141080,667,669,4
141090,672,669,4
141100,670,669,4
141110,668,669,4
141120,672,669,4
141131,667,669,4
141141,671,669,4
141151,670,669,4
141161,669,669,4
141171,671,669,4
141182,667,669,4
141192,675,669,4
141202,671,669,4
141212,667,669,4
141222,672,669,4
141232,668,669,4
141243,669,669,4
141253,671,669,4
141263,667,669,4
141273,671,669,4
141283,671,669,4
141294,669,669,4
141304,672,669,4
141314,668,669,4
141324,672,669,4
141334,670,669,4
141345,670,669,4
141355,672,669,4
141365,669,669,4
141375,671,669,4
141385,672,669,4
141395,670,669,4
141406,673,669,4
141416,668,669,4
141426,670,669,4
141436,674,669,5
141446,667,669,5
141457,671,669,4
141467,669,669,4
141477,670,669,4
141487,672,669,4
141497,668,669,4
141508,671,669,4
141518,671,669,4
141528,669,669,4
141538,673,669,5
141548,668,669,5
141558,672,669,5
141569,672,669,5
141579,667,669,5
141589,673,669,5
141599,670,669,5
141609,670,669,5
RIM
141630,342,324,6
141640,328,324,6
141650,324,324,6
141660,325,324,6
141670,327,325,5
141681,325,325,4
141691,326,325,4
141701,327,325,4
141711,326,325,4
141721,326,325,4
141732,322,325,4
141742,325,325,4
141752,327,325,4
141762,324,325,4
141772,325,325,4
141782,325,325,4
141793,327,325,4
141803,326,325,4
141813,324,325,4
141823,326,325,4
141833,329,325,4
141844,324,325,4
141854,327,325,4
141864,323,325,4
141874,325,325,4
141884,325,325,4
141895,325,325,4
141905,326,325,4
141915,326,325,4
141925,325,325,4
141935,326,325,4
141945,325,325,4
141956,327,325,4
141966,327,325,4
141976,326,325,4
141986,325,325,4
141996,325,325,4
142007,328,325,4
142017,325,325,4
142027,324,325,4
142037,327,325,4
142047,325,325,4
142057,327,325,4
142068,328,325,4
142078,326,325,4
142088,326,325,4
142098,325,325,4
142108,328,325,4
142119,326,325,4
142129,327,325,4
142139,327,325,4
142149,325,325,4
142159,324,325,4
142169,327,325,4
142180,323,325,4
142190,328,325,4
142200,326,325,4
142210,324,325,4
142220,328,325,4
142231,323,325,4
142241,326,325,4
142251,325,325,4
142261,329,325,4
142271,329,325,4
142282,324,325,4
142292,325,325,4
142302,326,325,4
142312,326,325,4
142322,327,325,4
142332,325,325,4
142343,325,325,4
142353,326,325,4
142363,326,325,4
142373,327,325,4
142383,324,325,4
142394,327,325,4
142404,328,325,4
142414,326,325,4
142424,326,325,4
142434,326,325,4
142444,327,325,4
142455,329,325,5
142465,324,325,5
142475,326,325,5
142485,329,325,5
142495,324,325,5
142506,328,325,5
142516,325,325,5
142526,324,325,5
142536,326,325,5
142546,326,325,5
142557,326,325,5
142567,326,325,5
142577,326,325,5
142587,326,325,5
142597,325,325,5
142607,327,325,5
142618,327,325,5
142628,325,325,5
142638,327,325,5
142648,327,325,5
142658,327,325,5
142669,326,325,5
142679,324,325,5
142689,328,325,5
142699,327,325,5
142709,325,325,5
142719,326,325,5
142730,327,326,4
142740,327,326,4
142750,327,326,4
142760,324,326,4
142770,327,326,4
142781,327,326,4
142791,327,326,4
142801,328,326,4
142811,325,326,4
142821,327,326,4
142832,327,326,4
142842,327,326,4
OSM
142863,255,258,4
142873,260,258,4
142883,261,258,4
142893,259,258,4
142903,258,258,4
142914,256,258,4
142924,259,258,4
142934,261,258,4
142944,258,258,4
