Polling for available serial device...
Opening serial monitor for com port: "/dev/ttyACM0"
Serial monitor opened successfully:
664310,818,812,53
664320,813,812,51
664331,818,813,45
664341,818,813,45
664351,815,813,43
664361,818,813,41
664371,811,813,39
664382,817,814,35
664392,819,814,33
664402,812,814,31
664412,817,814,28
664422,813,815,26
664432,814,815,21
664443,818,815,20
664453,812,815,18
664463,817,815,13
664473,813,816,10
RIM
664493,768,752,82
664504,757,752,82
664514,763,753,79
664524,762,753,78
664534,757,754,73
664544,760,754,70
664555,756,754,66
664565,762,755,62
664575,760,755,57
664585,755,755,51
664595,759,756,45
664605,759,756,41
664616,759,756,36
664626,759,757,34
664636,756,757,31
664646,758,757,28
664656,758,757,27
664667,759,757,23
664677,761,758,20
664687,756,758,18
664697,756,758,15
664707,759,758,13
664717,758,758,10
664728,761,759,7
664738,754,759,7
664748,757,759,6
664758,761,759,6
664768,756,759,6
664779,757,759,6
664789,756,759,6
664799,759,759,6
664809,761,759,6
664819,754,759,7
664829,758,759,7
664840,759,759,7
664850,757,759,7
664860,759,759,7
664870,755,759,7
664880,761,759,7
664890,759,759,7
664901,756,759,7
664911,758,758,8
664921,755,758,8
664931,760,758,8
664941,759,758,7
664952,754,758,7
664962,759,758,7
664972,758,758,7
664982,757,758,7
664992,759,758,7
665002,757,758,7
665013,760,758,7
665023,757,758,7
665033,755,758,7
665043,760,758,7
665053,756,758,7
665064,759,758,7
665074,757,758,6
665084,756,758,6
665094,760,758,6
OSM
665115,545,542,2
665125,545,542,2
665135,547,542,3
665145,545,543,2
665155,544,543,2
665166,543,543,2
665176,545,543,2
665186,544,543,2
665196,543,543,2
665206,544,543,2
665217,544,543,2
665227,545,543,2
665237,542,543,2
665247,544,543,2
665257,545,543,2
665267,544,543,2
665278,543,543,2
665288,544,543,2
665298,545,543,2
665308,545,543,2
665318,541,543,2
665328,545,543,2
665339,544,543,2
665349,544,543,2
665359,546,543,2
665369,542,543,2
665379,545,543,2
665390,544,543,2
665400,544,543,2
665410,544,543,2
665420,543,543,2
665430,545,543,2
665440,546,543,2
665451,542,543,2
665461,545,543,2
665471,543,543,2
665481,544,543,2
665491,545,543,2
665502,543,543,2
665512,545,543,2
665522,544,543,2
665532,545,543,2
665542,545,543,2
665552,543,543,2
665563,545,543,2
665573,545,543,2
665583,544,543,2
665593,547,543,2
665603,544,543,2
665613,543,544,1
665624,544,544,1
665634,543,544,1
665644,546,544,1
665654,543,544,1
665664,544,544,1
665675,545,544,1
665685,545,544,1
665695,545,544,1
665705,544,544,1
665715,543,544,1
SIM
665736,824,815,7
665746,817,815,7
665756,813,815,7
665766,811,815,7
665776,814,815,7
665786,810,815,8
665797,815,815,7
665807,812,815,7
665817,810,815,8
665827,814,815,8
665837,811,815,8
665847,814,815,8
665858,813,815,8
665868,809,815,8
665878,814,815,8
665888,810,815,9
665898,813,815,9
665909,814,814,9
665919,808,814,10
665929,814,814,10
665939,812,814,9
665949,812,814,10
665959,814,814,9
665970,808,814,9
665980,813,814,9
665990,812,814,9
666000,813,814,9
666010,814,814,9
666021,810,814,9
666031,813,814,9
666041,814,814,9
666051,811,814,9
666061,814,813,10
666071,811,813,10
666082,811,813,10
666092,814,813,9
666102,811,813,9
666112,813,813,9
666122,810,813,9
666133,811,813,9
666143,814,813,8
666153,811,813,8
666163,813,813,8
666173,811,813,8
666183,812,813,8
666194,815,813,7
666204,810,813,7
666214,813,813,7
666224,812,812,8
666234,811,812,8
666245,815,812,7
666255,810,812,7
666265,811,812,7
666275,814,812,6
666285,810,812,6
666295,814,812,6
666306,810,812,6
666316,811,812,6
666326,813,812,5
666336,809,812,6
RIM
666357,768,758,6
666367,759,758,6
666377,761,758,5
666387,756,758,5
666397,759,758,5
666407,759,758,5
666418,757,758,5
666428,760,758,5
666438,755,758,5
666448,759,758,5
666458,761,758,5
666468,756,758,5
666479,759,758,5
666489,756,758,5
666499,759,758,5
666509,761,758,5
666519,754,758,5
666530,760,758,5
666540,759,758,5
666550,756,758,5
666560,759,758,5
666570,756,758,5
666580,760,758,5
666591,760,758,5
666601,754,758,5
666611,758,758,5
666621,758,758,5
666631,759,758,5
666641,757,758,5
666652,755,758,5
666662,761,758,5
666672,757,758,5
666682,755,758,5
666692,759,758,5
666703,757,758,5
666713,761,758,5
666723,756,758,5
666733,756,758,5
666743,761,758,5
666753,756,758,5
666764,756,758,5
666774,756,757,6
666784,757,758,5
666794,760,758,5
666804,755,757,6
666814,758,758,5
666825,760,758,5
666835,756,758,5
666845,758,758,5
666855,755,757,6
666865,759,757,6
666876,759,757,6
666886,754,757,6
666896,759,757,6
666906,759,757,6
666916,758,758,5
666926,757,757,6
666937,754,757,6
666947,760,757,6
666957,759,757,6
OSM
666978,548,544,1
666988,544,544,1
666998,546,544,1
667008,547,544,1
667018,543,544,1
667029,546,544,1
667039,546,544,1
667049,549,544,2
667059,545,544,2
667069,544,544,2
667080,547,544,2
667090,540,544,2
667100,544,544,2
667110,546,544,2
667120,545,544,2
667130,546,544,2
667141,545,544,2
667151,544,544,2
667161,547,544,2
667171,545,544,2
667181,545,544,2
667191,545,544,2
667202,545,544,2
667212,546,544,2
667222,542,544,2
667232,545,544,2
667242,546,544,2
667253,544,544,2
667263,544,544,2
667273,545,544,2
667283,546,544,2
667293,548,544,3
667303,543,544,3
667314,545,544,2
667324,548,544,3
667334,547,544,3
667344,547,544,3
667354,545,544,3
667364,549,545,2
667375,551,545,3
667385,551,545,3
667395,557,545,6
667405,556,545,8
667415,566,546,14
667426,575,546,28
667436,575,547,41
667446,580,547,59
667456,586,548,83
667466,586,549,106
667476,587,549,129
667487,587,550,151
667497,587,551,171
667507,587,551,193
667517,591,552,216
667527,589,553,236
667538,586,554,252
667548,587,554,268
667558,588,555,284
667568,587,556,298
667578,589,557,312
SIM
667599,827,812,7
667609,816,812,7
667619,810,812,7
667629,813,812,7
667639,809,812,7
667649,811,812,7
667660,814,812,7
667670,809,812,7
667680,813,812,7
667690,810,812,7
667700,811,812,7
667711,814,812,7
667721,809,812,7
667731,812,812,7
667741,811,812,7
667751,810,812,7
667761,814,812,7
667772,808,812,7
667782,809,812,7
667792,813,812,7
667802,809,812,7
667812,813,812,7
667823,810,811,8
667833,810,811,8
667843,813,811,8
667853,808,811,8
667863,812,811,8
667873,811,811,8
667884,811,811,8
667894,814,811,8
667904,808,811,8
667914,812,811,8
667924,811,811,8
667935,812,811,8
667945,815,811,8
667955,808,811,8
667965,811,811,8
667975,812,811,8
667985,811,811,8
667996,814,811,8
668006,808,811,8
668016,812,811,8
668026,813,811,8
668036,807,811,8
668046,812,811,8
668057,809,811,8
668067,810,811,8
668077,814,811,8
668087,808,811,8
668097,811,811,8
668108,810,811,8
668118,809,811,8
668128,811,811,8
668138,809,811,8
668148,811,811,8
668158,814,811,8
668169,809,811,8
668179,812,811,8
668189,808,811,8
668199,811,811,8
RIM
668219,764,757,5
668230,756,757,5
668240,754,757,5
668250,753,757,5
668260,753,757,5
668270,750,757,6
668281,755,757,6
668291,755,757,6
668301,750,757,7
668311,754,757,7
668321,751,756,8
668331,755,756,8
668342,756,756,8
668352,749,756,9
668362,755,756,9
668372,754,756,9
668382,753,756,9
668392,754,756,8
668403,750,756,9
668413,755,756,9
668423,753,756,9
668433,751,756,9
668443,755,756,9
668454,753,755,10
668464,754,755,10
668474,752,755,10
668484,750,755,10
668494,756,755,10
668504,752,755,10
668515,753,755,10
668525,750,755,10
668535,746,755,11
668545,754,755,11
668555,749,755,11
668566,749,754,13
668576,749,754,12
668586,746,754,13
668596,752,754,13
668606,749,754,13
668616,747,754,14
668627,749,753,15
668637,746,753,16
668647,752,753,15
668657,750,753,15
668667,745,753,16
668678,751,753,15
668688,749,753,15
668698,750,752,16
668708,750,752,15
668718,745,752,16
668728,750,752,15
668739,747,752,15
668749,750,752,15
668759,752,752,14
668769,744,751,15
668779,750,751,14
668790,749,751,14
668800,748,751,14
668810,749,751,12
668820,743,751,12
OSM
668841,591,557,330
668851,589,558,342
668861,590,559,356
668871,588,559,367
668881,589,560,376
668892,589,561,385
668902,587,562,391
668912,589,562,401
668922,589,563,406
668932,589,564,410
668943,590,564,416
668953,588,565,414
668963,593,566,417
668973,589,567,418
668983,589,567,418
668994,590,568,417
669004,587,569,413
669014,588,570,407
669024,589,570,404
669034,595,571,402
669044,590,572,395
669055,587,573,385
669065,588,573,376
669075,589,574,366
669085,589,575,351
669095,591,576,339
669106,593,576,328
669116,587,577,311
669126,588,578,293
669136,588,579,276
669146,590,579,260
669156,590,580,244
669167,589,581,221
669177,590,582,199
669187,589,582,181
669197,588,583,159
669207,589,584,137
669218,589,584,112
669228,591,585,90
669238,586,586,70
669248,588,586,50
669258,589,587,34
669268,587,587,18
669279,590,588,10
669289,587,588,7
669299,589,588,4
669309,591,588,3
669319,588,588,3
669330,589,588,3
669340,588,588,3
669350,591,588,3
669360,591,589,2
669370,587,589,2
669380,588,588,3
669391,589,588,3
669401,592,589,2
669411,589,589,2
669421,588,589,2
669431,589,589,2
669442,596,589,3
SIM
669462,825,811,7
669472,807,811,7
669482,809,811,7
669492,808,810,8
669503,804,810,9
669513,808,810,9
669523,806,810,9
669533,808,810,9
669543,808,810,9
669553,803,810,9
669564,809,810,9
669574,807,810,9
669584,806,810,10
669594,807,810,10
669604,804,810,10
669614,810,810,10
669625,808,810,10
669635,806,809,11
669645,810,809,11
669655,805,809,11
669665,807,809,11
669676,810,809,11
669686,804,809,11
669696,811,809,11
669706,806,809,11
669716,808,809,11
669727,812,809,11
669737,805,809,12
669747,811,809,12
669757,809,809,11
669767,807,809,11
669777,812,809,11
669788,807,809,11
669798,811,809,11
669808,809,809,10
669818,807,809,11
669828,811,809,11
669839,809,809,10
669849,810,809,10
669859,811,809,10
669869,806,809,10
669879,810,808,11
669889,810,808,11
669900,811,809,10
669910,811,808,11
669920,807,808,11
669930,811,808,11
669940,811,808,10
669951,810,808,10
669961,813,808,11
669971,806,808,11
669981,811,808,11
669991,813,808,11
670001,810,809,10
670012,812,809,10
670022,809,808,11
670032,809,808,11
670042,813,808,11
670052,808,808,11
670063,814,809,10
RIM
670083,769,751,15
670093,756,751,15
670103,750,751,15
670113,754,751,15
670124,749,751,15
670134,749,751,15
670144,756,751,15
670154,749,750,16
670164,753,751,15
670174,753,750,16
670185,747,750,16
670195,753,750,16
670205,750,750,15
670215,752,750,15
670225,754,750,15
670236,747,750,15
670246,752,750,15
670256,750,750,15
670266,752,750,15
670276,753,750,14
670286,747,750,14
670297,752,750,14
670307,751,750,14
670317,751,750,14
670327,754,750,14
670337,746,750,14
670348,751,750,14
670358,754,750,14
670368,750,750,14
670378,754,750,14
670388,750,750,14
670399,751,750,14
670409,752,750,13
670419,748,750,13
670429,754,750,14
670439,750,750,14
670449,749,750,13
670460,754,750,14
670470,750,750,14
670480,754,750,14
670490,752,750,14
670500,749,750,13
670510,753,750,14
670521,749,750,14
670531,752,750,13
670541,751,750,13
670551,747,750,13
670561,753,750,13
670572,750,750,13
670582,751,750,13
670592,751,751,12
670602,748,751,12
670612,753,751,12
670622,751,751,12
670633,751,751,11
670643,753,751,11
670653,748,751,11
670663,753,751,11
670673,752,751,11
670684,750,751,10
OSM
670705,592,589,3
670715,591,589,3
670725,591,589,3
670735,590,589,3
670746,593,589,3
670756,590,589,3
670766,590,589,3
670776,592,589,4
670786,591,589,4
670796,593,589,4
670807,590,589,4
670817,591,589,4
670827,593,589,4
670837,589,589,4
670847,592,589,4
670858,591,589,4
670868,589,589,4
670878,592,589,4
670888,591,589,4
670898,591,589,4
670908,591,589,4
670919,589,589,4
670929,593,589,4
670939,590,589,4
670949,590,589,4
670959,591,589,4
670969,589,589,4
670980,598,590,4
670990,591,590,4
671000,594,590,4
671010,592,590,4
671020,591,590,4
671031,592,590,4
671041,590,590,4
671051,590,590,4
671061,593,590,4
671071,590,590,4
671081,591,590,4
671092,593,590,4
671102,593,590,4
671112,592,590,4
671122,590,590,4
671132,590,590,4
671143,590,590,4
671153,592,590,4
671163,592,590,4
671173,590,590,4
671183,591,590,4
671193,593,591,3
671204,591,591,3
671214,591,591,3
671224,590,591,3
671234,591,591,3
671244,593,591,3
671254,590,591,2
671265,591,591,2
671275,592,591,2
671285,591,591,2
671295,593,591,2
671305,589,591,2
SIM
671326,829,809,13
671336,810,809,13
671346,814,809,13
671356,810,809,13
671366,810,809,13
671377,812,809,13
671387,808,809,13
671397,814,809,13
671407,811,809,13
671417,810,809,12
671427,812,809,13
671438,809,809,12
671448,812,809,12
671458,813,809,13
671468,809,810,11
671478,811,810,11
671489,807,810,11
671499,813,810,11
671509,812,810,11
671519,809,810,11
671529,812,810,11
671539,809,810,11
671550,809,810,10
671560,813,810,10
671570,808,810,10
671580,812,810,10
671590,810,810,10
671601,809,810,10
671611,813,810,10
671621,809,810,10
671631,812,810,10
671641,811,810,10
671652,808,810,10
671662,812,810,10
671672,809,810,10
671682,812,810,9
671692,813,810,10
671702,807,810,10
671713,811,810,10
671723,810,810,10
671733,812,810,10
671743,812,810,10
671753,807,810,10
671764,811,810,10
671774,810,810,10
671784,811,810,10
671794,814,811,9
671804,807,810,10
671814,812,810,10
671825,812,810,10
671835,811,811,9
671845,813,811,9
671855,807,810,10
671865,810,810,10
671876,812,810,10
671886,809,810,10
671896,813,811,9
671906,808,810,10
671916,810,810,10
671926,812,810,10
RIM
671947,764,751,8
671957,753,751,7
671967,752,751,7
671977,755,751,7
671987,748,751,7
671998,752,751,7
672008,751,751,7
672018,750,751,7
672028,751,751,7
672039,748,751,7
672049,752,751,7
672059,753,751,7
672069,748,751,7
672079,754,751,7
672090,750,751,7
672100,752,751,7
672110,750,751,7
672120,748,751,7
672130,754,751,7
672140,752,751,7
672151,747,751,7
672161,752,751,7
672171,750,751,7
672181,754,751,7
672191,753,751,7
672201,748,751,7
672212,751,751,7
672222,750,751,6
672232,753,751,7
672242,752,751,6
672252,748,751,7
672263,754,751,7
672273,750,751,7
672283,749,751,7
672293,752,751,6
672303,749,751,6
672313,753,751,6
672324,750,751,6
672334,750,751,6
672344,755,751,6
672354,749,751,7
672364,750,751,6
672374,751,751,6
672385,749,751,6
672395,754,751,7
672405,747,751,7
672415,750,751,7
672425,755,751,7
672436,750,751,7
672446,752,751,7
672456,749,751,7
672466,752,751,7
672476,754,751,7
672486,746,751,7
672497,753,751,7
672507,750,751,7
672517,751,751,7
672527,754,751,7
672537,749,751,7
672548,751,751,7
OSM
672569,591,591,2
672579,593,591,2
672589,592,591,2
672599,592,591,2
672609,592,591,2
672620,591,591,2
672630,594,591,2
672640,593,591,2
672650,591,591,2
672660,595,591,2
672671,592,591,2
672681,598,591,3
672691,592,591,3
672701,592,591,3
672711,594,591,3
672721,591,591,3
672732,592,591,3
672742,592,591,3
672752,592,591,3
672762,594,591,3
672772,590,591,3
672782,593,591,3
672793,595,591,3
672803,592,591,3
672813,592,591,3
672823,592,591,3
672833,593,592,2
672844,595,591,3
672854,590,591,3
672864,593,591,3
672874,594,591,3
672884,594,592,2
672894,593,592,2
672905,590,592,2
672915,593,592,2
672925,593,592,2
672935,592,592,2
672945,592,592,2
672955,597,592,2
672966,593,592,2
672976,593,592,2
672986,590,592,2
672996,593,592,2
673006,592,592,2
673017,594,592,2
673027,592,592,2
673037,591,592,2
673047,594,592,2
673057,590,592,2
673067,592,592,2
673078,593,592,2
673088,591,592,2
673098,592,592,2
673108,592,592,2
673118,591,592,2
673129,594,592,2
673139,591,592,2
673149,591,592,2
673159,593,592,2
673169,592,592,2
SIM
673190,823,810,6
673200,813,810,7
673210,814,810,7
673220,808,810,7
673230,812,810,7
673240,811,810,7
673251,811,810,7
673261,813,810,7
673271,806,810,7
673281,811,810,7
673291,811,810,7
673301,809,810,7
673312,814,810,7
673322,806,810,7
673332,811,810,7
673342,814,810,7
673352,807,810,7
673363,811,810,7
673373,808,810,7
673383,812,810,7
673393,813,810,7
673403,806,810,8
673413,812,810,8
673424,810,810,7
673434,811,810,7
673444,812,810,7
673454,807,810,8
673464,813,810,8
673475,813,810,8
673485,809,810,8
673495,812,810,8
673505,807,810,8
673515,812,810,8
673525,813,810,8
673536,809,810,8
673546,811,810,8
673556,807,810,8
673566,812,810,8
673576,814,810,8
673587,809,810,8
673597,812,810,8
673607,810,810,8
673617,812,810,8
673627,813,810,8
673637,809,810,8
673648,811,810,8
673658,812,810,8
673668,810,810,8
673678,812,810,8
673688,807,810,8
673698,812,810,8
673709,813,810,8
673719,808,810,8
673729,813,810,8
673739,808,810,8
673749,811,810,8
673760,813,810,8
673770,807,810,8
673780,812,810,8
673790,811,810,8
RIM
673810,761,751,6
673821,750,751,6
673831,754,751,6
673841,752,751,6
673851,747,751,6
673861,753,751,6
673871,750,751,6
673882,752,751,6
673892,751,751,6
673902,748,751,6
673912,754,751,6
673922,749,751,6
673933,750,751,6
673943,752,751,6
673953,751,751,6
673963,753,751,6
673973,748,751,6
673983,750,751,6
673994,755,751,6
674004,749,751,6
674014,750,751,6
674024,750,751,6
674034,752,751,6
674044,754,751,6
674055,747,751,6
674065,751,751,6
674075,754,751,6
674085,750,751,6
674095,754,751,6
674106,747,751,6
674116,749,751,6
674126,754,751,6
674136,750,751,6
674146,751,751,6
674156,748,751,6
674167,751,751,6
674177,754,751,6
674187,747,751,7
674197,751,751,7
674207,750,750,7
674217,751,751,6
674228,754,751,6
674238,747,751,7
674248,751,751,7
674258,754,751,7
674268,749,751,6
674279,752,751,6
674289,748,751,6
674299,752,751,6
674309,752,751,6
674319,746,750,8
