Polling for available serial device...
Opening serial monitor for com port: "/dev/ttyACM0"
Serial monitor opened successfully:
510931,447,449,3
510941,450,449,3
510951,451,449,3
510961,451,449,3
510971,449,449,3
510981,447,449,3
510992,452,449,3
511002,449,449,3
511012,449,449,3
511022,450,449,3
511032,448,449,3
511042,451,449,3
511053,448,449,3
511063,450,449,3
511073,451,449,3
511083,449,449,3
511093,450,449,3
511104,449,449,3
511114,449,449,3
511124,451,449,3
511134,448,449,3
511144,450,449,3
511154,450,449,3
511165,450,449,3
511175,450,449,2
SIM
511195,843,818,17
511205,831,818,20
511215,825,818,20
511226,830,819,22
511236,826,819,22
511246,826,819,23
511256,828,819,24
511266,824,819,25
511277,828,819,26
511287,825,819,26
511297,825,820,26
511307,829,820,27
511317,824,820,27
511327,829,820,28
511338,827,820,28
511348,825,820,29
511358,828,821,28
511368,823,821,28
511378,828,821,28
511389,827,821,29
511399,824,821,29
511409,828,821,29
511419,824,821,29
511429,827,822,28
511439,828,822,29
511450,824,822,29
511460,828,822,29
511470,825,822,29
511480,826,822,28
511490,829,822,28
511501,824,823,27
511511,827,823,26
511521,826,823,26
511531,824,823,25
511541,828,823,25
511551,825,823,24
511562,827,824,23
511572,828,824,22
511582,823,824,21
511592,828,824,21
511602,825,824,20
511613,827,824,19
511623,828,824,19
511633,823,825,17
511643,827,825,16
511653,825,825,15
511663,827,825,14
511674,827,825,13
511684,823,825,13
511694,827,825,12
511704,828,825,12
511714,825,826,10
511725,828,826,10
511735,822,826,10
511745,827,826,9
511755,829,826,9
511765,825,826,9
511775,829,826,9
511786,823,826,9
511796,826,826,8
RIM
511816,793,783,7
511826,788,783,7
511836,785,783,6
511847,783,783,6
511857,785,783,6
511867,781,783,6
511877,787,783,7
511887,783,783,6
511898,780,783,6
511908,785,783,7
511918,783,783,6
511928,784,783,6
511938,784,783,6
511948,779,783,6
511959,786,783,7
511969,782,783,7
511979,784,783,7
511989,783,783,7
511999,780,783,7
512010,786,783,7
512020,782,783,7
512030,781,783,7
512040,785,783,7
512050,781,783,7
512060,786,783,7
512071,781,783,7
512081,781,783,7
512091,787,783,7
512101,780,783,7
512111,785,783,7
512121,783,783,7
512132,780,783,7
512142,786,783,7
512152,782,783,7
512162,781,783,7
512172,784,783,7
512183,781,783,7
512193,785,783,7
512203,780,783,7
512213,782,783,7
512223,787,783,7
512233,781,783,7
512244,783,783,7
512254,782,783,7
512264,783,783,7
512274,787,783,7
512284,778,783,8
512295,783,783,7
512305,784,783,7
512315,782,783,7
512325,784,783,7
512335,779,783,7
512345,785,783,7
512356,785,783,7
512366,779,783,7
512376,785,783,7
512386,783,783,7
512396,784,783,7
512406,785,783,7
512417,779,783,7
OSM
512438,454,449,2
512448,449,449,2
512458,455,449,3
512468,449,449,3
512478,450,449,3
512489,451,449,3
512499,448,449,3
512509,451,449,3
512519,449,449,3
512529,449,449,3
512540,450,449,3
512550,449,449,3
512560,451,449,3
512570,448,449,3
512580,448,449,3
512590,454,449,3
512601,448,449,3
512611,450,449,3
512621,450,449,3
512631,450,449,3
512641,451,449,3
512651,448,449,3
512662,455,449,4
512672,451,449,4
512682,448,449,4
512692,450,449,4
512702,448,449,3
512713,451,449,3
512723,451,449,3
512733,447,449,3
512743,450,449,3
512753,450,449,3
512763,452,449,3
512774,449,449,3
512784,448,449,3
512794,451,449,3
512804,450,449,3
512814,447,449,3
512825,451,449,3
512835,451,449,3
512845,450,449,3
512855,449,449,3
512865,448,449,3
512875,451,449,3
512886,450,449,3
512896,448,449,3
512906,451,449,3
512916,448,449,3
512926,451,449,3
512936,447,449,3
512947,449,449,3
512957,451,449,3
512967,448,449,3
512977,451,449,3
512987,449,449,3
512998,450,449,3
513008,451,449,3
513018,449,449,3
513028,449,449,3
513038,455,449,4
SIM
513059,844,826,9
513069,827,826,9
513079,830,826,9
513089,827,826,9
513099,823,826,9
513109,829,826,9
513120,826,826,9
513130,827,826,9
513140,828,826,9
513150,823,826,9
513160,828,826,9
513171,826,826,9
513181,825,826,9
513191,828,826,9
513201,823,826,9
513211,829,826,9
513221,828,826,9
513232,825,826,9
513242,828,826,9
513252,824,826,9
513262,827,826,9
513272,829,826,9
513282,824,826,9
513293,827,826,9
513303,824,826,9
513313,828,826,9
513323,829,826,9
513333,823,826,9
513344,827,826,9
513354,826,826,9
513364,826,826,9
513374,827,826,9
513384,823,826,9
513394,827,826,9
513405,827,826,9
513415,825,826,9
513425,828,826,9
513435,823,826,9
513445,827,826,9
513456,828,826,9
513466,823,826,9
513476,827,826,9
513486,825,826,9
513496,828,826,9
513506,828,826,9
513517,823,826,9
513527,828,826,9
513537,826,826,9
513547,826,826,9
513557,830,826,9
513568,823,826,9
513578,827,826,9
513588,826,826,9
513598,826,826,9
513608,829,826,9
513618,823,826,9
513629,826,826,9
513639,828,826,9
513649,824,826,9
513659,828,826,9
RIM
513679,796,783,8
513690,786,783,8
513700,782,783,8
513710,785,783,8
513720,780,783,8
513730,782,783,8
513741,786,783,8
513751,780,783,8
513761,782,783,8
513771,783,783,8
513781,784,783,8
513791,786,783,8
513802,777,783,8
513812,784,783,8
513822,785,783,8
513832,781,783,8
513842,786,783,8
513852,780,783,8
513863,783,783,8
513873,787,783,8
513883,780,783,9
513893,782,783,8
513903,782,783,8
513914,783,783,8
513924,785,783,8
513934,779,783,8
513944,784,783,8
513954,784,783,8
513964,782,783,8
513975,784,783,8
513985,779,782,9
513995,786,783,8
514005,784,783,8
514015,779,782,9
514026,785,783,8
514036,782,783,8
514046,783,783,8
514056,782,783,8
514066,779,782,9
514076,786,783,8
514087,781,782,9
514097,782,782,9
514107,784,782,9
514117,782,782,9
514127,785,783,8
514137,782,782,9
514148,780,782,9
514158,787,783,8
514168,781,782,9
514178,783,783,8
514188,783,782,9
514199,783,783,8
514209,786,783,8
514219,778,782,9
514229,782,783,8
514239,786,783,8
514249,781,782,9
514260,782,782,9
514270,780,782,9
514280,784,782,9
OSM
514301,451,449,4
514311,451,449,4
514321,454,449,3
514331,454,450,3
514341,450,450,3
514352,448,449,4
514362,451,450,3
514372,451,450,3
514382,447,449,4
514392,451,450,3
514403,449,449,4
514413,451,450,3
514423,450,450,3
514433,448,450,3
514443,450,450,3
514453,450,449,4
514464,449,449,4
514474,450,449,4
514484,449,449,4
514494,450,449,4
514504,449,449,4
514514,448,449,4
514525,457,449,4
514535,449,449,4
514545,449,449,4
514555,449,449,4
514565,449,449,4
514576,452,449,4
514586,448,449,4
514596,450,449,4
514606,452,450,3
514616,450,450,3
514626,450,449,4
514637,448,449,4
514647,450,449,4
514657,454,450,3
514667,447,449,4
514677,450,450,3
514687,450,450,3
514698,449,449,4
514708,451,450,3
514718,447,449,4
514728,453,450,3
514738,450,450,3
514749,447,449,4
514759,450,450,3
514769,449,449,4
514779,450,450,3
514789,449,449,4
514799,449,450,3
514810,451,450,3
514820,450,450,3
514830,447,450,3
514840,450,450,3
514850,448,449,4
514861,451,450,3
514871,450,449,4
514881,447,449,4
514891,450,449,4
514901,449,449,4
SIM
514922,844,826,9
514932,827,826,9
514942,831,826,9
514952,823,826,9
514962,826,826,9
514972,828,826,9
514983,825,826,9
514993,829,826,9
515003,824,826,9
515013,826,826,9
515023,829,826,9
515033,824,826,9
515044,828,826,9
515054,824,826,9
515064,826,826,9
515074,829,826,9
515084,823,826,9
515095,828,826,9
515105,826,826,9
515115,824,826,9
515125,830,826,10
515135,823,826,10
515145,826,826,9
515156,828,826,9
515166,824,826,9
515176,829,826,10
515186,824,826,9
515196,826,826,9
515207,828,826,9
515217,825,826,9
515227,830,826,10
515237,824,826,10
515247,825,826,10
515257,830,826,10
515268,823,826,10
515278,828,826,10
515288,826,826,10
515298,824,826,10
515308,829,826,10
515319,824,826,10
515329,827,826,10
515339,827,826,10
515349,823,826,10
515359,830,826,10
515369,825,826,10
515380,827,826,10
515390,828,826,10
515400,822,826,10
515410,829,826,10
515420,826,826,10
515431,828,826,10
515441,828,826,10
515451,822,826,10
515461,828,826,10
515471,827,826,10
515481,825,826,10
515492,828,826,10
515502,822,826,10
515512,828,826,10
515522,829,826,11
RIM
515542,793,782,8
515553,782,782,7
515563,785,782,8
515573,785,782,8
515583,780,782,8
515593,784,782,8
515604,783,782,7
515614,784,782,7
515624,784,782,7
515634,778,782,8
515644,787,782,8
515654,783,782,8
515665,779,782,7
515675,785,782,8
515685,781,782,7
515695,785,782,8
515705,782,782,7
515715,780,782,7
515726,785,782,7
515736,781,782,7
515746,782,782,7
515756,784,782,7
515766,780,782,7
515777,784,782,7
515787,779,782,7
515797,782,782,7
515807,786,782,7
515817,781,782,7
515827,783,782,7
515838,781,782,7
515848,782,782,7
515858,785,782,7
515868,777,782,7
515878,784,782,7
515889,783,782,7
515899,782,782,7
515909,786,782,7
515919,778,782,8
515929,784,782,7
515939,786,782,7
515950,780,782,7
515960,784,782,8
515970,781,782,7
515980,784,782,8
515990,784,782,7
516000,778,782,8
516011,785,782,8
516021,783,782,7
516031,783,782,7
516041,784,782,7
516051,779,782,8
516062,786,782,8
516072,783,782,8
516082,780,782,7
516092,786,782,8
516102,781,782,7
516112,783,782,7
516123,784,782,7
516133,781,782,7
516143,787,782,8
OSM
516164,453,449,4
516174,451,449,4
516184,449,449,4
516194,451,449,3
516204,449,449,3
516215,449,449,3
516225,452,449,3
516235,449,449,3
516245,449,449,3
516255,449,449,3
516266,449,449,3
516276,452,449,3
516286,448,449,3
516296,449,449,3
516306,452,449,3
516316,449,449,3
516327,450,449,3
516337,450,449,3
516347,450,449,3
516357,451,449,3
516367,446,449,4
516377,452,449,4
516388,450,449,3
516398,450,449,3
516408,450,449,3
516418,449,449,3
516428,450,449,3
516439,451,449,3
516449,449,449,3
516459,451,449,3
516469,447,449,3
516479,451,449,3
516489,451,449,3
516500,448,449,3
516510,451,449,3
516520,450,449,2
516530,450,449,2
516540,449,449,2
516551,447,449,2
516561,451,449,2
516571,449,449,2
516581,449,449,2
516591,451,449,2
516601,449,449,2
516612,452,449,2
516622,449,449,2
516632,449,449,2
516642,452,449,2
516652,449,449,2
516662,448,449,2
516673,451,449,2
516683,449,449,2
516693,453,449,2
516703,448,449,2
516713,448,449,2
516724,451,449,2
516734,448,449,2
516744,451,449,2
516754,448,449,2
516764,449,449,2
SIM
516785,839,826,8
516795,831,826,8
516805,827,826,8
516815,825,826,8
516825,827,826,8
516835,823,826,8
516846,829,826,8
516856,827,826,8
516866,823,826,8
516876,829,826,8
516886,825,826,8
516896,827,826,8
516907,828,826,8
516917,823,826,8
516927,829,826,8
516937,826,826,8
516947,826,826,8
516958,829,826,8
516968,822,826,8
516978,829,826,8
516988,827,826,8
516998,827,826,8
517008,828,826,8
517019,821,826,8
517029,826,826,8
517039,829,826,8
517049,826,826,8
517059,828,826,8
517070,822,826,9
517080,827,826,9
517090,829,826,8
517100,824,826,8
517110,828,826,8
517120,823,826,8
517131,826,826,8
517141,830,826,8
517151,823,826,9
517161,827,826,8
517171,824,826,8
517182,825,826,8
517192,830,826,9
517202,824,826,9
517212,827,826,9
517222,826,826,8
517232,824,826,8
517243,829,826,8
517253,822,826,9
517263,827,826,8
517273,828,826,8
517283,824,826,8
517294,828,826,8
517304,825,826,8
517314,825,826,8
517324,828,826,8
517334,824,826,8
517344,827,826,8
517355,824,826,8
517365,826,826,8
517375,829,826,8
517385,824,826,8
RIM
517405,792,782,7
517416,781,782,7
517426,787,782,8
517436,782,782,8
517446,782,782,8
517456,784,782,8
517467,781,782,8
517477,786,782,8
517487,780,782,8
517497,782,782,7
517507,785,782,7
517517,781,782,7
517528,785,782,7
517538,781,782,7
517548,782,782,7
517558,786,782,7
517568,779,782,7
517578,783,782,7
517589,783,782,7
517599,781,782,7
517609,784,782,7
517619,778,782,7
517629,783,782,7
517640,785,782,7
517650,781,782,7
517660,783,782,7
517670,781,782,7
517680,784,782,7
517690,785,782,7
517701,778,782,7
517711,784,782,8
517721,782,782,7
517731,782,782,7
517741,783,782,7
517752,779,782,7
517762,785,782,7
517772,784,782,7
517782,780,782,7
517792,785,782,7
517802,779,782,7
517813,784,782,7
517823,785,782,7
517833,780,782,7
517843,784,782,7
517853,781,782,7
517863,783,782,7
517874,784,782,7
517884,778,782,7
517894,784,782,7
517904,783,782,7
517914,783,782,7
517925,783,782,6
517935,779,782,7
517945,785,782,7
517955,783,782,6
517965,779,782,6
517975,785,782,7
517986,782,782,7
517996,785,782,7
518006,783,782,6
OSM
518027,460,449,4
518037,450,449,4
518047,450,449,4
518057,451,449,4
518067,447,449,4
518078,450,449,4
518088,453,449,4
518098,449,449,4
518108,450,449,4
518118,448,449,4
518129,451,449,4
518139,451,449,4
518149,447,449,4
518159,450,449,4
518169,449,449,4
518179,450,449,4
518190,449,449,4
518200,448,449,4
518210,451,449,4
518220,449,449,4
518230,449,449,4
518240,451,449,4
518251,448,449,4
518261,451,449,4
518271,447,449,4
518281,449,449,4
518291,451,449,4
518302,448,449,4
518312,449,449,4
518322,449,449,4
518332,449,449,4
518342,452,449,4
518352,448,449,4
518363,449,449,4
518373,450,449,4
518383,450,449,4
518393,450,449,4
518403,447,449,4
518414,449,449,4
518424,451,449,4
518434,449,449,4
518444,451,449,4
518454,450,449,4
518464,451,449,4
518475,452,449,4
518485,447,449,4
518495,451,449,4
518505,450,449,4
518515,452,449,4
518525,449,449,4
518536,448,449,4
518546,451,449,4
518556,451,449,4
518566,447,449,4
518576,450,449,4
518587,450,449,4
518597,451,449,4
518607,449,449,4
518617,447,449,4
518627,452,449,4
SIM
518648,841,826,9
518658,831,826,9
518668,826,826,9
518678,829,826,9
518688,826,826,9
518698,825,826,9
518709,829,826,9
518719,824,826,9
518729,828,826,9
518739,826,826,9
518749,826,826,9
518760,830,826,9
518770,823,826,9
518780,826,826,9
518790,828,826,9
518800,825,826,9
518810,830,826,9
518821,825,826,9
518831,827,826,9
518841,828,826,8
518851,824,826,9
518861,829,826,9
518872,824,826,9
518882,825,826,8
518892,828,826,8
518902,824,826,8
518912,827,826,8
518922,826,826,8
518933,824,826,8
518943,828,826,8
518953,824,826,8
518963,828,826,8
518973,827,826,8
518983,822,826,8
518994,828,826,8
519004,825,826,8
519014,827,826,8
519024,826,826,8
519034,824,826,8
519045,830,826,8
519055,828,826,8
519065,827,826,8
519075,829,826,8
519085,823,826,8
519095,830,826,8
519106,828,826,8
519116,826,826,8
519126,829,826,8
519136,823,826,8
519146,827,826,8
519157,827,826,8
519167,825,826,8
519177,830,826,8
519187,824,826,8
519197,826,826,8
519207,829,826,8
519218,823,826,8
519228,827,826,8
519238,825,826,8
519248,826,826,8
RIM
519269,793,782,7
519279,787,782,7
519289,785,782,7
519299,782,782,7
519309,784,782,7
519319,779,782,7
519330,784,782,7
519340,786,782,7
519350,782,782,7
519360,784,782,7
519370,781,782,7
519381,785,782,7
519391,785,782,7
519401,778,782,7
519411,785,782,7
519421,783,782,7
519431,784,782,7
519442,784,782,7
519452,779,782,7
519462,787,782,8
519472,783,782,8
519482,779,782,7
519492,785,782,8
519503,782,782,7
519513,785,782,8
519523,783,782,8
519533,779,782,8
519543,786,782,8
519554,781,782,8
519564,782,782,8
519574,784,782,8
519584,781,782,8
519594,787,783,7
519604,781,783,7
519615,781,783,7
519625,785,783,7
519635,780,782,8
519645,785,783,7
519655,782,783,7
519665,783,783,6
519676,787,783,7
519686,779,783,7
519696,783,783,7
519706,784,783,7
519716,783,783,7
519727,784,783,7
519737,780,783,7
519747,785,783,7
519757,785,783,7
519767,777,783,7
519777,784,783,7
519788,780,783,7
519798,784,783,7
519808,785,783,7
519818,777,783,8
519828,783,783,7
519838,784,783,7
519849,783,783,7
519859,783,783,7
519869,779,783,8
OSM
519890,455,449,3
519900,449,449,3
519910,451,449,3
519920,449,449,3
519930,449,449,3
519941,451,449,3
519951,456,449,3
519961,451,449,3
519971,450,449,3
519981,449,449,3
519992,451,449,3
520002,448,449,3
520012,449,449,3
520022,450,449,3
520032,448,449,3
520042,452,449,3
520053,447,449,3
520063,453,449,4
520073,452,449,4
520083,449,449,4
520093,450,449,4
520103,447,449,4
520114,451,449,4
520124,452,449,4
520134,448,449,4
520144,450,449,4
520154,450,449,4
520165,450,449,4
520175,451,450,3
520185,447,449,4
520195,452,450,3
520205,450,449,4
520215,450,450,3
520226,449,450,3
520236,448,449,4
520246,450,449,4
520256,450,449,4
520266,448,450,3
520276,450,450,3
520287,452,450,3
520297,450,450,3
520307,449,450,3
520317,448,449,4
520327,452,450,3
520338,449,449,4
520348,449,449,4
520358,450,449,4
520368,450,449,4
520378,451,449,4
520388,453,450,3
520399,448,450,3
520409,450,450,3
520419,449,449,4
520429,451,450,3
520439,448,450,3
520450,450,450,3
520460,452,450,3
520470,456,450,3
520480,449,450,3
520490,454,450,3
SIM
520511,843,826,9
520521,827,826,9
520531,828,826,9
520541,828,826,9
520551,821,826,9
520561,829,826,9
520572,827,826,9
520582,826,826,9
520592,829,826,9
520602,824,826,9
520612,828,826,9
520623,827,826,9
520633,825,826,9
520643,828,826,9
520653,824,826,9
520663,831,826,9
520673,828,826,9
520684,824,826,9
520694,829,826,9
520704,824,826,9
520714,827,826,9
520724,828,826,9
520735,822,826,10
520745,827,826,10
520755,825,826,9
520765,827,826,9
520775,829,826,10
520785,824,826,10
520796,828,826,10
520806,827,826,10
520816,826,826,9
520826,828,826,9
520836,824,826,10
520846,827,826,9
520857,828,826,9
520867,824,826,9
520877,828,826,9
520887,822,826,10
520897,827,826,10
520908,828,826,9
520918,822,826,10
520928,828,826,10
520938,823,826,10
520948,826,826,10
520958,830,826,10
520969,823,826,10
520979,827,826,10
520989,825,826,9
520999,825,826,9
521009,831,826,10
521020,823,826,10
521030,827,826,10
521040,827,826,10
521050,823,826,10
521060,831,826,10
521070,823,826,10
521081,826,826,10
521091,827,826,10
521101,823,826,10
521111,830,826,10
RIM
521132,794,783,8
521142,786,783,8
521152,781,782,9
521162,785,782,9
521172,780,782,9
521182,780,782,9
521193,787,782,9
521203,780,782,9
521213,782,782,9
521223,783,782,9
521233,783,782,9
521243,787,782,9
521254,777,782,9
521264,782,782,9
521274,786,782,9
521284,780,782,9
521294,783,782,9
521305,780,782,9
521315,785,782,9
521325,785,782,9
521335,779,782,9
521345,785,782,9
521355,784,782,9
521366,783,782,9
521376,783,782,9
521386,779,782,9
521396,786,782,9
521406,784,782,9
521416,779,782,9
521427,784,782,9
521437,781,782,9
521447,785,782,9
521457,783,782,9
521467,779,782,9
521478,786,782,9
521488,781,782,9
521498,781,782,9
521508,783,782,9
521518,781,782,9
521528,786,782,9
521539,783,782,9
